0 0.273313 0.677063 0.069500 0.088875
0 0.062590 0.781104 0.125180 0.171236
0 0.365727 0.791292 0.079859 0.128972
0 0.300504 0.551236 0.023773 0.062861
0 0.359535 0.547104 0.039867 0.052681
0 0.425859 0.535500 0.038453 0.069611
0 0.391457 0.487833 0.029633 0.038250
0 0.454750 0.450986 0.018781 0.026861
0 0.431988 0.421042 0.018164 0.022861
0 0.403102 0.418681 0.018375 0.025417
0 0.462305 0.422493 0.016328 0.020681
0 0.561125 0.506708 0.027922 0.047472
0 0.651391 0.560764 0.062234 0.127194
0 0.785250 0.650549 0.070703 0.095569
0 0.620195 0.450250 0.023875 0.034306
0 0.575504 0.418604 0.017883 0.024819
0 0.579059 0.399660 0.015195 0.018292
0 0.564605 0.386806 0.012742 0.016111
0 0.531773 0.404667 0.015187 0.023083
0 0.525285 0.380701 0.012492 0.016125
