0 0.428566 0.389986 0.011273 0.016333
0 0.443520 0.486250 0.027367 0.036889
0 0.427734 0.539188 0.031875 0.050792
0 0.371496 0.525549 0.038492 0.049181
0 0.328793 0.506569 0.039102 0.049722
1 0.367586 0.454715 0.030672 0.044375
1 0.544871 0.375049 0.012930 0.026208
1 0.467582 0.361417 0.012336 0.022444
0 0.477434 0.378847 0.012117 0.019306
0 0.453207 0.389431 0.009602 0.015222
0 0.467828 0.404840 0.014203 0.020792
0 0.436816 0.409667 0.015664 0.024500
0 0.454984 0.442333 0.021094 0.031194
0 0.406113 0.415972 0.017758 0.024500
0 0.417496 0.443083 0.022977 0.030444
0 0.554496 0.400938 0.014617 0.021903
0 0.571520 0.391660 0.013992 0.019681
0 0.575801 0.437694 0.017961 0.027111
0 0.591566 0.422465 0.018586 0.024875
0 0.617254 0.444375 0.025273 0.039722
0 0.560973 0.517701 0.032164 0.058653
0 0.794715 0.842438 0.111727 0.179236
0 0.359824 0.788465 0.082320 0.123069
0 0.131582 0.932201 0.143430 0.135597
