0 0.890484 0.941111 0.125859 0.117778
0 0.559953 0.378639 0.011906 0.017500
0 0.343699 0.822792 0.087883 0.132583
0 0.575656 0.397972 0.012938 0.019167
0 0.538867 0.423403 0.016641 0.023194
0 0.548957 0.468806 0.025227 0.038750
0 0.438195 0.408236 0.014063 0.021944
0 0.457395 0.440750 0.018680 0.027806
0 0.548957 0.468806 0.025227 0.038750
0 0.538867 0.423403 0.016641 0.023194
1 0.421902 0.384653 0.021602 0.043444
1 0.628281 0.437160 0.056688 0.095931
1 0.026562 0.950986 0.053125 0.098028
0 0.343699 0.822792 0.087883 0.132583
0 0.890484 0.941111 0.125859 0.117778
0 0.410672 0.457882 0.024297 0.033542
0 0.575656 0.397972 0.012938 0.019167
0 0.418008 0.433819 0.018047 0.024861
0 0.670586 0.804931 0.081625 0.161250
0 0.241008 0.598410 0.056891 0.064486
0 0.346230 0.566069 0.043352 0.056000
0 0.438496 0.505694 0.024305 0.043889
0 0.371551 0.454250 0.024570 0.029028
0 0.530320 0.401889 0.016766 0.024806
0 0.402438 0.415993 0.016875 0.020875
1 0.026562 0.950986 0.053125 0.098028
1 0.628281 0.437160 0.056688 0.095931
1 0.421902 0.384653 0.021602 0.043444
0 0.559953 0.378639 0.011906 0.017500
0 0.447086 0.390632 0.012797 0.016264
0 0.447086 0.390632 0.012797 0.016264
0 0.402438 0.415993 0.016875 0.020875
0 0.530320 0.401889 0.016766 0.024806
0 0.438195 0.408236 0.014063 0.021944
0 0.457395 0.440750 0.018680 0.027806
0 0.410672 0.457882 0.024297 0.033542
0 0.371551 0.454250 0.024570 0.029028
0 0.438496 0.505694 0.024305 0.043889
0 0.346230 0.566069 0.043352 0.056000
0 0.241008 0.598410 0.056891 0.064486
0 0.670586 0.804931 0.081625 0.161250
0 0.418008 0.433819 0.018047 0.024861
