0 0.446465 0.397778 0.011430 0.018250
0 0.523098 0.379236 0.010695 0.017278
0 0.451711 0.452313 0.020062 0.031931
0 0.400316 0.422618 0.017820 0.023042
0 0.397457 0.470194 0.025852 0.038361
0 0.356031 0.473639 0.026281 0.035556
0 0.422297 0.559840 0.043391 0.067181
0 0.361266 0.544167 0.040031 0.054750
0 0.564828 0.379778 0.010734 0.019500
0 0.258949 0.575215 0.063836 0.085097
0 0.559461 0.417104 0.016328 0.025292
0 0.545000 0.463764 0.023328 0.034833
0 0.532801 0.417813 0.016102 0.019903
0 0.364055 0.791972 0.077797 0.118250
0 0.087500 0.786424 0.132063 0.132431
0 0.101133 0.951493 0.163000 0.097014
0 0.464738 0.403847 0.015164 0.022472
0 0.431414 0.423493 0.017266 0.024875
