0 0.596934 0.649076 0.051602 0.073819
0 0.656711 0.599556 0.052000 0.078833
0 0.430926 0.418590 0.018227 0.026597
0 0.397457 0.424167 0.019242 0.024528
0 0.302551 0.534139 0.045023 0.056000
0 0.349418 0.561639 0.045023 0.053083
0 0.354781 0.471021 0.033828 0.046042
0 0.408785 0.456715 0.025195 0.032347
0 0.451012 0.457125 0.022867 0.038167
0 0.433980 0.513319 0.028461 0.043556
0 0.411937 0.587347 0.038031 0.057222
0 0.547746 0.388708 0.012055 0.016583
0 0.542945 0.456688 0.024109 0.036292
0 0.561512 0.413833 0.014586 0.022472
0 0.580078 0.407090 0.015938 0.020736
0 0.598934 0.417465 0.020992 0.039403
