0 0.687121 0.534500 0.041914 0.055694
0 0.606691 0.481812 0.039164 0.081542
0 0.600801 0.425056 0.019758 0.028222
0 0.545770 0.453278 0.019758 0.033250
0 0.307777 0.950285 0.110773 0.099431
0 0.200359 0.801174 0.102656 0.121042
0 0.268059 0.591917 0.033023 0.079028
0 0.332359 0.594556 0.052672 0.068806
0 0.412590 0.581924 0.048992 0.088847
0 0.376719 0.513167 0.035000 0.042278
0 0.449352 0.472493 0.022797 0.036903
0 0.858824 0.915319 0.146477 0.169361
0 0.957059 0.903722 0.085883 0.189667
0 0.395027 0.426833 0.021805 0.029194
0 0.413520 0.404625 0.018133 0.025694
0 0.424543 0.432056 0.018617 0.025694
0 0.459090 0.430972 0.019602 0.021778
0 0.443871 0.397118 0.013273 0.018514
0 0.561977 0.402444 0.014969 0.021472
0 0.570988 0.390049 0.011570 0.018431
0 0.559848 0.379458 0.012086 0.019667
0 0.528375 0.390042 0.013781 0.019056
0 0.523270 0.372354 0.011055 0.015125
