0 0.464324 0.417264 0.017352 0.021417
0 0.667055 0.841937 0.095672 0.174597
0 0.426152 0.431063 0.019805 0.024319
0 0.413980 0.579500 0.041914 0.065472
0 0.566238 0.387319 0.011758 0.017778
0 0.452855 0.458826 0.022664 0.034486
0 0.390395 0.485674 0.028414 0.037014
0 0.363988 0.755007 0.074508 0.116653
0 0.323684 0.506188 0.034305 0.041819
1 0.146687 0.686597 0.106172 0.157139
1 0.255855 0.660493 0.114305 0.205014
1 0.774535 0.597729 0.183492 0.272014
0 0.580055 0.404569 0.015875 0.023000
0 0.611219 0.446382 0.021172 0.032403
0 0.548309 0.477215 0.027633 0.044958
0 0.578152 0.553312 0.036414 0.060958
0 0.417777 0.399861 0.015289 0.021944
0 0.395934 0.426521 0.018992 0.020319
