0 0.946621 0.900493 0.106758 0.199014
0 0.678977 0.521764 0.041625 0.057694
0 0.593605 0.479431 0.023992 0.039500
0 0.610891 0.443681 0.019750 0.026972
0 0.570320 0.430194 0.018344 0.025083
0 0.545977 0.446819 0.021875 0.030722
0 0.431328 0.501007 0.031750 0.043903
0 0.405926 0.467764 0.025398 0.033861
0 0.366766 0.459924 0.025406 0.031986
0 0.453727 0.442049 0.019406 0.030097
0 0.423211 0.427632 0.023984 0.045153
1 0.393016 0.405035 0.050625 0.083125
1 0.304695 0.486611 0.102156 0.152389
0 0.157566 0.706465 0.094398 0.093319
0 0.222664 0.780375 0.091891 0.120417
0 0.366187 0.751396 0.071547 0.109125
0 0.330840 0.597111 0.051648 0.065472
