0 0.419805 0.560076 0.038047 0.053764
0 0.321406 0.869215 0.095344 0.145708
0 0.302750 0.646076 0.062172 0.077375
0 0.267648 0.577222 0.050516 0.060333
0 0.458695 0.417417 0.016578 0.019806
0 0.430461 0.416042 0.016578 0.021639
0 0.407402 0.406826 0.021758 0.039153
0 0.376164 0.435431 0.020891 0.039139
0 0.409734 0.458972 0.024625 0.035806
0 0.368141 0.519646 0.042156 0.086875
0 0.446664 0.465604 0.023875 0.037125
0 0.580395 0.424486 0.018273 0.026528
0 0.616582 0.452007 0.022008 0.035153
0 0.560254 0.503410 0.033945 0.050403
0 0.615086 0.513681 0.029469 0.048417
0 0.698461 0.542528 0.044766 0.063667
1 0.330969 0.460993 0.079500 0.137514
0 0.668277 0.651611 0.095992 0.210528
0 0.846570 0.732049 0.089031 0.126653
0 0.535895 0.408215 0.014508 0.022569
1 0.098164 0.767021 0.196328 0.465542
