1 0.130383 0.668951 0.260766 0.381347
0 0.098977 0.957125 0.151297 0.085750
0 0.860938 0.736028 0.105469 0.158417
0 0.709105 0.676722 0.062367 0.111722
0 0.617551 0.685792 0.067133 0.126056
0 0.664121 0.508181 0.029508 0.048417
0 0.610219 0.454465 0.027641 0.033819
0 0.548668 0.442854 0.022414 0.033153
0 0.376906 0.686903 0.063047 0.099472
0 0.346945 0.570951 0.044453 0.061958
1 0.351582 0.443424 0.063117 0.118569
0 0.304516 0.534757 0.040406 0.054764
0 0.432742 0.514306 0.026422 0.045917
0 0.389844 0.482528 0.037609 0.069694
0 0.454762 0.443451 0.020508 0.029542
0 0.418273 0.439618 0.023531 0.030319
0 0.390426 0.424833 0.017914 0.035306
0 0.463285 0.407667 0.014414 0.019528
0 0.437199 0.406861 0.015492 0.021139
0 0.416969 0.401132 0.021766 0.037097
0 0.589309 0.414035 0.017617 0.026764
