0 0.850418 0.732701 0.099336 0.145681
1 0.236500 0.545007 0.161281 0.232208
0 0.068285 0.825681 0.120633 0.130306
0 0.256160 0.701903 0.112633 0.181194
0 0.330430 0.481014 0.032047 0.049750
0 0.371723 0.523062 0.034680 0.043819
0 0.382398 0.434826 0.032047 0.049736
0 0.436395 0.412319 0.017320 0.023694
0 0.428699 0.430681 0.018055 0.022500
0 0.407715 0.451410 0.021383 0.030792
0 0.460016 0.419431 0.020719 0.033167
0 0.450352 0.459694 0.021391 0.035528
0 0.344090 0.826854 0.082008 0.132653
0 0.421707 0.570438 0.034711 0.067514
0 0.546953 0.422389 0.028047 0.055667
0 0.703883 0.900403 0.116594 0.199194
0 0.592926 0.420611 0.020055 0.028417
0 0.619242 0.456146 0.026047 0.033153
0 0.696187 0.553861 0.045375 0.062778
