1 0.387980 0.463146 0.040602 0.077514
1 0.448629 0.361792 0.014039 0.022722
0 0.786164 0.654368 0.067844 0.095597
0 0.653719 0.494938 0.035359 0.048764
0 0.368410 0.696785 0.065414 0.113153
0 0.111656 0.943958 0.139344 0.112083
0 0.076945 0.810396 0.128562 0.133653
0 0.328559 0.588965 0.047867 0.065042
0 0.421039 0.548201 0.038344 0.055681
0 0.441742 0.484507 0.030281 0.038986
0 0.335328 0.485250 0.039281 0.062000
0 0.450164 0.450257 0.021469 0.030681
0 0.434211 0.417903 0.017109 0.023194
0 0.467352 0.410687 0.015813 0.023208
0 0.475039 0.390187 0.013484 0.017792
0 0.446902 0.394826 0.013195 0.019847
0 0.427973 0.391347 0.013055 0.018056
0 0.454301 0.382840 0.012039 0.015986
0 0.440305 0.377299 0.008703 0.014181
