0 0.404145 0.471035 0.028320 0.036542
0 0.118332 0.940194 0.153414 0.119611
1 0.392332 0.428299 0.023602 0.036014
0 0.542285 0.373819 0.009930 0.016028
0 0.436812 0.381382 0.011359 0.015903
0 0.447266 0.393417 0.013172 0.019333
0 0.473070 0.392229 0.012812 0.019986
0 0.419238 0.399868 0.014273 0.021958
0 0.431941 0.418118 0.018445 0.026292
0 0.461965 0.419049 0.015836 0.030625
0 0.454305 0.447979 0.020016 0.028458
0 0.366680 0.462118 0.030078 0.039208
0 0.446750 0.474153 0.023813 0.034750
0 0.422570 0.567306 0.045109 0.060306
0 0.303305 0.643333 0.060625 0.080194
0 0.059809 0.848632 0.119617 0.170014
1 0.310211 0.904507 0.132516 0.190986
0 0.530777 0.388819 0.013055 0.018250
0 0.570109 0.388514 0.010969 0.019500
0 0.594996 0.424403 0.019320 0.027528
1 0.558820 0.399299 0.019219 0.040097
0 0.583527 0.458819 0.025258 0.038500
0 0.640547 0.484479 0.031031 0.044903
0 0.645238 0.559222 0.039695 0.062222
0 0.711098 0.548958 0.051602 0.080194
