0 0.315727 0.946833 0.107859 0.106333
0 0.340234 0.575910 0.050391 0.066653
0 0.386250 0.489056 0.030094 0.047278
0 0.341863 0.488521 0.031727 0.040236
0 0.391684 0.429771 0.016523 0.023847
0 0.425563 0.433167 0.018813 0.026889
0 0.449078 0.463639 0.022172 0.032833
0 0.442695 0.403014 0.011422 0.019111
0 0.461203 0.409646 0.014781 0.023875
0 0.552203 0.403674 0.012094 0.022097
0 0.528695 0.403972 0.013438 0.017917
0 0.535949 0.436812 0.017133 0.029264
0 0.036590 0.903382 0.073180 0.155653
0 0.224582 0.617118 0.078602 0.105347
1 0.452047 0.377333 0.016719 0.032139
1 0.579922 0.425063 0.040828 0.091653
1 0.633762 0.443403 0.058086 0.106583
0 0.409770 0.602417 0.048367 0.085278
