0 0.467367 0.401792 0.015031 0.023028
1 0.409316 0.408625 0.019820 0.028333
1 0.586582 0.446854 0.031570 0.064153
1 0.399203 0.628090 0.060625 0.103931
0 0.798402 0.673278 0.081586 0.108083
0 0.690055 0.652486 0.066516 0.107167
0 0.101320 0.940389 0.150703 0.119222
0 0.234121 0.630819 0.052633 0.093028
0 0.302539 0.647660 0.061953 0.083931
0 0.363887 0.537306 0.037805 0.050500
0 0.444602 0.489785 0.027984 0.042319
0 0.390516 0.434833 0.024641 0.033417
0 0.421840 0.439104 0.021305 0.028597
0 0.456613 0.440215 0.017336 0.024125
0 0.460266 0.424250 0.015875 0.021167
0 0.648895 0.489465 0.031570 0.046514
0 0.539578 0.428778 0.018047 0.029944
0 0.588707 0.411632 0.016711 0.022653
0 0.442305 0.401424 0.015453 0.020792
0 0.554977 0.391764 0.012734 0.019306
0 0.566465 0.383597 0.012320 0.020056
0 0.556648 0.373389 0.011063 0.015972
0 0.526367 0.381931 0.013156 0.017444
0 0.522504 0.367264 0.010445 0.014861
0 0.477184 0.380812 0.011695 0.016708
0 0.454105 0.382299 0.011898 0.018181
0 0.430402 0.387868 0.013367 0.019681
