0 0.627051 0.525438 0.037289 0.060319
0 0.570445 0.431389 0.017469 0.028667
0 0.398668 0.415514 0.023789 0.034833
0 0.416582 0.445625 0.021555 0.028361
0 0.458852 0.430444 0.017078 0.023889
0 0.445418 0.459313 0.022117 0.034847
0 0.341699 0.491167 0.031914 0.034833
0 0.385652 0.499875 0.030789 0.037333
0 0.409629 0.596972 0.042227 0.066361
0 0.254949 0.702868 0.077602 0.103903
0 0.202879 0.653007 0.073570 0.079431
0 0.465430 0.411535 0.016797 0.015931
1 0.545250 0.368979 0.018813 0.048375
1 0.571285 0.377639 0.023852 0.051361
1 0.434902 0.400035 0.021836 0.045986
