0 0.543500 0.444854 0.019141 0.032486
0 0.412906 0.405229 0.020250 0.028431
0 0.599906 0.470910 0.037969 0.073181
0 0.409137 0.591722 0.054680 0.087278
0 0.424684 0.432958 0.019867 0.026556
0 0.259496 0.600549 0.038727 0.082764
0 0.325266 0.608799 0.053375 0.071931
0 0.374285 0.520368 0.035680 0.047708
0 0.448613 0.474729 0.023055 0.034292
0 0.394227 0.428833 0.023344 0.031194
0 0.458766 0.433479 0.017547 0.023986
0 0.461738 0.419944 0.015086 0.023722
0 0.431863 0.386167 0.013055 0.019083
0 0.443828 0.397896 0.013203 0.020375
0 0.468699 0.399187 0.014211 0.022431
0 0.456008 0.381396 0.012328 0.019847
0 0.477910 0.379208 0.010883 0.016500
0 0.522508 0.370590 0.010156 0.014958
0 0.528008 0.386840 0.014625 0.020431
0 0.558641 0.376167 0.011484 0.017639
0 0.569168 0.388229 0.012711 0.019486
0 0.559945 0.399215 0.015484 0.024125
0 0.597102 0.422271 0.019141 0.028153
0 0.297457 0.978368 0.109352 0.043264
0 0.177102 0.843500 0.116203 0.144361
0 0.919609 0.823181 0.132078 0.178611
0 0.787527 0.822403 0.112164 0.183222
0 0.674555 0.519062 0.038344 0.054792
