0 0.458680 0.380181 0.010219 0.014972
0 0.436125 0.382319 0.012625 0.016028
0 0.472664 0.393014 0.012328 0.020306
0 0.445750 0.397285 0.013234 0.022458
0 0.417328 0.400764 0.012938 0.018722
0 0.461387 0.421882 0.016242 0.031014
0 0.429508 0.421083 0.017437 0.028333
0 0.453414 0.452354 0.019547 0.028875
0 0.361543 0.465187 0.029477 0.037431
0 0.400184 0.476417 0.027367 0.037417
0 0.444395 0.482563 0.023758 0.035819
0 0.416656 0.587208 0.044172 0.065444
0 0.289555 0.671125 0.065391 0.090083
0 0.041176 0.906917 0.082352 0.185694
0 0.085266 0.984806 0.124969 0.030389
1 0.285813 0.944896 0.145922 0.110208
0 0.710375 0.969833 0.098156 0.060333
0 0.688906 0.525215 0.045109 0.070569
0 0.627195 0.529715 0.034281 0.056458
0 0.629359 0.471326 0.029953 0.041069
0 0.577031 0.445986 0.022734 0.034000
0 0.590926 0.417437 0.017320 0.024375
0 0.568191 0.384715 0.010102 0.019236
0 0.529754 0.386000 0.012633 0.019250
1 0.389191 0.430590 0.025258 0.035292
1 0.556102 0.394014 0.017687 0.039139
