0 0.682199 0.534903 0.044039 0.055667
0 0.660547 0.786590 0.088672 0.149236
0 0.812109 0.681771 0.086672 0.112514
0 0.614910 0.446674 0.021383 0.028431
0 0.590594 0.417653 0.016719 0.027250
0 0.546953 0.417653 0.028047 0.053306
0 0.418375 0.577542 0.037375 0.062778
0 0.450020 0.463250 0.022055 0.033167
0 0.460016 0.421799 0.020719 0.033153
0 0.407715 0.457326 0.021383 0.028431
0 0.428031 0.433049 0.020719 0.024875
0 0.435395 0.412917 0.013992 0.020139
0 0.369074 0.530167 0.041367 0.048556
0 0.379766 0.437785 0.029313 0.053292
0 0.327133 0.487535 0.034641 0.050931
0 0.335805 0.860611 0.091922 0.157528
0 0.239145 0.725611 0.117352 0.195444
0 0.054973 0.859431 0.109945 0.162250
1 0.227820 0.555639 0.170641 0.244000
