1 0.449078 0.362264 0.014219 0.023472
1 0.384684 0.467021 0.041977 0.080569
0 0.754691 0.616319 0.058461 0.080194
0 0.644031 0.484549 0.032578 0.046042
0 0.058508 0.846507 0.117016 0.151514
0 0.086586 0.973139 0.128406 0.053722
0 0.359891 0.723403 0.071094 0.120611
0 0.319969 0.602778 0.051625 0.066389
0 0.417828 0.557556 0.039844 0.061472
0 0.331121 0.489611 0.042352 0.065500
0 0.440367 0.490951 0.030281 0.041153
0 0.448633 0.453819 0.022797 0.031250
0 0.432531 0.420250 0.018453 0.024750
0 0.466656 0.411201 0.015516 0.023458
0 0.446207 0.396632 0.014648 0.021153
0 0.426047 0.392639 0.013484 0.017278
0 0.474703 0.391472 0.013344 0.017528
0 0.452980 0.383639 0.011117 0.015694
0 0.439648 0.378118 0.009281 0.014958
