0 0.581031 0.407583 0.015125 0.020389
0 0.544016 0.460278 0.024297 0.036639
0 0.666184 0.615500 0.051398 0.087194
0 0.602863 0.672833 0.052398 0.075250
0 0.301176 0.959806 0.113273 0.080389
0 0.563262 0.416042 0.013023 0.024194
0 0.413129 0.582111 0.037555 0.057722
0 0.435406 0.509917 0.028922 0.042722
0 0.548586 0.389604 0.013219 0.016931
0 0.352430 0.556118 0.043859 0.051014
0 0.305809 0.529833 0.045523 0.054722
0 0.354379 0.467194 0.034508 0.044639
0 0.409375 0.453806 0.026250 0.031111
0 0.451898 0.456104 0.022516 0.036292
0 0.400062 0.423618 0.017687 0.024542
0 0.431750 0.418431 0.017297 0.026611
0 0.600195 0.420021 0.021578 0.040431
