0 0.109656 0.743604 0.129156 0.157375
1 0.560715 0.395826 0.029164 0.068431
0 0.362164 0.762861 0.082234 0.144472
1 0.446797 0.385924 0.017500 0.036292
0 0.528160 0.404715 0.014289 0.020403
0 0.471477 0.397000 0.012875 0.017917
0 0.465039 0.408701 0.012875 0.017431
0 0.414043 0.400618 0.014914 0.024375
0 0.433188 0.415667 0.013703 0.020056
0 0.455562 0.424625 0.016531 0.027944
0 0.377160 0.447917 0.023383 0.025806
0 0.413840 0.451139 0.020961 0.027944
0 0.438633 0.497361 0.028625 0.043000
0 0.670219 0.603431 0.049984 0.074528
0 0.356840 0.536694 0.039664 0.060194
0 0.307262 0.528542 0.041117 0.050694
0 0.278961 0.683312 0.072563 0.093736
1 0.600254 0.407194 0.039273 0.073611
