0 0.356789 0.465743 0.033828 0.044236
0 0.432473 0.417313 0.017148 0.025681
0 0.452180 0.453681 0.024688 0.036972
0 0.310402 0.944681 0.110773 0.110639
0 0.611328 0.699396 0.058531 0.087708
0 0.675668 0.632750 0.053695 0.092028
0 0.601906 0.422542 0.020797 0.041806
0 0.581883 0.409583 0.017687 0.022111
0 0.564293 0.418917 0.014383 0.022806
0 0.546020 0.466778 0.024883 0.039750
0 0.549711 0.390743 0.013219 0.016931
0 0.566527 0.384521 0.012242 0.014875
0 0.399789 0.422229 0.017500 0.024542
0 0.415438 0.575646 0.035578 0.056681
0 0.435852 0.507563 0.027406 0.039403
0 0.354785 0.551799 0.042961 0.051847
0 0.410871 0.452646 0.023711 0.030764
0 0.308980 0.526806 0.043898 0.054611
