0 0.431695 0.428903 0.018719 0.028417
0 0.899719 0.793694 0.115328 0.161083
0 0.712176 0.572222 0.053367 0.068694
0 0.625902 0.460882 0.023383 0.037903
0 0.597922 0.424757 0.020719 0.031986
0 0.549621 0.425944 0.029383 0.053306
0 0.742191 0.973264 0.093273 0.053472
0 0.355414 0.795479 0.076672 0.129097
0 0.426703 0.560965 0.040703 0.060403
0 0.451020 0.456736 0.018727 0.031972
0 0.461012 0.418833 0.020055 0.029611
0 0.438395 0.409951 0.017320 0.018958
0 0.412375 0.450222 0.022719 0.030806
0 0.382434 0.431271 0.030648 0.049736
0 0.374453 0.519507 0.035937 0.053292
0 0.336426 0.478646 0.034711 0.045014
0 0.268121 0.678229 0.099367 0.164653
1 0.245156 0.536701 0.150625 0.222708
0 0.093262 0.791917 0.114648 0.126722
0 0.529004 0.401285 0.014398 0.018819
