0 0.408492 0.606792 0.050062 0.090611
0 0.152730 0.861653 0.172023 0.218444
0 0.065805 0.805021 0.125609 0.208736
0 0.361621 0.712785 0.072820 0.111653
0 0.312926 0.624597 0.055523 0.087389
0 0.255582 0.586569 0.068258 0.079278
0 0.368445 0.529125 0.042781 0.061500
0 0.698844 0.661007 0.071906 0.111653
0 0.868141 0.745951 0.108312 0.174764
0 0.579613 0.548542 0.040961 0.077667
0 0.663348 0.509708 0.037320 0.055028
0 0.605098 0.500000 0.035492 0.058250
0 0.447633 0.456313 0.026391 0.035597
0 0.422063 0.444340 0.022078 0.032958
0 0.386148 0.440417 0.020313 0.032444
0 0.461809 0.422097 0.015602 0.025111
0 0.435313 0.412681 0.021484 0.041861
0 0.446645 0.401167 0.010602 0.025111
0 0.472992 0.399861 0.017375 0.022500
0 0.451945 0.384160 0.012953 0.014125
0 0.460332 0.377875 0.008539 0.014139
0 0.466074 0.370813 0.008242 0.012569
0 0.477113 0.381014 0.011477 0.017278
0 0.482559 0.368042 0.012070 0.019361
0 0.540992 0.428639 0.020313 0.031917
0 0.557480 0.408493 0.017367 0.025125
0 0.581176 0.404306 0.017070 0.025111
0 0.525687 0.387819 0.011484 0.017278
0 0.543789 0.379187 0.010594 0.017792
0 0.556598 0.370292 0.008539 0.015694
0 0.521859 0.376042 0.012063 0.015694
0 0.538785 0.368722 0.010008 0.016750
1 0.340230 0.458736 0.081008 0.127833
1 0.403941 0.391590 0.044602 0.074431
1 0.439441 0.375410 0.017289 0.042069
