1 0.571387 0.376799 0.023852 0.049569
0 0.382242 0.501660 0.030563 0.038153
0 0.338969 0.493375 0.032656 0.036500
0 0.407934 0.605278 0.044227 0.070167
0 0.195824 0.662563 0.074914 0.084208
0 0.248062 0.718993 0.080625 0.113458
0 0.567559 0.430042 0.016570 0.027778
0 0.458770 0.432250 0.014383 0.022806
0 0.465547 0.413076 0.016719 0.018319
0 0.444461 0.460625 0.022938 0.033528
1 0.544680 0.368437 0.018813 0.050764
1 0.434500 0.400986 0.022844 0.044194
0 0.621883 0.515653 0.033922 0.056139
0 0.397809 0.415868 0.021773 0.032486
0 0.415789 0.446979 0.020406 0.025569
