0 0.053246 0.859153 0.106492 0.215472
0 0.223527 0.779896 0.096117 0.118875
0 0.932430 0.964285 0.125969 0.071431
0 0.618531 0.517194 0.033031 0.047778
0 0.432906 0.518500 0.033594 0.047278
0 0.367824 0.458785 0.025664 0.029042
0 0.406687 0.462361 0.023625 0.031917
0 0.411344 0.403083 0.017547 0.030000
0 0.431328 0.423118 0.017281 0.023514
0 0.454047 0.431472 0.019437 0.030250
0 0.464113 0.415486 0.016039 0.019028
0 0.312332 0.913472 0.124680 0.173056
0 0.525125 0.395354 0.013094 0.016569
0 0.470648 0.400514 0.013500 0.017278
0 0.283535 0.558813 0.048211 0.061875
1 0.443168 0.390889 0.017805 0.038222
1 0.587781 0.395667 0.031578 0.064500
0 0.335832 0.571007 0.046039 0.069875
1 0.554762 0.386056 0.023852 0.063889
