0 0.534961 0.418840 0.017391 0.024875
0 0.453348 0.442521 0.018055 0.027236
0 0.463344 0.410549 0.016719 0.027236
0 0.435027 0.424160 0.016055 0.021319
0 0.417039 0.443118 0.017391 0.030792
0 0.430367 0.524250 0.032047 0.048556
0 0.388063 0.497597 0.035375 0.042639
0 0.348754 0.462069 0.028711 0.040278
0 0.377727 0.705458 0.060016 0.095944
0 0.302129 0.617215 0.083320 0.135014
0 0.161555 0.711979 0.087328 0.101875
0 0.141215 0.925868 0.143992 0.148264
0 0.388707 0.425944 0.027414 0.048556
1 0.276125 0.510646 0.123344 0.189542
0 0.561945 0.449632 0.034047 0.069875
0 0.612246 0.446076 0.020055 0.036708
0 0.580227 0.405049 0.012703 0.018819
0 0.793457 0.670521 0.076023 0.097125
0 0.651555 0.492861 0.032047 0.042639
