1 0.313348 0.476451 0.095398 0.151375
0 0.729383 0.589736 0.052375 0.074083
0 0.648586 0.489465 0.027750 0.047042
0 0.604047 0.527264 0.055953 0.124222
0 0.545770 0.455535 0.027664 0.044764
0 0.440859 0.481236 0.026109 0.036472
0 0.406352 0.608618 0.043516 0.072403
0 0.400754 0.468799 0.027977 0.034819
0 0.349465 0.549486 0.051602 0.100028
0 0.235070 0.619944 0.058438 0.072944
0 0.260715 0.724111 0.076789 0.105556
0 0.401383 0.416354 0.024375 0.036069
0 0.456527 0.427847 0.017273 0.027667
0 0.425121 0.424785 0.018352 0.024597
0 0.367926 0.447417 0.020055 0.038417
0 0.598340 0.428333 0.015664 0.022556
1 0.064805 0.784375 0.129609 0.377889
