0 0.608887 0.443431 0.023289 0.030111
0 0.383035 0.493778 0.030055 0.040639
0 0.412648 0.454646 0.021547 0.030097
0 0.451809 0.445993 0.022898 0.038375
0 0.423465 0.431319 0.017773 0.024083
0 0.436164 0.510715 0.030484 0.044403
0 0.276887 0.537493 0.047758 0.069542
0 0.308895 0.630056 0.061977 0.075861
0 0.377066 0.756590 0.073148 0.120125
1 0.121750 0.713931 0.243500 0.456472
0 0.356328 0.464194 0.041031 0.056972
0 0.596695 0.629931 0.054609 0.081278
0 0.725941 0.599222 0.057570 0.082778
0 0.651008 0.488965 0.033016 0.044403
0 0.553219 0.469396 0.026250 0.038375
