0 0.439656 0.402014 0.013203 0.019722
0 0.428305 0.524847 0.031813 0.045056
0 0.425750 0.391389 0.012578 0.017639
0 0.577570 0.402333 0.013203 0.020000
0 0.467773 0.408681 0.014687 0.019722
0 0.405695 0.416097 0.016953 0.021389
0 0.433273 0.417833 0.017109 0.025694
0 0.599313 0.429778 0.018203 0.026667
0 0.456211 0.440708 0.017656 0.028611
0 0.406570 0.460729 0.025000 0.031542
0 0.453164 0.384931 0.010391 0.015972
0 0.428305 0.524847 0.031813 0.045056
0 0.651875 0.494625 0.030187 0.040000
0 0.581605 0.592840 0.048258 0.083986
0 0.229590 0.598653 0.077273 0.111083
0 0.318539 0.894021 0.099547 0.166264
0 0.401477 0.623472 0.052063 0.071944
0 0.450992 0.367042 0.009687 0.013472
0 0.459391 0.375097 0.007891 0.013472
0 0.482984 0.373986 0.009766 0.014861
0 0.401477 0.623472 0.052063 0.071944
0 0.347359 0.479708 0.029766 0.035000
1 0.920793 0.789285 0.158414 0.376292
1 0.314027 0.569889 0.074523 0.142639
0 0.482984 0.373986 0.009766 0.014861
0 0.679043 0.850604 0.096492 0.170681
0 0.459391 0.375097 0.007891 0.013472
0 0.450992 0.367042 0.009687 0.013472
0 0.318539 0.894021 0.099547 0.166264
0 0.679043 0.850604 0.096492 0.170681
0 0.439656 0.402014 0.013203 0.019722
0 0.229590 0.598653 0.077273 0.111083
0 0.581605 0.592840 0.048258 0.083986
0 0.651875 0.494625 0.030187 0.040000
0 0.453164 0.384931 0.010391 0.015972
0 0.347359 0.479708 0.029766 0.035000
0 0.406570 0.460729 0.025000 0.031542
0 0.456211 0.440708 0.017656 0.028611
0 0.599313 0.429778 0.018203 0.026667
0 0.433273 0.417833 0.017109 0.025694
0 0.405695 0.416097 0.016953 0.021389
0 0.467773 0.408681 0.014687 0.019722
0 0.577570 0.402333 0.013203 0.020000
0 0.425750 0.391389 0.012578 0.017639
0 0.428305 0.524847 0.031813 0.045056
0 0.425750 0.391389 0.012578 0.017639
0 0.577570 0.402333 0.013203 0.020000
0 0.467773 0.408681 0.014687 0.019722
0 0.405695 0.416097 0.016953 0.021389
0 0.433273 0.417833 0.017109 0.025694
0 0.599313 0.429778 0.018203 0.026667
0 0.406570 0.460729 0.025000 0.031542
0 0.453164 0.384931 0.010391 0.015972
0 0.428305 0.524847 0.031813 0.045056
0 0.651875 0.494625 0.030187 0.040000
0 0.581605 0.592840 0.048258 0.083986
0 0.229590 0.598653 0.077273 0.111083
0 0.439656 0.402014 0.013203 0.019722
0 0.318539 0.894021 0.099547 0.166264
0 0.401477 0.623472 0.052063 0.071944
0 0.450992 0.367042 0.009687 0.013472
0 0.459391 0.375097 0.007891 0.013472
0 0.482984 0.373986 0.009766 0.014861
0 0.401477 0.623472 0.052063 0.071944
0 0.347359 0.479708 0.029766 0.035000
1 0.920793 0.789285 0.158414 0.376292
1 0.314027 0.569889 0.074523 0.142639
0 0.482984 0.373986 0.009766 0.014861
0 0.679043 0.850604 0.096492 0.170681
0 0.459391 0.375097 0.007891 0.013472
0 0.450992 0.367042 0.009687 0.013472
0 0.318539 0.894021 0.099547 0.166264
0 0.679043 0.850604 0.096492 0.170681
0 0.439656 0.402014 0.013203 0.019722
0 0.229590 0.598653 0.077273 0.111083
0 0.581605 0.592840 0.048258 0.083986
0 0.651875 0.494625 0.030187 0.040000
0 0.453164 0.384931 0.010391 0.015972
0 0.347359 0.479708 0.029766 0.035000
0 0.406570 0.460729 0.025000 0.031542
0 0.456211 0.440708 0.017656 0.028611
0 0.599313 0.429778 0.018203 0.026667
0 0.433273 0.417833 0.017109 0.025694
0 0.405695 0.416097 0.016953 0.021389
0 0.467773 0.408681 0.014687 0.019722
0 0.577570 0.402333 0.013203 0.020000
0 0.425750 0.391389 0.012578 0.017639
0 0.456211 0.440708 0.017656 0.028611
