0 0.177609 0.871333 0.125375 0.156778
0 0.418742 0.435500 0.019437 0.025861
0 0.534586 0.424222 0.020516 0.032500
0 0.568883 0.465007 0.036984 0.084875
0 0.618316 0.451083 0.023914 0.033167
1 0.285570 0.498826 0.115672 0.173736
0 0.383508 0.677535 0.058578 0.092153
0 0.433480 0.515736 0.029508 0.048417
0 0.389836 0.489208 0.031000 0.036472
0 0.352906 0.460361 0.028016 0.046417
0 0.392441 0.421562 0.026523 0.043125
0 0.666059 0.508118 0.035102 0.054375
0 0.848660 0.744201 0.098148 0.128653
0 0.320418 0.597979 0.075211 0.120986
0 0.183652 0.681521 0.081055 0.087514
0 0.453805 0.437819 0.015703 0.025194
0 0.583820 0.409785 0.013469 0.019958
