0 0.436129 0.411257 0.014930 0.021153
0 0.724488 0.691278 0.068586 0.100028
1 0.606938 0.414604 0.040500 0.080347
1 0.564898 0.402340 0.029484 0.076042
1 0.448336 0.382896 0.018625 0.034847
0 0.417934 0.396951 0.013992 0.026542
0 0.417117 0.445687 0.020766 0.027764
0 0.382125 0.443194 0.022156 0.029444
0 0.473312 0.394549 0.012828 0.017625
0 0.456836 0.419389 0.014781 0.026778
0 0.545539 0.390472 0.008766 0.016722
0 0.525535 0.389278 0.013102 0.015528
0 0.529398 0.411972 0.012766 0.022694
0 0.441855 0.487222 0.027539 0.041194
0 0.366273 0.522750 0.034937 0.054944
0 0.318906 0.516181 0.036953 0.046583
0 0.302109 0.645479 0.063156 0.084208
0 0.381926 0.703465 0.071211 0.123014
0 0.466746 0.406299 0.011758 0.019708
