0 0.361859 0.528611 0.046734 0.089778
0 0.534594 0.402569 0.017875 0.024000
0 0.576770 0.416319 0.016320 0.029472
0 0.458266 0.422139 0.019766 0.023278
0 0.428422 0.419153 0.016781 0.023944
0 0.406414 0.409868 0.022016 0.042514
0 0.372656 0.437715 0.020141 0.037208
0 0.405668 0.462583 0.023508 0.039194
0 0.445023 0.472868 0.021641 0.034542
0 0.609156 0.441368 0.019391 0.031236
0 0.603750 0.490771 0.026484 0.039847
0 0.553203 0.481819 0.029094 0.048472
0 0.676859 0.520285 0.038422 0.061736
0 0.637508 0.587597 0.073109 0.160556
0 0.790754 0.660396 0.072039 0.106958
0 0.296055 0.930167 0.109578 0.138472
1 0.088348 0.768326 0.176695 0.434431
1 0.324004 0.460812 0.082695 0.137514
0 0.287461 0.672326 0.071984 0.094542
0 0.257914 0.592590 0.053719 0.074486
0 0.414227 0.576833 0.039750 0.065889
