0 0.542734 0.428479 0.020313 0.028014
0 0.878961 0.880965 0.242078 0.238069
1 0.346246 0.449125 0.072367 0.124083
1 0.123762 0.720368 0.247523 0.453931
0 0.384184 0.495417 0.037680 0.079639
0 0.584461 0.407979 0.018391 0.027181
0 0.414367 0.402389 0.022234 0.034917
0 0.434555 0.410431 0.015109 0.023444
0 0.460027 0.413111 0.015977 0.023444
0 0.385461 0.429743 0.018391 0.035958
0 0.416719 0.446035 0.022406 0.028736
0 0.598324 0.440382 0.024414 0.029542
0 0.645277 0.483368 0.026352 0.044903
0 0.452187 0.449590 0.020938 0.027236
0 0.293746 0.544611 0.043867 0.055778
0 0.336047 0.592361 0.052375 0.066917
0 0.429570 0.526986 0.029656 0.044806
0 0.589109 0.599125 0.048344 0.092833
0 0.665172 0.599181 0.048344 0.086056
0 0.782164 0.645021 0.073484 0.106681
0 0.360602 0.733833 0.068328 0.112417
