0 0.181855 0.830097 0.142898 0.207111
0 0.079004 0.775083 0.148367 0.181222
0 0.368445 0.688507 0.071906 0.105181
0 0.319297 0.609222 0.055516 0.085750
0 0.265141 0.583333 0.065531 0.072806
0 0.411680 0.593042 0.054609 0.072806
0 0.375273 0.521847 0.043688 0.056639
0 0.585980 0.574438 0.048242 0.074431
0 0.729340 0.715208 0.074633 0.135917
0 0.920023 0.813917 0.137437 0.200639
0 0.677004 0.521035 0.040961 0.067958
0 0.615563 0.517799 0.040047 0.061486
0 0.450285 0.453687 0.025602 0.034931
0 0.423195 0.440986 0.025000 0.031750
0 0.388070 0.436486 0.023813 0.031222
0 0.436891 0.409764 0.023219 0.042333
0 0.462637 0.419556 0.015773 0.022750
0 0.472461 0.397062 0.016969 0.025403
0 0.447453 0.399708 0.011609 0.018000
0 0.452367 0.382771 0.010125 0.015875
0 0.461000 0.376688 0.011313 0.016403
0 0.466059 0.368486 0.008336 0.011639
0 0.477223 0.377479 0.009820 0.015875
0 0.483027 0.367694 0.010117 0.018528
0 0.525441 0.389660 0.012805 0.016931
0 0.543305 0.380924 0.011609 0.017458
0 0.557441 0.372722 0.008336 0.016944
0 0.522465 0.378014 0.011008 0.016944
0 0.538984 0.370076 0.011313 0.017986
1 0.343277 0.453951 0.074117 0.121181
1 0.407719 0.392035 0.041078 0.075681
1 0.440906 0.374569 0.017563 0.030167
0 0.541965 0.433840 0.020836 0.037569
0 0.558633 0.410028 0.017266 0.023806
0 0.584078 0.409236 0.017563 0.028583
