1 0.396398 0.422153 0.023453 0.035278
1 0.345422 0.810833 0.104953 0.184972
0 0.690703 0.637243 0.055141 0.091458
0 0.760051 0.605833 0.071195 0.109944
0 0.662969 0.511326 0.036984 0.050792
0 0.597859 0.484861 0.030672 0.047056
0 0.604477 0.435410 0.022250 0.027264
0 0.532000 0.396653 0.013828 0.021389
0 0.574102 0.392639 0.013234 0.019778
0 0.545680 0.378201 0.011125 0.018708
0 0.323469 0.607187 0.055031 0.068431
0 0.430078 0.541160 0.039094 0.052931
0 0.449699 0.463646 0.022977 0.033403
0 0.118777 0.766583 0.105492 0.135806
0 0.410125 0.460486 0.026109 0.035278
0 0.373574 0.453062 0.028195 0.035264
0 0.455965 0.440812 0.018789 0.027847
0 0.462543 0.414639 0.016914 0.027472
0 0.434348 0.413896 0.017336 0.025986
1 0.563758 0.407979 0.021953 0.044375
0 0.422551 0.395889 0.012945 0.018944
0 0.449699 0.390507 0.013789 0.020792
0 0.439051 0.379368 0.010023 0.014847
0 0.474133 0.388278 0.011281 0.014861
0 0.193977 0.842806 0.113813 0.145056
