0 0.889746 0.945174 0.137773 0.109653
0 0.694723 0.543181 0.043695 0.056889
0 0.609586 0.487146 0.042328 0.080903
0 0.546965 0.457667 0.018695 0.033250
0 0.602176 0.425993 0.020461 0.028847
0 0.563484 0.403986 0.014703 0.021778
0 0.571141 0.390917 0.014500 0.018861
0 0.528363 0.391097 0.012664 0.017778
0 0.272781 0.584882 0.030281 0.072125
0 0.335402 0.588799 0.050273 0.066375
0 0.414926 0.573382 0.049383 0.083625
0 0.378617 0.510924 0.033812 0.043375
0 0.210609 0.784465 0.098219 0.123375
0 0.312398 0.937632 0.116328 0.124736
0 0.522879 0.373750 0.010211 0.014889
0 0.449789 0.471382 0.024500 0.037375
0 0.396016 0.425687 0.021437 0.030486
0 0.425719 0.430229 0.017969 0.024319
0 0.458793 0.429132 0.017961 0.024319
