0 0.291805 0.666201 0.067984 0.087764
0 0.767324 0.637236 0.069477 0.097833
0 0.667328 0.610778 0.055938 0.093028
0 0.640402 0.478896 0.028148 0.042986
0 0.587043 0.409215 0.015836 0.023514
0 0.537789 0.422201 0.015844 0.025375
0 0.555539 0.372236 0.011313 0.015167
0 0.564852 0.380590 0.011141 0.018875
0 0.553539 0.390028 0.011141 0.020417
0 0.521430 0.365736 0.009219 0.013917
0 0.525434 0.379201 0.010961 0.016708
0 0.477051 0.381979 0.010961 0.016708
0 0.453293 0.384146 0.011836 0.019181
0 0.428754 0.389563 0.013227 0.018875
0 0.440590 0.403333 0.014961 0.022278
0 0.466695 0.404257 0.015312 0.023514
0 0.459910 0.426847 0.016008 0.024139
0 0.455473 0.443396 0.018273 0.027542
0 0.419359 0.442319 0.021234 0.029083
0 0.387855 0.436438 0.025758 0.034042
0 0.442617 0.494861 0.029172 0.041694
0 0.359465 0.545389 0.040898 0.051861
0 0.222082 0.645792 0.056727 0.099306
0 0.076359 0.968597 0.142047 0.062806
1 0.393234 0.645764 0.064953 0.112917
1 0.407852 0.411917 0.022016 0.031444
1 0.582156 0.441431 0.029953 0.062222
