0 0.614738 0.447021 0.022164 0.033181
0 0.435266 0.506785 0.029937 0.044931
0 0.358863 0.466181 0.028773 0.034917
0 0.413687 0.449069 0.023328 0.029722
0 0.458883 0.433354 0.018859 0.030069
0 0.411086 0.408924 0.016844 0.025931
0 0.436602 0.413819 0.017328 0.026500
0 0.469000 0.404028 0.015719 0.022472
0 0.443000 0.396972 0.014578 0.019861
0 0.427855 0.388764 0.013445 0.019000
0 0.455797 0.381563 0.010687 0.017292
0 0.484797 0.371479 0.008750 0.013819
0 0.460820 0.373069 0.008750 0.015833
1 0.440086 0.368743 0.017172 0.032542
1 0.336551 0.539354 0.063914 0.124375
1 0.336551 0.539354 0.063914 0.124375
0 0.413687 0.449069 0.023328 0.029722
0 0.458883 0.433354 0.018859 0.030069
0 0.411086 0.408924 0.016844 0.025931
0 0.436602 0.413819 0.017328 0.026500
0 0.435266 0.506785 0.029937 0.044931
0 0.469000 0.404028 0.015719 0.022472
0 0.443000 0.396972 0.014578 0.019861
0 0.427855 0.388764 0.013445 0.019000
0 0.455797 0.381563 0.010687 0.017292
0 0.484797 0.371479 0.008750 0.013819
0 0.614738 0.447021 0.022164 0.033181
0 0.689035 0.539090 0.041992 0.058069
0 0.259500 0.564097 0.066016 0.102028
0 0.414047 0.579861 0.046187 0.065528
0 0.634258 0.757306 0.082016 0.167222
0 0.356555 0.758451 0.077266 0.120625
0 0.131438 0.921674 0.133531 0.156653
0 0.586043 0.412187 0.015633 0.026542
0 0.358863 0.466181 0.028773 0.034917
0 0.460820 0.373069 0.008750 0.015833
1 0.440086 0.368743 0.017172 0.032542
0 0.586043 0.412187 0.015633 0.026542
0 0.131438 0.921674 0.133531 0.156653
0 0.356555 0.758451 0.077266 0.120625
0 0.634258 0.757306 0.082016 0.167222
0 0.414047 0.579861 0.046187 0.065528
0 0.259500 0.564097 0.066016 0.102028
0 0.689035 0.539090 0.041992 0.058069
