0 0.395688 0.483903 0.030672 0.041056
0 0.671941 0.504979 0.038977 0.063903
0 0.571906 0.436083 0.021656 0.032333
0 0.586410 0.411444 0.016023 0.024639
0 0.409941 0.607757 0.051102 0.069292
0 0.271582 0.700146 0.074055 0.095458
0 0.460633 0.425903 0.019297 0.031194
0 0.620840 0.459174 0.025117 0.033875
0 0.427430 0.424118 0.019047 0.027625
0 0.416027 0.404069 0.015789 0.023167
0 0.444844 0.399167 0.013781 0.023167
0 0.471789 0.395826 0.013531 0.020931
0 0.458129 0.382465 0.010273 0.016486
0 0.434820 0.383576 0.012281 0.016042
0 0.480934 0.374215 0.010273 0.017819
0 0.528926 0.381354 0.010523 0.017819
0 0.565641 0.381799 0.009266 0.017819
1 0.553363 0.389368 0.016789 0.036542
1 0.471539 0.357958 0.012531 0.021833
1 0.386203 0.435479 0.026313 0.039653
0 0.017113 0.936944 0.034227 0.117333
0 0.356531 0.472028 0.032484 0.040417
0 0.442242 0.489681 0.027062 0.039778
0 0.658734 0.850660 0.097437 0.205569
0 0.613262 0.505368 0.029883 0.047736
0 0.451738 0.458424 0.022555 0.029403
