0 0.106766 0.954153 0.150906 0.091694
0 0.054629 0.874500 0.109258 0.187361
1 0.298793 0.918583 0.140836 0.162833
1 0.390707 0.428146 0.025258 0.037208
1 0.557797 0.396708 0.018766 0.041056
0 0.702871 0.541701 0.049086 0.076986
0 0.638383 0.546965 0.037531 0.057736
0 0.636398 0.478000 0.029953 0.040417
0 0.581543 0.453618 0.023461 0.035292
0 0.593270 0.420257 0.017320 0.025014
0 0.529938 0.386576 0.011906 0.019236
0 0.570535 0.386576 0.009383 0.017958
0 0.459055 0.380618 0.009750 0.016403
0 0.472598 0.392500 0.013227 0.019806
0 0.436660 0.382444 0.012008 0.015167
0 0.446664 0.395597 0.014266 0.021667
0 0.461457 0.420042 0.017398 0.029083
0 0.454496 0.449431 0.021227 0.026611
0 0.430828 0.418493 0.017406 0.025375
0 0.418469 0.399618 0.012531 0.020431
0 0.446289 0.476361 0.024656 0.036361
0 0.403285 0.472618 0.028867 0.038486
0 0.364789 0.463535 0.030672 0.040625
0 0.420879 0.573667 0.042398 0.059889
0 0.298930 0.653597 0.063156 0.081806
