0 0.463539 0.371090 0.010031 0.012597
0 0.480504 0.375292 0.010914 0.016778
0 0.469293 0.365847 0.009148 0.009444
0 0.484195 0.365590 0.010031 0.016264
0 0.191930 0.642340 0.090109 0.116514
0 0.280215 0.665799 0.088289 0.137542
0 0.402184 0.590562 0.046414 0.090625
0 0.354855 0.546875 0.040961 0.058250
0 0.304793 0.533924 0.046414 0.061486
0 0.390352 0.490236 0.030031 0.038833
0 0.427672 0.537160 0.035500 0.061486
0 0.717566 0.927937 0.111039 0.131069
0 0.708918 0.693312 0.081008 0.111653
0 0.790383 0.663375 0.074641 0.116500
0 0.557371 0.481340 0.030945 0.046931
0 0.399516 0.422764 0.017109 0.030944
0 0.431234 0.424854 0.020359 0.028847
0 0.457641 0.432986 0.018297 0.027278
0 0.442594 0.402306 0.017703 0.036194
0 0.451445 0.394437 0.008266 0.016264
0 0.466641 0.410437 0.012094 0.024125
0 0.475195 0.391021 0.013281 0.019931
0 0.456164 0.378958 0.011797 0.014694
0 0.530367 0.408333 0.014453 0.024139
0 0.570789 0.439806 0.022719 0.032528
0 0.601918 0.431938 0.019477 0.032514
0 0.549988 0.392076 0.012977 0.019931
0 0.526531 0.391285 0.015641 0.023597
0 0.564449 0.381056 0.013570 0.013639
0 0.557367 0.370833 0.010031 0.017306
0 0.543203 0.379222 0.011219 0.019417
0 0.523137 0.371354 0.011211 0.015208
1 0.362781 0.433507 0.063437 0.105958
1 0.415742 0.385257 0.037172 0.065042
1 0.445543 0.372139 0.016523 0.027278
