0 0.540184 0.448319 0.019633 0.032833
0 0.429008 0.428486 0.017297 0.023833
0 0.449148 0.459000 0.021969 0.033528
0 0.396078 0.425479 0.018078 0.020403
0 0.391359 0.480069 0.027156 0.041806
0 0.416512 0.581208 0.044320 0.073000
0 0.350375 0.559312 0.040594 0.056403
0 0.339102 0.890819 0.094609 0.149750
0 0.055082 0.858438 0.110164 0.160653
0 0.240613 0.596972 0.071852 0.094556
0 0.348625 0.481535 0.031109 0.038597
0 0.463078 0.406944 0.014422 0.023611
0 0.444027 0.400757 0.012148 0.019014
0 0.530367 0.409965 0.012828 0.019014
0 0.521852 0.374806 0.010375 0.015833
0 0.562937 0.376354 0.010531 0.015264
1 0.585211 0.434826 0.045359 0.101097
1 0.453520 0.376403 0.015555 0.030417
1 0.646867 0.453632 0.069656 0.118069
0 0.555836 0.408056 0.013609 0.023500
