0 0.304633 0.636097 0.054188 0.071500
0 0.939641 0.839674 0.120719 0.184236
0 0.416816 0.540514 0.033867 0.057944
0 0.443020 0.402264 0.013617 0.017833
0 0.472961 0.396819 0.010891 0.016028
1 0.412754 0.428854 0.030117 0.058375
0 0.367754 0.450174 0.030617 0.041736
0 0.379664 0.502799 0.030969 0.039931
0 0.443203 0.479660 0.024328 0.036597
0 0.453922 0.446243 0.022969 0.029042
0 0.457070 0.421438 0.016328 0.018153
0 0.558449 0.404528 0.017523 0.021167
0 0.437785 0.381479 0.011898 0.012847
0 0.249387 0.598847 0.055461 0.057194
