0 0.299504 0.936083 0.113227 0.127833
0 0.423777 0.525451 0.033867 0.051264
0 0.387527 0.492104 0.027992 0.038319
0 0.445895 0.471958 0.024352 0.035833
0 0.445387 0.399479 0.014695 0.018236
0 0.458336 0.417104 0.016797 0.021153
0 0.546516 0.385583 0.012125 0.017000
0 0.562961 0.412132 0.017500 0.026958
0 0.373668 0.444333 0.028273 0.042306
0 0.455551 0.439354 0.022398 0.027375
0 0.267293 0.576215 0.052352 0.057236
1 0.417281 0.426174 0.029672 0.056736
0 0.440000 0.380215 0.010734 0.015292
1 0.557395 0.361722 0.018195 0.036333
0 0.320621 0.604083 0.047586 0.064194
0 0.474082 0.394507 0.015164 0.019903
