1 0.688715 0.504083 0.103008 0.163694
0 0.538453 0.439417 0.022516 0.033972
0 0.462270 0.425049 0.017148 0.025264
0 0.421852 0.438764 0.019109 0.028306
0 0.387430 0.436674 0.022297 0.025264
0 0.410703 0.405972 0.012000 0.020472
0 0.444879 0.397479 0.012742 0.016542
0 0.427977 0.417944 0.018125 0.021778
1 0.428711 0.378944 0.020250 0.037806
0 0.571289 0.393903 0.013719 0.017861
1 0.060516 0.774653 0.121031 0.205000
0 0.311875 0.921722 0.116844 0.156556
0 0.594395 0.423868 0.016664 0.025264
0 0.554660 0.478681 0.025398 0.038889
0 0.448297 0.469583 0.025047 0.037000
0 0.377207 0.510347 0.034570 0.044528
0 0.298008 0.532611 0.041281 0.046417
0 0.587168 0.592222 0.046992 0.073750
0 0.397305 0.636319 0.054609 0.079778
1 0.178184 0.771465 0.167133 0.289042
