0 0.456848 0.433104 0.017930 0.024569
1 0.398668 0.400278 0.044305 0.076222
1 0.318687 0.473382 0.088906 0.139236
0 0.427656 0.421611 0.021750 0.039722
0 0.438328 0.481715 0.027344 0.038153
0 0.412898 0.457146 0.024109 0.030847
0 0.374680 0.451396 0.023516 0.029792
0 0.346797 0.568611 0.046219 0.056444
0 0.386133 0.680250 0.062094 0.090306
0 0.263859 0.704014 0.072672 0.092194
0 0.200359 0.653535 0.075500 0.081542
0 0.291297 0.914264 0.113453 0.168583
0 0.720688 0.568139 0.054609 0.070750
0 0.615660 0.521028 0.033445 0.050417
0 0.625820 0.462326 0.022437 0.035375
0 0.579676 0.448396 0.020742 0.028597
0 0.553641 0.474361 0.026250 0.041389
0 0.570914 0.391917 0.012641 0.019333
0 0.549602 0.392965 0.012937 0.019347
0 0.532844 0.405250 0.014703 0.021944
