0 0.429055 0.390618 0.012531 0.017014
1 0.449242 0.360597 0.013922 0.026917
1 0.390676 0.458840 0.038461 0.074875
0 0.447848 0.393549 0.012523 0.019181
0 0.468035 0.408562 0.016008 0.023208
0 0.435492 0.414903 0.016703 0.022278
0 0.451156 0.447389 0.021578 0.030333
0 0.443234 0.479569 0.028016 0.037750
0 0.339516 0.479896 0.037594 0.060597
0 0.423344 0.538042 0.035844 0.054806
0 0.335562 0.579014 0.045109 0.060944
0 0.376762 0.671778 0.060148 0.102111
0 0.103164 0.775826 0.117797 0.115486
0 0.143004 0.920250 0.129914 0.159500
0 0.664219 0.507708 0.037531 0.053250
0 0.825355 0.702097 0.081195 0.111000
0 0.546563 0.378653 0.014016 0.019778
0 0.475531 0.389007 0.012766 0.017792
0 0.455227 0.381653 0.011609 0.015972
0 0.441305 0.376500 0.008703 0.014444
