0 0.428937 0.389535 0.010219 0.013903
1 0.369691 0.451507 0.030680 0.042236
0 0.145832 0.922333 0.133805 0.155333
0 0.367188 0.772826 0.077234 0.121319
0 0.331500 0.502076 0.039703 0.048653
0 0.374055 0.518083 0.036391 0.049778
0 0.428488 0.533618 0.030977 0.046514
0 0.443973 0.483396 0.025867 0.033736
0 0.417660 0.441687 0.023758 0.033736
0 0.406383 0.415736 0.018641 0.023528
0 0.455250 0.440861 0.019547 0.033139
0 0.437355 0.409049 0.016242 0.025125
0 0.467883 0.404000 0.013531 0.021444
0 0.453297 0.389542 0.010828 0.017111
0 0.478379 0.379167 0.012023 0.018722
0 0.827465 0.897229 0.126586 0.205542
1 0.544871 0.375583 0.013539 0.027278
1 0.468184 0.361681 0.012336 0.021917
0 0.571805 0.393285 0.012531 0.019597
0 0.555641 0.403319 0.014781 0.022722
0 0.592656 0.424625 0.018406 0.026944
0 0.576418 0.440021 0.018398 0.028236
0 0.620625 0.449646 0.025984 0.042347
0 0.561980 0.526951 0.035727 0.060958
