0 0.710727 0.563500 0.050516 0.073222
1 0.103910 0.762549 0.207820 0.474903
1 0.332234 0.457944 0.074781 0.134083
0 0.333848 0.832667 0.087023 0.140944
0 0.311609 0.630979 0.060594 0.083653
0 0.275137 0.570007 0.047664 0.060847
0 0.422273 0.553924 0.036781 0.055264
0 0.373574 0.511785 0.040414 0.085208
0 0.447141 0.461125 0.023828 0.030861
0 0.411652 0.452382 0.021758 0.029014
0 0.379012 0.434875 0.017617 0.037306
0 0.409559 0.406479 0.020867 0.037125
0 0.431145 0.414792 0.015477 0.020500
0 0.459301 0.415924 0.015648 0.019542
0 0.537551 0.412556 0.016008 0.024972
0 0.585137 0.425993 0.018711 0.028181
0 0.622465 0.456694 0.023930 0.028167
0 0.563809 0.522257 0.034023 0.056319
0 0.623715 0.528813 0.034742 0.053431
0 0.699238 0.700632 0.115086 0.245097
0 0.895289 0.785014 0.108797 0.143306
