0 0.562867 0.415208 0.015188 0.021778
0 0.599367 0.429139 0.016172 0.026139
1 0.383055 0.407632 0.044297 0.083403
1 0.283312 0.507417 0.114891 0.178444
0 0.540762 0.427576 0.019430 0.027208
0 0.418441 0.436944 0.026680 0.049278
0 0.451207 0.450069 0.018133 0.030389
0 0.357953 0.470799 0.026422 0.035931
0 0.399012 0.480465 0.029273 0.036847
0 0.579945 0.454222 0.018156 0.035917
0 0.425320 0.520167 0.033766 0.053861
0 0.309742 0.633556 0.063813 0.076889
0 0.097023 0.784882 0.116672 0.124903
0 0.164059 0.887389 0.117961 0.165139
0 0.340035 0.855868 0.089602 0.150236
0 0.651375 0.488021 0.030297 0.051681
0 0.792867 0.685757 0.081219 0.107708
0 0.685551 0.819778 0.093445 0.160556
