0 0.297680 0.950875 0.109125 0.098250
0 0.545813 0.385090 0.011984 0.016708
0 0.560312 0.408986 0.017984 0.025917
0 0.385074 0.496292 0.029742 0.039056
0 0.421621 0.529056 0.034414 0.053556
0 0.263320 0.583229 0.053750 0.060708
0 0.317457 0.612153 0.050664 0.065194
0 0.454457 0.440278 0.020414 0.026944
0 0.445801 0.472410 0.024883 0.033181
0 0.372516 0.444590 0.028375 0.042514
1 0.556434 0.361563 0.016336 0.033125
1 0.415367 0.425090 0.030453 0.053569
0 0.474188 0.395514 0.013609 0.019000
0 0.439680 0.379965 0.012641 0.013486
0 0.445027 0.399660 0.011664 0.017625
0 0.459316 0.418326 0.017305 0.019708
