0 0.530668 0.407583 0.013992 0.028417
1 0.257828 0.525417 0.143937 0.202500
0 0.728836 0.594125 0.057359 0.074611
0 0.279137 0.659833 0.097336 0.158667
0 0.114246 0.766472 0.105992 0.113722
0 0.363418 0.766458 0.072695 0.118444
0 0.340094 0.474500 0.031375 0.046194
0 0.378734 0.511222 0.034047 0.048556
0 0.386422 0.430083 0.030656 0.052111
0 0.412379 0.446667 0.020055 0.035528
0 0.437063 0.408764 0.015984 0.026056
0 0.432363 0.428903 0.020055 0.026056
0 0.462344 0.415875 0.017391 0.026056
0 0.452684 0.453188 0.023383 0.034347
0 0.426371 0.546160 0.034711 0.052125
0 0.599922 0.431868 0.015391 0.024875
0 0.551285 0.433646 0.030039 0.063958
0 0.631563 0.469764 0.028047 0.041444
0 0.945711 0.858278 0.108578 0.207333
