0 0.443297 0.375347 0.010000 0.014111
0 0.565461 0.386222 0.011734 0.016722
0 0.449766 0.386069 0.011172 0.016722
0 0.416984 0.447736 0.022047 0.031361
0 0.556945 0.375389 0.009500 0.014611
0 0.583996 0.410528 0.014695 0.023528
0 0.534313 0.419674 0.020578 0.029264
0 0.546074 0.448160 0.023523 0.029792
0 0.564250 0.518569 0.034219 0.050806
0 0.443258 0.485132 0.021438 0.036292
0 0.364406 0.533292 0.035984 0.045917
0 0.275508 0.558132 0.046984 0.051931
0 0.378180 0.702222 0.064328 0.097778
1 0.655031 0.467667 0.075359 0.127194
1 0.425668 0.380639 0.022117 0.038111
0 0.381410 0.444076 0.022633 0.027181
0 0.476957 0.382931 0.012055 0.014639
1 0.102426 0.859285 0.204852 0.281431
0 0.424332 0.425264 0.016758 0.020917
0 0.460344 0.431535 0.017641 0.025097
0 0.408164 0.411417 0.016172 0.023528
0 0.442266 0.400174 0.013234 0.020903
