0 0.338988 0.485639 0.038070 0.054250
0 0.391000 0.431931 0.020250 0.027111
0 0.686273 0.916681 0.100781 0.166639
0 0.613379 0.519722 0.036273 0.052306
0 0.566820 0.545507 0.031844 0.045181
0 0.534570 0.428312 0.018078 0.029042
0 0.555621 0.402215 0.013023 0.018597
0 0.587211 0.406507 0.017109 0.033514
0 0.572828 0.396139 0.012828 0.018306
0 0.394277 0.646403 0.048289 0.073833
0 0.427172 0.542097 0.032422 0.048528
0 0.327125 0.599389 0.053266 0.066361
0 0.276984 0.564444 0.054078 0.063306
0 0.400434 0.469715 0.028273 0.037319
0 0.446340 0.471458 0.026039 0.042806
0 0.461676 0.417528 0.014711 0.021833
0 0.426777 0.426771 0.019445 0.028792
