0 0.887027 0.762993 0.110695 0.170653
0 0.590602 0.416271 0.017875 0.026708
0 0.669945 0.514556 0.029875 0.049194
0 0.610414 0.459014 0.027078 0.033167
0 0.549176 0.446542 0.020836 0.029583
0 0.462902 0.408431 0.014992 0.020528
0 0.436141 0.408299 0.015437 0.019181
0 0.416461 0.398569 0.019641 0.033806
0 0.391098 0.423701 0.015539 0.028819
0 0.454562 0.440972 0.019859 0.026528
0 0.420781 0.437903 0.017484 0.029583
0 0.390000 0.480069 0.035438 0.067972
0 0.307469 0.528979 0.041344 0.046431
0 0.434609 0.511021 0.028906 0.048069
0 0.351914 0.565896 0.049609 0.058458
0 0.380121 0.673861 0.058555 0.097417
0 0.727684 0.705313 0.067367 0.112764
0 0.624805 0.721812 0.072016 0.148514
0 0.110457 0.948229 0.152383 0.103542
1 0.352586 0.440201 0.063422 0.113403
1 0.137965 0.653028 0.258977 0.349833
