0 0.441578 0.499611 0.029141 0.044806
0 0.373867 0.450736 0.024281 0.029167
0 0.351027 0.556111 0.041289 0.051806
0 0.252297 0.586910 0.054047 0.060819
0 0.354652 0.780819 0.078539 0.118194
0 0.713754 0.911215 0.112867 0.177569
1 0.422266 0.383875 0.019844 0.042000
1 0.635266 0.445104 0.059750 0.103097
1 0.062574 0.917125 0.125148 0.165750
0 0.561914 0.380528 0.012000 0.016833
0 0.577336 0.401028 0.012844 0.019167
0 0.540824 0.430056 0.016477 0.025444
0 0.577336 0.401028 0.012844 0.019167
0 0.561914 0.380528 0.012000 0.016833
1 0.062574 0.917125 0.125148 0.165750
1 0.635266 0.445104 0.059750 0.103097
1 0.422266 0.383875 0.019844 0.042000
0 0.713754 0.911215 0.112867 0.177569
0 0.530969 0.407069 0.014531 0.025000
0 0.540824 0.430056 0.016477 0.025444
0 0.552258 0.480319 0.027328 0.041111
0 0.530969 0.407069 0.014531 0.025000
0 0.552258 0.480319 0.027328 0.041111
0 0.439320 0.405667 0.015000 0.020556
0 0.403945 0.414625 0.017344 0.021806
0 0.420008 0.431736 0.018828 0.023889
0 0.457965 0.437410 0.019305 0.025653
0 0.412000 0.455417 0.023625 0.036500
0 0.441578 0.499611 0.029141 0.044806
0 0.373867 0.450736 0.024281 0.029167
0 0.351027 0.556111 0.041289 0.051806
0 0.252297 0.586910 0.054047 0.060819
0 0.354652 0.780819 0.078539 0.118194
0 0.439320 0.405667 0.015000 0.020556
0 0.403945 0.414625 0.017344 0.021806
0 0.420008 0.431736 0.018828 0.023889
0 0.457965 0.437410 0.019305 0.025653
0 0.412000 0.455417 0.023625 0.036500
