1 0.589777 0.441958 0.049180 0.109556
0 0.464309 0.406299 0.015117 0.024236
0 0.444598 0.400056 0.012148 0.018472
0 0.429543 0.425139 0.015523 0.023528
0 0.450047 0.455375 0.021500 0.030722
0 0.398145 0.425118 0.019305 0.023042
0 0.530500 0.412660 0.014984 0.020403
0 0.557023 0.412056 0.016203 0.024000
0 0.522805 0.377021 0.010922 0.016319
0 0.563301 0.380132 0.010664 0.017764
0 0.541695 0.456007 0.020672 0.034319
0 0.393984 0.475639 0.026562 0.040028
0 0.352516 0.477535 0.026891 0.037431
0 0.250246 0.586417 0.065836 0.090778
0 0.355121 0.553986 0.040977 0.063306
0 0.419617 0.571903 0.045688 0.074056
0 0.352301 0.841063 0.085914 0.133125
1 0.454008 0.375840 0.016687 0.028792
1 0.655191 0.463597 0.074648 0.126833
0 0.066730 0.822493 0.133461 0.149625
