0 0.458879 0.435785 0.018695 0.027597
0 0.537723 0.428882 0.019055 0.028847
0 0.602430 0.636931 0.046156 0.084667
0 0.655664 0.490424 0.031359 0.045292
0 0.571758 0.395910 0.014453 0.020042
0 0.529621 0.393083 0.013477 0.017861
0 0.591602 0.416382 0.019594 0.022653
0 0.804605 0.818917 0.163336 0.321750
0 0.157035 0.671778 0.092430 0.124806
0 0.595742 0.443472 0.022297 0.031361
0 0.401020 0.655799 0.053805 0.084153
0 0.322230 0.595694 0.052039 0.064278
0 0.328262 0.517819 0.018227 0.050694
0 0.381324 0.510764 0.029695 0.042861
0 0.403813 0.467653 0.025281 0.036056
0 0.436004 0.497701 0.033805 0.055403
