0 0.437504 0.380257 0.011695 0.014847
0 0.571633 0.389146 0.011781 0.021819
1 0.393820 0.425840 0.024078 0.035069
1 0.326273 0.879299 0.123422 0.223264
0 0.530906 0.391819 0.013031 0.020056
0 0.598695 0.427687 0.019297 0.027625
0 0.543562 0.376229 0.010781 0.017375
0 0.588047 0.468007 0.027062 0.039653
0 0.648691 0.494514 0.034086 0.046333
0 0.728262 0.569361 0.059398 0.090000
0 0.660348 0.585403 0.045367 0.073056
0 0.151602 0.915743 0.134703 0.168514
0 0.080645 0.816937 0.123852 0.161681
0 0.312766 0.628701 0.058031 0.076208
0 0.425145 0.557868 0.042008 0.060819
0 0.447527 0.469917 0.022133 0.034528
0 0.405969 0.467153 0.025484 0.034861
0 0.369215 0.458042 0.028820 0.037500
0 0.455254 0.445417 0.019633 0.028583
0 0.462461 0.416646 0.016078 0.029708
0 0.433328 0.415736 0.017125 0.024917
0 0.420273 0.397889 0.013156 0.020417
0 0.448574 0.394194 0.013367 0.021194
0 0.473844 0.391208 0.012531 0.019667
1 0.560098 0.402069 0.018711 0.041250
