0 0.166898 0.668229 0.101938 0.122986
0 0.262926 0.691694 0.095570 0.140778
0 0.392902 0.609493 0.048242 0.085764
0 0.348027 0.564667 0.052789 0.058250
0 0.297965 0.546062 0.052789 0.056625
0 0.387621 0.495903 0.030039 0.053389
0 0.421301 0.547681 0.033680 0.050167
0 0.673422 0.624542 0.057344 0.080917
0 0.660227 0.795257 0.087375 0.150486
0 0.751242 0.617264 0.058250 0.089000
0 0.455262 0.438132 0.020539 0.027042
0 0.429254 0.429833 0.020805 0.027500
0 0.396180 0.427938 0.017609 0.029403
0 0.440461 0.403035 0.018672 0.035569
0 0.451129 0.396160 0.009602 0.017069
0 0.465934 0.411812 0.014133 0.021819
0 0.474203 0.392368 0.013609 0.021819
0 0.455133 0.380514 0.011734 0.015167
0 0.462066 0.372931 0.011742 0.014222
0 0.468871 0.367708 0.009336 0.012333
0 0.479539 0.375535 0.011469 0.014708
0 0.484340 0.364625 0.009867 0.017556
0 0.551828 0.466826 0.025344 0.041736
0 0.568770 0.430542 0.019211 0.032722
0 0.597180 0.426993 0.017875 0.030347
0 0.529289 0.401854 0.013344 0.020875
0 0.547828 0.389757 0.013609 0.024181
0 0.562367 0.377194 0.012266 0.017083
0 0.556230 0.368896 0.009602 0.011847
0 0.524621 0.384069 0.014133 0.020389
0 0.541293 0.377194 0.010664 0.017083
0 0.522086 0.368896 0.012266 0.013764
1 0.358703 0.436236 0.066422 0.107639
1 0.414051 0.385257 0.038414 0.068292
1 0.443793 0.371028 0.016273 0.023722
