0 0.573539 0.509674 0.035859 0.051014
0 0.581586 0.404882 0.012641 0.019347
0 0.558508 0.411938 0.014109 0.021958
0 0.233371 0.767201 0.094367 0.111347
1 0.368145 0.425847 0.054836 0.102194
1 0.220871 0.569097 0.171539 0.243556
0 0.610461 0.438069 0.022375 0.035361
0 0.398770 0.411542 0.013055 0.026528
0 0.462648 0.427021 0.017094 0.024319
0 0.773539 0.644160 0.058547 0.087847
0 0.427832 0.427847 0.019586 0.022667
0 0.403895 0.460729 0.028289 0.059681
0 0.443844 0.477035 0.023625 0.039236
0 0.332730 0.501715 0.028648 0.046236
0 0.376824 0.520028 0.038945 0.054194
0 0.405699 0.590056 0.045664 0.066917
0 0.655234 0.512861 0.038094 0.049417
