1 0.424926 0.379493 0.022539 0.036292
0 0.443637 0.487646 0.025055 0.042653
0 0.450055 0.388417 0.012250 0.017056
1 0.095934 0.869653 0.191867 0.260694
1 0.649867 0.461264 0.073156 0.118306
0 0.373500 0.717285 0.068094 0.102931
0 0.270437 0.564778 0.049000 0.055167
0 0.361250 0.537472 0.039531 0.054500
0 0.416824 0.448764 0.021523 0.032611
0 0.379785 0.445312 0.022227 0.026958
0 0.406949 0.411757 0.013758 0.021319
0 0.423031 0.427486 0.018547 0.023583
0 0.459691 0.433382 0.018039 0.025708
0 0.563133 0.510104 0.035031 0.048347
0 0.544637 0.444771 0.020086 0.029181
0 0.533984 0.416910 0.019844 0.029181
0 0.582863 0.409646 0.014461 0.019653
0 0.564914 0.385451 0.012250 0.015431
0 0.558281 0.375313 0.009531 0.012708
0 0.440941 0.401736 0.013227 0.018694
