0 0.584934 0.404465 0.016914 0.028347
0 0.423766 0.428674 0.019125 0.025708
0 0.388891 0.435312 0.020766 0.026542
0 0.397988 0.472424 0.028695 0.038569
0 0.444410 0.475743 0.025898 0.044375
0 0.534102 0.424333 0.017891 0.026611
0 0.460738 0.419757 0.016102 0.021986
0 0.553719 0.398243 0.011937 0.015208
0 0.605449 0.508493 0.031492 0.051847
0 0.561125 0.525604 0.029937 0.041819
0 0.653687 0.826486 0.088016 0.175583
0 0.386461 0.666389 0.055984 0.078139
0 0.424871 0.551729 0.038633 0.052764
0 0.335570 0.489521 0.041438 0.056736
0 0.319336 0.614688 0.057109 0.069181
0 0.266984 0.572382 0.060469 0.068181
1 0.842051 0.760118 0.315898 0.479764
0 0.570660 0.393840 0.012148 0.017569
