0 0.588648 0.415965 0.018547 0.025292
0 0.235215 0.582340 0.065836 0.088875
0 0.363309 0.526597 0.037680 0.046667
0 0.425496 0.557069 0.034289 0.056444
0 0.446031 0.464507 0.027094 0.044403
0 0.401152 0.476167 0.024555 0.033111
0 0.415551 0.447569 0.020320 0.027083
0 0.538527 0.424611 0.020742 0.024833
0 0.243504 0.744285 0.089602 0.107236
0 0.318137 0.944493 0.111758 0.111014
0 0.759004 0.612917 0.060539 0.088056
0 0.645758 0.501910 0.035563 0.049681
0 0.555801 0.492125 0.030055 0.042139
0 0.616762 0.446965 0.024133 0.030097
1 0.082918 0.751618 0.165836 0.406403
0 0.337035 0.485792 0.051852 0.071139
