0 0.403797 0.417604 0.017500 0.020319
0 0.435336 0.418222 0.014234 0.019083
0 0.452598 0.442896 0.017961 0.026958
0 0.369828 0.525389 0.035922 0.049778
0 0.364348 0.462972 0.025430 0.033583
0 0.429199 0.535340 0.036164 0.058069
0 0.404266 0.458868 0.023094 0.033181
0 0.567863 0.383889 0.012367 0.018667
0 0.535363 0.430417 0.016133 0.021083
0 0.565105 0.428521 0.017305 0.029042
0 0.552355 0.490347 0.026820 0.043194
0 0.466359 0.399771 0.012828 0.021153
1 0.692883 0.504104 0.099375 0.166708
1 0.613938 0.474000 0.069141 0.141333
0 0.449445 0.394132 0.010031 0.020736
0 0.179434 0.861486 0.125367 0.144056
0 0.143344 0.719597 0.104031 0.106778
0 0.385371 0.707347 0.061023 0.090583
0 0.280391 0.549896 0.054828 0.074236
0 0.524008 0.384715 0.012828 0.018653
