1 0.547008 0.372222 0.019594 0.048278
1 0.436723 0.396854 0.021258 0.039819
0 0.400879 0.413778 0.020711 0.031861
0 0.459945 0.427715 0.015672 0.019903
0 0.466523 0.410549 0.016516 0.020403
0 0.575699 0.443889 0.019883 0.028361
0 0.647027 0.557986 0.044133 0.069806
0 0.221523 0.629715 0.067516 0.075847
0 0.276832 0.669903 0.072258 0.097333
0 0.345871 0.485194 0.033867 0.035333
0 0.388703 0.490667 0.028828 0.039306
0 0.418934 0.440653 0.018758 0.027861
0 0.448328 0.453340 0.021000 0.034347
1 0.574863 0.380681 0.024914 0.055250
