0 0.170023 0.846278 0.155641 0.223306
0 0.073543 0.794500 0.144727 0.207111
0 0.362531 0.701451 0.074641 0.105181
0 0.317477 0.617313 0.057344 0.082514
0 0.259223 0.588187 0.060977 0.072819
0 0.409859 0.599514 0.047328 0.076056
0 0.582797 0.560681 0.040047 0.072806
0 0.607828 0.507285 0.031859 0.059875
0 0.670176 0.517799 0.040055 0.061486
0 0.711590 0.691743 0.079180 0.131069
0 0.894992 0.780743 0.136531 0.195792
0 0.372090 0.523465 0.044602 0.066347
0 0.387035 0.436597 0.021195 0.035056
0 0.422328 0.441042 0.022375 0.030361
0 0.449563 0.456743 0.025609 0.036625
0 0.436754 0.411472 0.022961 0.039250
0 0.462219 0.420632 0.018547 0.025125
0 0.447648 0.401271 0.009422 0.020931
0 0.472375 0.397868 0.014719 0.021458
0 0.452652 0.383736 0.011773 0.014139
0 0.460895 0.376410 0.010008 0.014125
0 0.477230 0.378764 0.011477 0.016750
0 0.466488 0.370653 0.008242 0.014139
0 0.482973 0.369083 0.012367 0.020417
0 0.541406 0.429792 0.022078 0.029833
0 0.558332 0.410687 0.018258 0.028264
0 0.581441 0.406771 0.018539 0.024597
0 0.526098 0.389236 0.013836 0.016750
0 0.543906 0.380333 0.012953 0.015694
0 0.557742 0.371444 0.012359 0.016750
0 0.522859 0.376410 0.013250 0.015181
0 0.538020 0.367514 0.010602 0.016222
0 0.523156 0.363590 0.011484 0.010458
1 0.342109 0.451250 0.077422 0.124028
1 0.408348 0.393944 0.043867 0.078500
1 0.440141 0.376674 0.015016 0.028264
