1 0.614348 0.423194 0.047586 0.082000
0 0.363781 0.463861 0.026344 0.032333
0 0.541742 0.445750 0.020922 0.032167
0 0.363781 0.463861 0.026344 0.032333
1 0.614348 0.423194 0.047586 0.082000
1 0.417547 0.388389 0.022031 0.043333
0 0.557230 0.373944 0.009789 0.014000
0 0.473461 0.389250 0.011062 0.017667
0 0.569187 0.391174 0.011953 0.017514
0 0.529125 0.393993 0.014969 0.020736
0 0.535703 0.411111 0.014063 0.020167
0 0.611848 0.637368 0.049273 0.091208
0 0.730813 0.704451 0.069203 0.104375
0 0.917758 0.821167 0.119672 0.155111
0 0.438180 0.378736 0.009844 0.013750
0 0.436000 0.412278 0.015000 0.020333
0 0.455719 0.445632 0.021328 0.025431
0 0.396406 0.422000 0.014531 0.022222
0 0.413945 0.441347 0.020156 0.027361
0 0.405375 0.467542 0.026062 0.037500
0 0.445070 0.394417 0.012188 0.016833
0 0.435820 0.521792 0.029141 0.047000
0 0.300754 0.936833 0.117664 0.126333
0 0.209547 0.633028 0.067875 0.072000
0 0.329125 0.594569 0.049500 0.062389
0 0.329125 0.594569 0.049500 0.062389
0 0.209547 0.633028 0.067875 0.072000
0 0.300754 0.936833 0.117664 0.126333
0 0.435820 0.521792 0.029141 0.047000
0 0.445070 0.394417 0.012188 0.016833
0 0.405375 0.467542 0.026062 0.037500
0 0.396406 0.422000 0.014531 0.022222
0 0.413945 0.441347 0.020156 0.027361
0 0.455719 0.445632 0.021328 0.025431
0 0.436000 0.412278 0.015000 0.020333
0 0.438180 0.378736 0.009844 0.013750
0 0.917758 0.821167 0.119672 0.155111
0 0.730813 0.704451 0.069203 0.104375
0 0.611848 0.637368 0.049273 0.091208
0 0.541742 0.445750 0.020922 0.032167
0 0.535703 0.411111 0.014063 0.020167
0 0.529125 0.393993 0.014969 0.020736
0 0.569187 0.391174 0.011953 0.017514
0 0.473461 0.389250 0.011062 0.017667
0 0.557230 0.373944 0.009789 0.014000
1 0.417547 0.388389 0.022031 0.043333
