0 0.059281 0.840493 0.114656 0.136236
1 0.233156 0.548556 0.163969 0.229833
0 0.678867 0.842854 0.096000 0.178847
0 0.829102 0.703687 0.088672 0.125542
0 0.687859 0.542604 0.046031 0.061597
0 0.615574 0.450813 0.021383 0.031986
0 0.591262 0.419431 0.018055 0.023694
0 0.546621 0.420021 0.026055 0.053292
0 0.449020 0.459694 0.025383 0.033167
0 0.459012 0.418833 0.020055 0.029611
0 0.429035 0.432458 0.020055 0.023694
0 0.436063 0.416472 0.016656 0.022500
0 0.378766 0.434236 0.031313 0.058028
0 0.407715 0.456146 0.021383 0.033153
0 0.420371 0.573993 0.041367 0.065153
0 0.370738 0.526618 0.036711 0.048569
0 0.331098 0.482201 0.036039 0.052125
0 0.342438 0.844625 0.084031 0.146861
0 0.250117 0.714347 0.115391 0.187139
