0 0.340258 0.817660 0.086781 0.136847
0 0.483301 0.373014 0.009727 0.015361
0 0.077687 0.962285 0.155375 0.075431
0 0.736930 0.979639 0.090422 0.040722
0 0.352715 0.471576 0.028930 0.034431
0 0.340258 0.817660 0.086781 0.136847
0 0.483301 0.373014 0.009727 0.015361
0 0.606316 0.437014 0.019242 0.031444
0 0.581625 0.408153 0.014578 0.024194
0 0.432613 0.514708 0.031492 0.046861
0 0.409871 0.453535 0.026133 0.031514
0 0.457809 0.436528 0.018898 0.029861
0 0.435066 0.413812 0.017414 0.024486
0 0.408090 0.413375 0.018492 0.023528
0 0.468910 0.405576 0.015117 0.019931
0 0.442043 0.398375 0.013773 0.019917
0 0.426590 0.389861 0.012555 0.019194
0 0.454398 0.383257 0.010937 0.017042
0 0.459797 0.374014 0.009312 0.013917
1 0.325625 0.553562 0.070266 0.133375
1 0.973449 0.845062 0.053102 0.309875
1 0.439578 0.369792 0.018187 0.031333
1 0.973449 0.845062 0.053102 0.309875
1 0.439578 0.369792 0.018187 0.031333
0 0.468910 0.405576 0.015117 0.019931
0 0.408090 0.413375 0.018492 0.023528
0 0.352715 0.471576 0.028930 0.034431
0 0.736930 0.979639 0.090422 0.040722
0 0.077687 0.962285 0.155375 0.075431
0 0.442043 0.398375 0.013773 0.019917
0 0.601844 0.657438 0.059781 0.112042
0 0.408402 0.600875 0.048039 0.067000
0 0.244520 0.580111 0.071445 0.109444
0 0.669105 0.516847 0.036742 0.052194
0 0.606316 0.437014 0.019242 0.031444
0 0.581625 0.408153 0.014578 0.024194
0 0.432613 0.514708 0.031492 0.046861
0 0.409871 0.453535 0.026133 0.031514
0 0.457809 0.436528 0.018898 0.029861
0 0.435066 0.413812 0.017414 0.024486
0 0.426590 0.389861 0.012555 0.019194
0 0.454398 0.383257 0.010937 0.017042
0 0.459797 0.374014 0.009312 0.013917
1 0.325625 0.553562 0.070266 0.133375
0 0.669105 0.516847 0.036742 0.052194
0 0.244520 0.580111 0.071445 0.109444
0 0.408402 0.600875 0.048039 0.067000
0 0.601844 0.657438 0.059781 0.112042
