0 0.562809 0.480403 0.034164 0.049278
0 0.722605 0.581403 0.053930 0.077556
0 0.577797 0.399757 0.014406 0.021958
0 0.554805 0.404875 0.014406 0.019861
0 0.915012 0.976382 0.102477 0.047236
1 0.365641 0.428333 0.062672 0.103444
1 0.198293 0.594118 0.196602 0.281708
0 0.426047 0.429694 0.017266 0.022306
0 0.459402 0.432187 0.017055 0.024208
0 0.401500 0.465229 0.032016 0.059736
0 0.440047 0.487333 0.027047 0.036528
0 0.323285 0.512785 0.031336 0.050208
0 0.367156 0.535465 0.039391 0.052597
0 0.399832 0.613451 0.046555 0.071708
0 0.194422 0.829340 0.110875 0.137514
0 0.603098 0.429979 0.027070 0.037819
0 0.636293 0.484986 0.034164 0.053861
