0 0.389543 0.487632 0.030789 0.039319
0 0.440074 0.493104 0.028273 0.049264
0 0.591457 0.618118 0.045352 0.082625
0 0.585020 0.467819 0.024633 0.035833
0 0.528508 0.405326 0.014000 0.021153
0 0.549852 0.389153 0.010500 0.014528
0 0.576797 0.396201 0.015391 0.024458
0 0.459270 0.428549 0.017492 0.024764
0 0.442602 0.407521 0.014578 0.019875
0 0.417441 0.439194 0.020992 0.032833
0 0.381535 0.445007 0.021773 0.029042
0 0.413398 0.407299 0.015750 0.016931
0 0.318578 0.509035 0.043391 0.063208
0 0.415383 0.589875 0.045016 0.060917
0 0.232809 0.614660 0.072227 0.079431
0 0.284543 0.675576 0.073570 0.088986
0 0.355895 0.767069 0.071555 0.106889
1 0.856289 0.672653 0.256375 0.374944
1 0.700289 0.602139 0.155281 0.295833
0 0.548211 0.476278 0.023234 0.029861
