0 0.124613 0.882757 0.195945 0.234486
0 0.339957 0.575826 0.047430 0.059569
0 0.305148 0.511549 0.048359 0.059403
1 0.157113 0.613882 0.240477 0.306958
0 0.398898 0.648514 0.048359 0.089111
0 0.719598 0.979292 0.097555 0.041417
0 0.876008 0.792903 0.117047 0.169972
0 0.699180 0.548681 0.047437 0.061056
0 0.578047 0.543646 0.037219 0.054625
0 0.634672 0.476069 0.029797 0.041250
0 0.592434 0.422437 0.019586 0.026403
0 0.456914 0.433090 0.023297 0.034819
0 0.443918 0.485063 0.027008 0.046375
0 0.397508 0.473514 0.027016 0.036472
0 0.365996 0.453792 0.030633 0.056111
0 0.422570 0.443069 0.023297 0.031361
