0 0.475219 0.386979 0.012531 0.017458
0 0.561578 0.375722 0.012109 0.018194
1 0.568574 0.417396 0.023305 0.049014
1 0.400789 0.417167 0.023563 0.033417
1 0.367082 0.740847 0.084961 0.155944
0 0.754312 0.740340 0.079250 0.123181
0 0.822516 0.675278 0.091812 0.137806
0 0.687836 0.542861 0.044172 0.063889
0 0.613566 0.513604 0.035945 0.056208
0 0.613527 0.447278 0.023758 0.032611
0 0.533234 0.403708 0.013531 0.023528
0 0.577891 0.396750 0.011422 0.021389
0 0.547367 0.381785 0.011734 0.018181
0 0.440867 0.378257 0.010234 0.015597
0 0.450578 0.389389 0.013781 0.021528
0 0.464676 0.410368 0.015664 0.025625
0 0.424578 0.393840 0.014828 0.020792
0 0.436375 0.409813 0.017125 0.023764
0 0.457574 0.435424 0.018164 0.023764
0 0.452562 0.456410 0.020672 0.030069
0 0.413613 0.455111 0.025898 0.033417
0 0.378422 0.448611 0.026938 0.034528
0 0.434809 0.524167 0.034461 0.051972
0 0.337281 0.583382 0.050328 0.062736
0 0.233691 0.768826 0.095273 0.123819
0 0.161332 0.718458 0.081914 0.125750
