0 0.653359 0.498826 0.026859 0.049736
0 0.913797 0.940486 0.172406 0.119028
0 0.079301 0.974694 0.126242 0.050611
0 0.367973 0.716639 0.074258 0.115667
0 0.817266 0.690569 0.080641 0.135222
0 0.683832 0.630931 0.050492 0.085083
0 0.600840 0.639528 0.062852 0.104194
0 0.604121 0.448757 0.028352 0.029181
0 0.547047 0.438146 0.021641 0.033153
0 0.585656 0.410958 0.020516 0.026528
0 0.430848 0.521375 0.030211 0.045750
0 0.386832 0.489208 0.033945 0.074278
0 0.416859 0.443785 0.023125 0.029847
0 0.452484 0.447764 0.022750 0.029833
0 0.462371 0.411292 0.016414 0.019222
0 0.435695 0.408972 0.015297 0.019889
0 0.414809 0.401340 0.024242 0.033819
0 0.388137 0.426215 0.017164 0.030514
0 0.299352 0.539944 0.041047 0.056361
0 0.341320 0.581396 0.047375 0.070292
1 0.128055 0.691757 0.256109 0.409931
1 0.349309 0.444590 0.069633 0.119931
