0 0.424180 0.432625 0.023766 0.046611
0 0.405559 0.471604 0.023758 0.034847
0 0.430789 0.504493 0.030625 0.043986
0 0.930395 0.854035 0.139211 0.190736
0 0.672937 0.515069 0.037734 0.054000
0 0.590500 0.474132 0.023766 0.039208
0 0.608492 0.440924 0.020109 0.037014
0 0.364891 0.463549 0.023766 0.030042
0 0.329992 0.603431 0.051156 0.065333
0 0.363445 0.764979 0.071734 0.112375
0 0.214137 0.792889 0.096133 0.117583
1 0.392711 0.408118 0.050016 0.084931
1 0.301680 0.489292 0.103187 0.155222
0 0.147340 0.721597 0.097898 0.099306
0 0.568742 0.428139 0.017641 0.026139
0 0.545582 0.443382 0.019867 0.030486
0 0.453945 0.442861 0.019109 0.027000
