0 0.460609 0.415167 0.016625 0.023806
1 0.112730 0.753993 0.225461 0.492014
1 0.337738 0.455792 0.073055 0.132833
0 0.739172 0.777715 0.144391 0.317542
0 0.947258 0.866528 0.105484 0.172000
0 0.730168 0.589583 0.054836 0.090250
0 0.635418 0.549125 0.036930 0.059750
0 0.570508 0.545813 0.038422 0.069042
0 0.628879 0.469542 0.021164 0.037639
0 0.422469 0.546632 0.034844 0.054764
0 0.378809 0.505188 0.043836 0.083514
0 0.320367 0.617375 0.056266 0.072444
0 0.281355 0.563493 0.046633 0.061958
0 0.345082 0.791451 0.082070 0.123292
0 0.448832 0.457750 0.020742 0.034583
0 0.413430 0.451993 0.021609 0.033042
0 0.381156 0.440285 0.016641 0.048014
0 0.410094 0.406146 0.025250 0.041069
0 0.432867 0.415361 0.013812 0.024944
0 0.539402 0.419771 0.022242 0.030708
0 0.590457 0.432819 0.023742 0.033778
