0 0.128562 0.934160 0.151969 0.131681
0 0.578152 0.403167 0.012695 0.019556
0 0.647555 0.486938 0.028047 0.037903
0 0.608578 0.441340 0.019391 0.031986
0 0.558617 0.446674 0.030047 0.073431
0 0.532965 0.415285 0.017383 0.027236
1 0.274137 0.510056 0.132648 0.190722
0 0.453020 0.449632 0.021383 0.031986
0 0.463012 0.412326 0.016055 0.028431
0 0.778469 0.653347 0.072688 0.093556
0 0.435695 0.422979 0.017391 0.021319
0 0.440691 0.409361 0.014055 0.017778
0 0.417375 0.442521 0.023391 0.027236
0 0.431363 0.529576 0.032711 0.049736
0 0.385395 0.501743 0.034039 0.043819
0 0.388395 0.427132 0.025383 0.050931
0 0.347754 0.468576 0.029383 0.050931
0 0.374738 0.718486 0.060695 0.105417
0 0.301445 0.623722 0.083359 0.136167
0 0.152871 0.720854 0.091367 0.093569
