0 0.582207 0.454965 0.022164 0.034014
0 0.468016 0.405625 0.015406 0.018194
0 0.461836 0.422826 0.013766 0.018653
0 0.447840 0.448542 0.022633 0.036083
0 0.422063 0.436306 0.019125 0.025722
0 0.352078 0.475910 0.030328 0.032764
0 0.394066 0.484417 0.025195 0.034000
0 0.420430 0.561556 0.037328 0.053083
1 0.548125 0.375507 0.019828 0.049764
1 0.439023 0.395417 0.020297 0.039806
0 0.404566 0.411007 0.019602 0.028208
0 0.673199 0.605146 0.049336 0.085986
0 0.293148 0.642465 0.062750 0.089986
0 0.239500 0.610319 0.059953 0.072167
0 0.076922 0.980049 0.150766 0.039903
1 0.577402 0.384014 0.024727 0.054333
