0 0.157508 0.708771 0.094187 0.096236
1 0.450535 0.359826 0.013539 0.025403
1 0.398285 0.450271 0.035836 0.069958
0 0.548648 0.383444 0.012781 0.020056
0 0.443020 0.374306 0.009523 0.013361
0 0.456801 0.380097 0.010523 0.013361
0 0.476094 0.387229 0.013031 0.016042
0 0.432117 0.388562 0.012281 0.017819
0 0.449906 0.391687 0.012781 0.018708
0 0.469332 0.404382 0.014539 0.020931
0 0.437504 0.412403 0.016539 0.021833
0 0.453168 0.439576 0.017789 0.027181
0 0.446148 0.468986 0.025813 0.036972
0 0.349914 0.470542 0.036844 0.056139
0 0.429984 0.518889 0.032578 0.046778
0 0.350793 0.549847 0.040602 0.054361
0 0.391641 0.622021 0.051125 0.084653
0 0.209473 0.805326 0.096352 0.123819
0 0.963090 0.905313 0.073820 0.179597
0 0.700473 0.551375 0.046914 0.065222
