0 0.780832 0.779715 0.098680 0.162542
0 0.321797 0.593715 0.050734 0.071542
0 0.267559 0.575743 0.050742 0.064625
0 0.174863 0.867521 0.121898 0.152208
0 0.024063 0.900194 0.048125 0.162528
1 0.552465 0.381181 0.021273 0.053750
1 0.582977 0.390882 0.027438 0.061208
1 0.441027 0.391306 0.019602 0.036917
0 0.408387 0.405410 0.018227 0.034431
0 0.524777 0.387986 0.012133 0.017833
0 0.469719 0.403542 0.013063 0.016583
0 0.462723 0.418056 0.015398 0.018250
0 0.451172 0.439007 0.019828 0.032764
0 0.427145 0.428840 0.018430 0.023236
0 0.362180 0.465333 0.027063 0.035667
0 0.401719 0.469694 0.024500 0.035250
0 0.428312 0.535632 0.034297 0.050181
0 0.601437 0.486750 0.028188 0.038361
0 0.284680 0.975069 0.117906 0.049861
