0 0.470516 0.398111 0.016094 0.017417
1 0.445688 0.387306 0.017469 0.034639
1 0.557211 0.391187 0.024859 0.063903
1 0.595340 0.402236 0.035945 0.069278
0 0.464914 0.412417 0.015625 0.018667
0 0.528359 0.400833 0.013281 0.020278
0 0.455352 0.428590 0.016563 0.028625
0 0.413477 0.402674 0.017734 0.024875
0 0.346488 0.828201 0.095773 0.178903
0 0.259418 0.720722 0.080305 0.101472
0 0.074078 0.784361 0.148156 0.168556
0 0.643844 0.557569 0.040359 0.057222
0 0.347730 0.549931 0.042992 0.059722
0 0.297344 0.540375 0.043000 0.052556
0 0.374637 0.452847 0.025430 0.029861
0 0.436805 0.508431 0.030328 0.046444
0 0.411730 0.455549 0.021695 0.032764
0 0.432605 0.419056 0.017258 0.021972
