1 0.420039 0.386528 0.022422 0.043611
0 0.445609 0.392285 0.013234 0.015597
0 0.338500 0.576465 0.048766 0.059319
0 0.438168 0.512326 0.027133 0.047764
0 0.368941 0.457979 0.024945 0.029958
0 0.407984 0.461139 0.025969 0.034833
0 0.400230 0.418035 0.016570 0.022792
0 0.416246 0.437715 0.018086 0.025681
0 0.436719 0.409806 0.014438 0.021167
1 0.622504 0.431292 0.052664 0.090000
0 0.988422 0.943556 0.023156 0.104083
0 0.808820 0.836639 0.101109 0.148694
0 0.640008 0.721521 0.066484 0.124069
0 0.545844 0.458590 0.023516 0.034597
0 0.537824 0.417819 0.015930 0.023528
0 0.529062 0.398264 0.016828 0.022639
0 0.572270 0.395215 0.011508 0.017431
0 0.558930 0.377569 0.010797 0.015833
0 0.473621 0.388076 0.010398 0.016319
0 0.445609 0.392285 0.013234 0.015597
0 0.229652 0.609743 0.061352 0.063875
0 0.328516 0.872771 0.096750 0.154681
0 0.456629 0.442653 0.018930 0.027500
0 0.338500 0.576465 0.048766 0.059319
0 0.438168 0.512326 0.027133 0.047764
0 0.368941 0.457979 0.024945 0.029958
0 0.407984 0.461139 0.025969 0.034833
0 0.400230 0.418035 0.016570 0.022792
0 0.416246 0.437715 0.018086 0.025681
0 0.436719 0.409806 0.014438 0.021167
1 0.622504 0.431292 0.052664 0.090000
0 0.988422 0.943556 0.023156 0.104083
0 0.808820 0.836639 0.101109 0.148694
0 0.640008 0.721521 0.066484 0.124069
0 0.545844 0.458590 0.023516 0.034597
0 0.537824 0.417819 0.015930 0.023528
0 0.529062 0.398264 0.016828 0.022639
0 0.572270 0.395215 0.011508 0.017431
0 0.558930 0.377569 0.010797 0.015833
0 0.473621 0.388076 0.010398 0.016319
0 0.229652 0.609743 0.061352 0.063875
0 0.328516 0.872771 0.096750 0.154681
0 0.456629 0.442653 0.018930 0.027500
1 0.420039 0.386528 0.022422 0.043611
