0 0.414328 0.402500 0.015359 0.025222
0 0.465941 0.408368 0.011664 0.018319
0 0.432703 0.417014 0.013219 0.022472
0 0.455641 0.424271 0.017109 0.030069
0 0.527859 0.403361 0.014969 0.017972
0 0.471293 0.396104 0.013023 0.015208
1 0.559090 0.395993 0.027992 0.069681
1 0.599223 0.405951 0.038273 0.072986
1 0.446883 0.386250 0.018203 0.036917
0 0.099254 0.756326 0.133992 0.159097
0 0.272914 0.695701 0.075953 0.098042
0 0.357324 0.784271 0.087070 0.158236
0 0.354664 0.539187 0.039188 0.055042
0 0.304887 0.532069 0.041992 0.051750
0 0.439820 0.499972 0.029672 0.043306
0 0.413367 0.451951 0.023234 0.026875
0 0.376555 0.449215 0.023516 0.027375
0 0.661164 0.587660 0.046469 0.066681
