0 0.617465 0.463590 0.029273 0.037819
0 0.434805 0.504160 0.029547 0.049653
0 0.311523 0.522312 0.036531 0.049653
0 0.132652 0.926840 0.143961 0.146319
0 0.550996 0.395840 0.013555 0.018292
0 0.593316 0.419771 0.019695 0.026653
0 0.394555 0.474417 0.035234 0.068667
0 0.456855 0.437340 0.018914 0.023069
0 0.421754 0.436417 0.021242 0.024917
0 0.682141 0.528514 0.032281 0.048694
0 0.393129 0.421451 0.016320 0.032736
0 0.417480 0.397736 0.017352 0.035972
0 0.550633 0.455069 0.024094 0.038278
0 0.464625 0.408326 0.014766 0.021236
0 0.438723 0.405792 0.016836 0.024444
0 0.942590 0.845847 0.114820 0.216333
0 0.654047 0.808993 0.093672 0.187014
0 0.383211 0.656958 0.047859 0.087861
0 0.355570 0.555729 0.039750 0.064931
0 0.763164 0.772417 0.090125 0.142083
1 0.353637 0.437792 0.059945 0.113556
1 0.155152 0.627743 0.239477 0.340597
