0 0.466012 0.410750 0.015711 0.022167
0 0.314676 0.928417 0.112867 0.143167
0 0.621051 0.733035 0.064148 0.091236
0 0.686836 0.651757 0.059484 0.097042
0 0.547027 0.471688 0.025852 0.041125
0 0.565207 0.419500 0.014773 0.021778
0 0.582797 0.410688 0.015359 0.020042
0 0.602629 0.424681 0.023133 0.044583
0 0.549926 0.392431 0.013930 0.017000
0 0.567340 0.384368 0.012477 0.015264
0 0.433773 0.416076 0.017328 0.024764
0 0.400074 0.420687 0.018633 0.025347
0 0.411949 0.451556 0.022195 0.029944
0 0.452371 0.451556 0.021055 0.034556
0 0.437086 0.504722 0.026578 0.040028
0 0.417234 0.570792 0.036609 0.053861
0 0.357840 0.546660 0.042930 0.049819
0 0.311590 0.524049 0.045039 0.054153
