0 0.569297 0.389243 0.012000 0.018181
0 0.532961 0.399590 0.016234 0.021319
0 0.548836 0.388618 0.015516 0.019431
0 0.574234 0.437222 0.021875 0.028861
0 0.549719 0.458236 0.022219 0.034500
0 0.616746 0.451958 0.022227 0.029472
0 0.603695 0.496486 0.028578 0.043278
0 0.699125 0.545722 0.045156 0.063972
0 0.267570 0.955090 0.119969 0.089819
0 0.378762 0.713799 0.062914 0.098847
0 0.244160 0.738507 0.083398 0.109236
0 0.181250 0.682590 0.083391 0.091042
0 0.339258 0.579847 0.048281 0.057222
0 0.436555 0.491417 0.027797 0.041611
0 0.455711 0.437014 0.018375 0.026861
0 0.424977 0.425681 0.023813 0.043389
0 0.408961 0.463292 0.025281 0.032972
0 0.370891 0.454958 0.023813 0.031861
1 0.311797 0.479257 0.094375 0.145292
1 0.395141 0.402424 0.047031 0.082569
