0 0.172359 0.658521 0.101938 0.129458
0 0.270660 0.687646 0.094664 0.148875
0 0.396723 0.598653 0.051883 0.090611
0 0.424938 0.544444 0.035500 0.059861
0 0.349391 0.557389 0.042781 0.053389
0 0.299332 0.542014 0.046414 0.058250
0 0.390352 0.495090 0.030031 0.042069
0 0.676156 0.852694 0.101031 0.187694
0 0.682980 0.643958 0.067352 0.090611
0 0.760801 0.626160 0.060977 0.097097
0 0.429383 0.427722 0.021563 0.027528
0 0.396621 0.427715 0.018523 0.029486
0 0.455918 0.437792 0.019352 0.033917
0 0.440441 0.403146 0.019352 0.032431
0 0.451637 0.395278 0.009680 0.017694
0 0.466703 0.409778 0.014375 0.021139
0 0.474859 0.389875 0.014656 0.016722
0 0.456199 0.379306 0.012164 0.016222
0 0.463797 0.372917 0.010781 0.012278
0 0.479004 0.374639 0.011883 0.014750
0 0.467809 0.366535 0.008852 0.015236
0 0.484809 0.364812 0.012992 0.016708
0 0.552957 0.471708 0.028195 0.038833
0 0.569406 0.434111 0.022391 0.030472
0 0.597879 0.428451 0.019633 0.028014
0 0.530285 0.404618 0.016586 0.026542
0 0.549500 0.390861 0.014656 0.020639
0 0.562633 0.379063 0.012719 0.016708
0 0.556273 0.371688 0.011609 0.016708
0 0.541898 0.376604 0.011063 0.015736
0 0.524617 0.387417 0.015203 0.017694
0 0.524344 0.372674 0.011328 0.018681
1 0.359852 0.437306 0.060547 0.105667
1 0.415145 0.388160 0.035664 0.071264
1 0.444172 0.371937 0.015203 0.028014
