0 0.417930 0.577812 0.039922 0.056736
1 0.907176 0.729611 0.185648 0.445806
1 0.727695 0.642931 0.184594 0.341778
0 0.443066 0.488472 0.024914 0.047278
0 0.550617 0.391410 0.013703 0.017208
0 0.459160 0.425528 0.017914 0.023889
0 0.419410 0.435979 0.020711 0.032847
0 0.382879 0.443437 0.020430 0.028875
0 0.366738 0.734431 0.063570 0.098083
0 0.296199 0.654257 0.065836 0.081208
0 0.243293 0.600514 0.065508 0.074056
0 0.529492 0.410722 0.014516 0.023639
0 0.579187 0.399250 0.015094 0.025083
0 0.591367 0.478799 0.026203 0.040847
0 0.551059 0.488125 0.024586 0.032250
0 0.603465 0.659396 0.052805 0.098181
0 0.322973 0.502167 0.042836 0.055722
0 0.394359 0.484243 0.030516 0.039819
