0 0.419617 0.396396 0.018781 0.036069
0 0.576590 0.396889 0.013523 0.019333
0 0.710230 0.936903 0.125055 0.126194
0 0.854879 0.900882 0.138117 0.198236
1 0.361949 0.429097 0.061930 0.102861
1 0.184004 0.614167 0.209773 0.310389
0 0.320055 0.514757 0.032594 0.048736
0 0.396852 0.418812 0.015734 0.032236
0 0.466352 0.402729 0.014250 0.019569
0 0.440445 0.404847 0.015547 0.020722
0 0.704914 0.560222 0.040344 0.064944
0 0.627230 0.476014 0.028758 0.041778
0 0.558035 0.467722 0.029133 0.042444
0 0.597441 0.425250 0.020977 0.031306
0 0.393848 0.629313 0.051086 0.083181
0 0.174980 0.869007 0.125695 0.150014
0 0.363367 0.543097 0.041031 0.061750
0 0.438652 0.495958 0.028289 0.042611
0 0.458148 0.435160 0.019000 0.026097
0 0.424363 0.432861 0.019648 0.020722
0 0.553227 0.401771 0.013187 0.021486
