0 0.822418 0.694049 0.082133 0.111375
0 0.081242 0.757583 0.125297 0.164722
0 0.285719 0.656951 0.063500 0.085181
0 0.374422 0.757639 0.073375 0.119167
0 0.669016 0.592771 0.071734 0.151042
0 0.566211 0.523521 0.029984 0.050708
0 0.626328 0.457931 0.025578 0.037639
0 0.578188 0.423479 0.018156 0.027875
0 0.580504 0.402361 0.014945 0.017861
0 0.565687 0.386924 0.012047 0.017069
0 0.533023 0.407972 0.015313 0.023583
0 0.525574 0.383111 0.011836 0.015972
0 0.308133 0.542583 0.022219 0.062083
0 0.364402 0.538194 0.039508 0.050806
0 0.428254 0.527854 0.039508 0.067736
0 0.394258 0.484590 0.027969 0.036653
0 0.455734 0.448222 0.018578 0.027944
0 0.462672 0.419910 0.015719 0.019236
0 0.432355 0.420097 0.016742 0.021056
0 0.405816 0.417375 0.020008 0.024306
