0 0.436805 0.382771 0.012125 0.014514
1 0.409633 0.435194 0.031031 0.059528
0 0.850062 0.729792 0.099484 0.136972
0 0.232426 0.619118 0.063695 0.070125
0 0.287668 0.663111 0.061492 0.079694
0 0.413715 0.557708 0.038711 0.061417
0 0.374898 0.512271 0.032156 0.039625
0 0.440910 0.487465 0.027055 0.037819
0 0.364219 0.454792 0.028766 0.039194
0 0.451914 0.450437 0.020828 0.028319
0 0.458129 0.426299 0.018148 0.025042
0 0.443238 0.402528 0.014898 0.017417
0 0.472227 0.398000 0.012859 0.016333
0 0.555930 0.400167 0.015313 0.021417
