0 0.583402 0.429958 0.016930 0.030111
0 0.703250 0.647389 0.089328 0.187389
0 0.897914 0.784681 0.110062 0.148639
0 0.576418 0.557146 0.035133 0.061708
0 0.635047 0.468340 0.027937 0.042153
0 0.534508 0.414153 0.017359 0.024083
0 0.584457 0.407757 0.015664 0.018819
0 0.567770 0.391792 0.012695 0.016556
0 0.527113 0.386687 0.012664 0.018819
0 0.112445 0.718694 0.111484 0.142361
0 0.386383 0.711354 0.062797 0.099097
0 0.302063 0.630764 0.058562 0.074639
0 0.315297 0.532611 0.020109 0.057694
0 0.371738 0.527910 0.034930 0.049542
0 0.431535 0.516625 0.038102 0.062083
0 0.398086 0.480188 0.027438 0.038764
0 0.457738 0.443403 0.018867 0.027917
0 0.462887 0.416819 0.014945 0.020028
0 0.433984 0.416618 0.015469 0.021292
0 0.407273 0.413771 0.016906 0.023514
