0 0.306262 0.640201 0.059086 0.075542
0 0.646996 0.482542 0.032383 0.046056
0 0.779984 0.664472 0.079500 0.100333
0 0.667180 0.767590 0.079500 0.151931
0 0.409219 0.405035 0.014766 0.035458
0 0.417625 0.439569 0.024891 0.048361
0 0.451172 0.451313 0.018938 0.026708
0 0.354816 0.474340 0.025648 0.036847
0 0.396781 0.484243 0.027719 0.039153
0 0.423426 0.525021 0.033945 0.051069
0 0.577574 0.449146 0.019945 0.029014
0 0.333387 0.873208 0.092930 0.138556
0 0.150484 0.910451 0.122469 0.167208
0 0.083848 0.801264 0.120414 0.129000
1 0.382574 0.411222 0.042898 0.082889
0 0.539836 0.425444 0.020094 0.025694
0 0.561762 0.413903 0.015930 0.021778
0 0.595938 0.426750 0.018125 0.027444
1 0.279801 0.513986 0.110398 0.182417
