0 0.542809 0.374882 0.010273 0.017375
0 0.473563 0.391153 0.013031 0.020056
0 0.437102 0.381125 0.011281 0.015139
0 0.447254 0.394042 0.015039 0.023167
0 0.462160 0.417215 0.015789 0.029403
0 0.530828 0.390257 0.012281 0.019153
0 0.571430 0.386917 0.010281 0.019611
0 0.596992 0.425229 0.018797 0.027625
0 0.586594 0.461542 0.026562 0.036972
0 0.643984 0.488500 0.033078 0.047222
0 0.719043 0.558674 0.054383 0.084208
0 0.652754 0.571146 0.042102 0.065486
0 0.137418 0.929181 0.139445 0.141639
0 0.065895 0.831799 0.131789 0.160903
0 0.308262 0.635090 0.057602 0.072375
0 0.423672 0.563111 0.040703 0.057750
0 0.447504 0.472771 0.022805 0.036542
0 0.405898 0.468319 0.026813 0.034750
0 0.367684 0.459181 0.029070 0.036972
0 0.432090 0.416854 0.017539 0.025403
0 0.420188 0.398590 0.012281 0.021819
1 0.559148 0.400062 0.020297 0.041431
1 0.392867 0.426125 0.025062 0.036528
1 0.317789 0.894493 0.127750 0.211014
