0 0.527945 0.398278 0.013969 0.023333
0 0.351418 0.809090 0.082008 0.125542
0 0.725203 0.934160 0.113922 0.131681
0 0.436363 0.413507 0.014727 0.018958
0 0.429031 0.431868 0.018719 0.024875
0 0.335098 0.479243 0.034711 0.050931
0 0.382063 0.434236 0.024719 0.048556
0 0.372734 0.523660 0.035375 0.054486
0 0.422371 0.562153 0.038711 0.065139
0 0.410723 0.451410 0.020742 0.028431
0 0.460344 0.418243 0.018719 0.030792
0 0.450352 0.456146 0.021391 0.028431
0 0.548953 0.424167 0.030719 0.059222
0 0.594922 0.422979 0.018719 0.030792
0 0.623906 0.458514 0.024719 0.033167
0 0.702520 0.560375 0.047367 0.061583
0 0.873070 0.758792 0.107328 0.150361
1 0.241836 0.540778 0.157266 0.219000
0 0.081273 0.809722 0.118641 0.129167
0 0.261492 0.688868 0.100641 0.166986
