1 0.561332 0.364868 0.017820 0.043486
0 0.551637 0.396646 0.013227 0.017042
0 0.450258 0.393583 0.013219 0.016583
0 0.462797 0.410167 0.014188 0.019361
0 0.459199 0.430910 0.018664 0.026264
0 0.383129 0.433889 0.025477 0.035833
0 0.451016 0.454042 0.022391 0.029361
0 0.431281 0.499826 0.027719 0.050264
0 0.397965 0.472951 0.024914 0.033347
0 0.298730 0.541125 0.043117 0.048278
0 0.348254 0.560403 0.041148 0.057194
0 0.356914 0.774194 0.082750 0.123333
0 0.052863 0.867076 0.105727 0.154542
1 0.423793 0.414410 0.024836 0.052069
0 0.573371 0.432674 0.021195 0.031431
