1 0.444562 0.365292 0.014828 0.027111
0 0.396988 0.628958 0.054492 0.078917
0 0.429645 0.526632 0.036086 0.048764
0 0.302797 0.519896 0.050156 0.076347
0 0.424199 0.432347 0.020258 0.024500
0 0.271219 0.942632 0.129922 0.114736
0 0.442977 0.474486 0.026109 0.034528
0 0.373441 0.441444 0.019820 0.015972
0 0.463348 0.421021 0.016305 0.024875
0 0.419176 0.401347 0.014852 0.020417
0 0.440687 0.403201 0.014812 0.022653
0 0.472109 0.397076 0.015031 0.018569
0 0.448727 0.389056 0.012906 0.018056
0 0.434590 0.382090 0.011602 0.015458
0 0.848367 0.730403 0.097438 0.119333
0 0.658188 0.499250 0.031750 0.043806
0 0.606918 0.440958 0.022352 0.032667
1 0.364082 0.498444 0.051102 0.100083
0 0.258953 0.705306 0.075062 0.093028
