1 0.675742 0.485326 0.090297 0.149069
0 0.399594 0.466299 0.025078 0.036292
0 0.359160 0.469229 0.027414 0.032486
0 0.401734 0.421368 0.018469 0.021764
0 0.452570 0.447979 0.019828 0.027292
0 0.433129 0.421368 0.014383 0.021764
0 0.466176 0.400972 0.013414 0.020389
0 0.446930 0.395278 0.011469 0.017278
0 0.548078 0.473069 0.024109 0.037667
0 0.533887 0.421986 0.016852 0.021889
0 0.522680 0.381285 0.011422 0.014931
0 0.565879 0.381250 0.012430 0.015833
1 0.455934 0.373437 0.014930 0.031514
1 0.601164 0.458444 0.058047 0.128278
0 0.129973 0.925764 0.154305 0.148472
0 0.111207 0.758410 0.122273 0.120042
0 0.561848 0.419625 0.015789 0.027472
0 0.267516 0.563722 0.060469 0.076639
0 0.374844 0.755472 0.069703 0.105000
0 0.424617 0.549840 0.037234 0.063708
0 0.364348 0.534014 0.039195 0.051250
