0 0.622031 0.561222 0.062359 0.137611
1 0.318027 0.467160 0.085945 0.136653
1 0.081992 0.778458 0.161516 0.421083
0 0.457609 0.424486 0.017359 0.021694
0 0.426652 0.422417 0.017102 0.018472
0 0.403727 0.411139 0.021500 0.040111
0 0.371332 0.444069 0.021523 0.042417
0 0.405277 0.465708 0.026164 0.032278
0 0.283891 0.953806 0.108937 0.092389
0 0.249559 0.602153 0.054836 0.077583
0 0.277531 0.689021 0.073484 0.092181
0 0.358480 0.535833 0.048867 0.094833
0 0.411805 0.589215 0.039203 0.066319
0 0.443137 0.476153 0.025773 0.032500
0 0.605035 0.440007 0.018320 0.029181
0 0.597406 0.481785 0.026109 0.038458
0 0.549641 0.471507 0.025406 0.045764
0 0.663125 0.503451 0.031750 0.060264
0 0.763844 0.627118 0.062359 0.093681
