0 0.324684 0.609181 0.052602 0.068306
0 0.141102 0.731667 0.100266 0.105833
0 0.360086 0.783167 0.073484 0.116889
1 0.389426 0.406396 0.045852 0.081097
1 0.297078 0.494917 0.100719 0.163806
0 0.607184 0.438264 0.016195 0.027139
0 0.566941 0.423069 0.017102 0.019944
0 0.543469 0.440472 0.017406 0.027139
0 0.895422 0.804590 0.128406 0.188403
0 0.668930 0.510597 0.035406 0.058889
0 0.587426 0.466917 0.022070 0.036472
0 0.205703 0.807222 0.098625 0.130639
0 0.422082 0.431910 0.024555 0.045375
0 0.453945 0.443514 0.019891 0.027694
0 0.362086 0.463410 0.027672 0.032097
0 0.403898 0.474181 0.026734 0.037083
0 0.430164 0.507625 0.030781 0.046472
