0 0.310238 0.941215 0.112195 0.117569
0 0.725664 0.597236 0.058078 0.080333
0 0.618340 0.641924 0.060008 0.100958
0 0.632203 0.465118 0.029547 0.046236
0 0.464875 0.417319 0.016016 0.020500
0 0.414113 0.445097 0.027461 0.049278
0 0.448176 0.460528 0.022539 0.034083
0 0.349938 0.479667 0.029094 0.035806
0 0.393031 0.493590 0.031688 0.043764
0 0.537621 0.416410 0.016430 0.021153
0 0.432406 0.418278 0.016547 0.021139
0 0.591816 0.419660 0.013602 0.021486
1 0.264844 0.529708 0.133750 0.203500
1 0.378887 0.414340 0.049242 0.086875
0 0.407750 0.407361 0.014047 0.028778
0 0.985387 0.931563 0.029227 0.134069
0 0.419695 0.538354 0.035813 0.048403
0 0.091703 0.963215 0.167156 0.073569
0 0.290145 0.672278 0.070367 0.089861
0 0.055539 0.866611 0.111078 0.149889
0 0.570500 0.435007 0.020547 0.028792
