0 0.459227 0.427458 0.017641 0.020917
0 0.427039 0.427465 0.018516 0.024042
0 0.397492 0.423021 0.019984 0.026653
0 0.451293 0.462993 0.021758 0.032403
0 0.381617 0.505854 0.030578 0.041819
0 0.281789 0.574785 0.027438 0.068375
0 0.342570 0.577528 0.047281 0.063139
0 0.418148 0.563806 0.046547 0.084500
0 0.231219 0.753521 0.086875 0.115597
0 0.328398 0.916083 0.106172 0.167083
0 0.617547 0.501618 0.046297 0.091903
0 0.712379 0.566576 0.048383 0.068958
0 0.549727 0.466521 0.021641 0.037014
0 0.606906 0.433854 0.021641 0.030486
0 0.565262 0.407361 0.016336 0.023222
0 0.573629 0.393569 0.014289 0.017417
0 0.529535 0.394833 0.015930 0.020694
0 0.524012 0.375771 0.010602 0.015986
