0 0.440969 0.483451 0.025516 0.037403
0 0.605254 0.435285 0.021930 0.030292
0 0.397949 0.415896 0.013992 0.032236
1 0.366047 0.427910 0.054250 0.095597
0 0.579266 0.403417 0.011469 0.019861
0 0.425020 0.426937 0.023055 0.022153
1 0.209430 0.584757 0.185359 0.273125
0 0.217043 0.802049 0.104258 0.126181
0 0.744875 0.609840 0.048406 0.081486
0 0.643527 0.498181 0.034023 0.044556
0 0.567652 0.493000 0.031789 0.045361
0 0.404047 0.599632 0.049250 0.069264
0 0.556625 0.408910 0.012641 0.021431
0 0.329957 0.506931 0.032680 0.042972
0 0.372707 0.526028 0.036711 0.052528
0 0.460535 0.429889 0.016789 0.022111
0 0.403148 0.463160 0.030437 0.060486
