0 0.539559 0.443368 0.021164 0.036375
0 0.596180 0.425493 0.017281 0.024458
0 0.572367 0.394139 0.012000 0.019444
0 0.303695 0.530667 0.041891 0.047472
0 0.379270 0.508021 0.030867 0.041375
0 0.557375 0.484451 0.027875 0.040764
0 0.592301 0.611139 0.049742 0.082167
1 0.429520 0.377924 0.021555 0.039625
0 0.448848 0.470562 0.022055 0.036153
1 0.189562 0.759299 0.157484 0.280875
1 0.063031 0.762014 0.126063 0.185139
0 0.400492 0.632653 0.048687 0.083417
0 0.462602 0.423431 0.017188 0.021778
0 0.412414 0.406042 0.013438 0.019056
0 0.428660 0.418299 0.017008 0.020569
0 0.322242 0.904403 0.104562 0.168583
0 0.389191 0.434632 0.020820 0.025264
0 0.422020 0.438764 0.017883 0.028306
1 0.697004 0.513174 0.107602 0.173097
