0 0.450426 0.453826 0.020930 0.040458
0 0.543164 0.438333 0.021797 0.036944
0 0.424031 0.437646 0.017297 0.027514
0 0.389898 0.436028 0.021844 0.037222
0 0.205125 0.792014 0.136531 0.199028
0 0.100457 0.745097 0.134711 0.179611
0 0.376699 0.673083 0.064617 0.103556
0 0.326184 0.599465 0.050977 0.079292
0 0.271117 0.572764 0.055516 0.077667
0 0.416293 0.587319 0.047336 0.071194
0 0.378977 0.520986 0.040047 0.051778
0 0.598785 0.611597 0.051883 0.090611
0 0.771723 0.800917 0.095570 0.165056
0 0.956039 0.886681 0.085562 0.203889
0 0.689352 0.540396 0.041875 0.067958
0 0.622906 0.530694 0.036406 0.058250
0 0.463441 0.416556 0.016039 0.025556
0 0.438422 0.411153 0.020188 0.038333
0 0.448652 0.398375 0.010227 0.019667
0 0.472289 0.395431 0.014375 0.022611
0 0.453629 0.383389 0.012992 0.016222
0 0.460953 0.375278 0.009406 0.014750
0 0.467313 0.370361 0.008297 0.015722
0 0.477539 0.378965 0.011609 0.017208
0 0.483344 0.367910 0.011062 0.016708
0 0.527305 0.391986 0.014375 0.019667
0 0.522879 0.379951 0.012164 0.020153
0 0.544578 0.382646 0.012437 0.018681
0 0.560199 0.414597 0.018805 0.025556
0 0.586602 0.411653 0.017969 0.025556
0 0.558539 0.374542 0.011609 0.019167
0 0.539051 0.371840 0.011336 0.016708
1 0.347605 0.448757 0.073539 0.119431
1 0.409535 0.391257 0.040914 0.071264
1 0.441188 0.375028 0.016312 0.029000
