0 0.312859 0.894208 0.099594 0.161806
0 0.826395 0.697257 0.091320 0.122236
0 0.659340 0.627542 0.095617 0.198639
0 0.689152 0.534917 0.044586 0.072583
0 0.609828 0.504861 0.033578 0.061667
0 0.556859 0.500556 0.035062 0.053056
0 0.613746 0.449160 0.016789 0.033819
0 0.578906 0.419264 0.019453 0.025778
0 0.534996 0.405674 0.016086 0.023486
0 0.444852 0.467389 0.020234 0.036389
0 0.407676 0.457486 0.023602 0.033167
0 0.417777 0.567326 0.038102 0.059403
0 0.299242 0.652819 0.061172 0.088861
0 0.264922 0.581854 0.049984 0.064986
0 0.367508 0.523833 0.044766 0.090861
0 0.407598 0.408083 0.022664 0.041278
0 0.429723 0.418472 0.019789 0.023056
0 0.458957 0.420236 0.018164 0.022750
0 0.376293 0.438146 0.018711 0.038097
1 0.094293 0.769868 0.188586 0.460264
1 0.326953 0.462056 0.079687 0.136083
