1 0.832570 0.647132 0.230297 0.338236
1 0.685535 0.583431 0.137055 0.274472
0 0.350117 0.783493 0.073234 0.109292
0 0.279234 0.684653 0.072563 0.087194
0 0.227000 0.619556 0.071547 0.081222
0 0.315160 0.509743 0.043539 0.063097
0 0.389402 0.490639 0.031727 0.040639
0 0.412215 0.407854 0.015680 0.016931
0 0.439145 0.496979 0.027977 0.049764
0 0.378602 0.445972 0.023563 0.029861
0 0.416395 0.440993 0.021695 0.033181
0 0.585477 0.601736 0.043391 0.077972
0 0.583164 0.464097 0.023328 0.034944
0 0.546621 0.472382 0.022164 0.029375
0 0.528254 0.402465 0.014930 0.020736
0 0.458520 0.429521 0.019242 0.025569
0 0.441895 0.408611 0.015164 0.019694
0 0.469637 0.391333 0.012242 0.019361
0 0.414527 0.597549 0.044742 0.060903
