0 0.320117 0.896236 0.104141 0.155528
0 0.223082 0.619944 0.062789 0.071194
0 0.336770 0.582458 0.047789 0.058806
0 0.436754 0.514715 0.027055 0.045792
0 0.366801 0.459097 0.025273 0.030528
0 0.406590 0.462500 0.024789 0.036278
0 0.320117 0.896236 0.104141 0.155528
0 0.415723 0.438167 0.017820 0.026639
0 0.456152 0.443694 0.018492 0.026639
0 0.397766 0.418972 0.013500 0.021833
0 0.436477 0.410500 0.015469 0.022083
0 0.445266 0.392792 0.012938 0.016194
0 0.964285 0.916264 0.071430 0.167472
0 0.778281 0.782764 0.087484 0.129806
0 0.544211 0.454090 0.022953 0.034792
0 0.537348 0.415431 0.015523 0.022528
0 0.529297 0.396674 0.015656 0.022069
0 0.571375 0.393410 0.010688 0.016125
0 0.473910 0.387931 0.009680 0.015000
0 0.558609 0.376167 0.010875 0.015333
1 0.419703 0.386056 0.022594 0.041333
1 0.619812 0.427889 0.050406 0.087194
1 0.619812 0.427889 0.050406 0.087194
1 0.419703 0.386056 0.022594 0.041333
0 0.558609 0.376167 0.010875 0.015333
0 0.366801 0.459097 0.025273 0.030528
0 0.415723 0.438167 0.017820 0.026639
0 0.629531 0.688319 0.059937 0.111750
0 0.473910 0.387931 0.009680 0.015000
0 0.571375 0.393410 0.010688 0.016125
0 0.529297 0.396674 0.015656 0.022069
0 0.537348 0.415431 0.015523 0.022528
0 0.544211 0.454090 0.022953 0.034792
0 0.778281 0.782764 0.087484 0.129806
0 0.964285 0.916264 0.071430 0.167472
0 0.445266 0.392792 0.012938 0.016194
0 0.436477 0.410500 0.015469 0.022083
0 0.629531 0.688319 0.059937 0.111750
0 0.397766 0.418972 0.013500 0.021833
0 0.456152 0.443694 0.018492 0.026639
0 0.406590 0.462500 0.024789 0.036278
0 0.436754 0.514715 0.027055 0.045792
0 0.336770 0.582458 0.047789 0.058806
0 0.223082 0.619944 0.062789 0.071194
