0 0.594410 0.472090 0.025383 0.032236
0 0.273965 0.700889 0.075414 0.095111
0 0.278996 0.968785 0.109867 0.062431
0 0.615426 0.549910 0.062367 0.127014
0 0.658668 0.499771 0.032820 0.053486
0 0.751328 0.615319 0.059141 0.087861
1 0.316895 0.470694 0.088633 0.148111
1 0.074527 0.781215 0.149055 0.409792
0 0.244484 0.605500 0.056328 0.069694
0 0.370594 0.444479 0.020719 0.039653
0 0.403879 0.412681 0.023055 0.039611
0 0.427570 0.423271 0.018672 0.024875
0 0.457879 0.425806 0.015055 0.026250
0 0.603867 0.434319 0.017875 0.028556
0 0.547383 0.466556 0.026187 0.041444
0 0.404699 0.468160 0.027602 0.037208
0 0.442375 0.479097 0.027609 0.035222
0 0.354523 0.539118 0.050359 0.092903
0 0.412145 0.595986 0.041633 0.068444
