0 0.402238 0.470944 0.027570 0.035528
0 0.394531 0.423403 0.015156 0.021806
0 0.597469 0.599451 0.043875 0.076569
0 0.433953 0.530076 0.029453 0.049458
0 0.287195 0.964326 0.114141 0.071347
0 0.539891 0.439222 0.020719 0.028667
0 0.434094 0.414722 0.016094 0.020972
0 0.528070 0.389785 0.016312 0.019403
0 0.322992 0.607222 0.054016 0.064278
0 0.852199 0.739444 0.094445 0.123556
0 0.696797 0.648285 0.056375 0.088125
0 0.472852 0.391250 0.009453 0.016667
0 0.194934 0.652153 0.073133 0.080028
1 0.609773 0.418444 0.044344 0.078833
0 0.194934 0.652153 0.073133 0.080028
0 0.287195 0.964326 0.114141 0.071347
1 0.416406 0.389931 0.021250 0.045139
0 0.437426 0.379882 0.010805 0.012736
1 0.609773 0.418444 0.044344 0.078833
0 0.568758 0.389806 0.011063 0.015833
0 0.411836 0.443875 0.020516 0.027278
0 0.287195 0.964326 0.114141 0.071347
0 0.555246 0.373639 0.009789 0.013833
0 0.568758 0.389806 0.011063 0.015833
0 0.534301 0.407188 0.015305 0.019792
0 0.287195 0.964326 0.114141 0.071347
0 0.539891 0.439222 0.020719 0.028667
1 0.416406 0.389931 0.021250 0.045139
0 0.437426 0.379882 0.010805 0.012736
0 0.444027 0.395889 0.012492 0.015667
0 0.555246 0.373639 0.009789 0.013833
0 0.444027 0.395889 0.012492 0.015667
0 0.454508 0.448250 0.020422 0.025167
0 0.322992 0.607222 0.054016 0.064278
0 0.194934 0.652153 0.073133 0.080028
0 0.597469 0.599451 0.043875 0.076569
0 0.472852 0.391250 0.009453 0.016667
0 0.696797 0.648285 0.056375 0.088125
0 0.852199 0.739444 0.094445 0.123556
0 0.434094 0.414722 0.016094 0.020972
0 0.394531 0.423403 0.015156 0.021806
0 0.194934 0.652153 0.073133 0.080028
0 0.454508 0.448250 0.020422 0.025167
0 0.411836 0.443875 0.020516 0.027278
0 0.433953 0.530076 0.029453 0.049458
0 0.402238 0.470944 0.027570 0.035528
0 0.360582 0.468000 0.027367 0.032028
0 0.528070 0.389785 0.016312 0.019403
0 0.534301 0.407188 0.015305 0.019792
0 0.360582 0.468000 0.027367 0.032028
