0 0.331555 0.583903 0.047406 0.060528
1 0.389449 0.460590 0.040602 0.076986
1 0.449324 0.360583 0.013570 0.027472
0 0.440680 0.376917 0.009187 0.014861
0 0.454566 0.382674 0.011898 0.015958
0 0.475242 0.389354 0.013578 0.017458
0 0.468141 0.407736 0.013578 0.022278
0 0.448926 0.393993 0.013992 0.020042
0 0.428562 0.391576 0.013781 0.016708
0 0.434828 0.416826 0.017125 0.022653
0 0.450910 0.447458 0.020883 0.028222
0 0.442555 0.481431 0.027984 0.038250
0 0.421777 0.543250 0.034883 0.052722
0 0.372492 0.683403 0.063281 0.105806
0 0.127832 0.931458 0.133242 0.137083
0 0.088461 0.792931 0.123844 0.125861
0 0.337332 0.483965 0.038617 0.060958
0 0.803848 0.677014 0.072898 0.102639
0 0.658230 0.502507 0.034289 0.052597
