0 0.546461 0.439271 0.021500 0.030903
1 0.129594 0.683056 0.259188 0.399333
1 0.351355 0.446701 0.070133 0.122681
0 0.373453 0.696028 0.062656 0.108778
0 0.086867 0.969333 0.159344 0.061333
0 0.610109 0.667833 0.062734 0.115639
0 0.838578 0.705653 0.094656 0.136278
0 0.695566 0.654618 0.061289 0.099403
0 0.659578 0.500972 0.034437 0.045556
0 0.604484 0.450326 0.024609 0.031819
0 0.431961 0.519403 0.030828 0.051167
0 0.344145 0.576049 0.044820 0.061292
0 0.302828 0.536903 0.042484 0.051167
0 0.388137 0.486681 0.036914 0.075250
0 0.453551 0.445042 0.021367 0.027278
0 0.418793 0.442160 0.023961 0.029208
0 0.389762 0.425472 0.014680 0.035722
0 0.416125 0.401674 0.020328 0.039014
0 0.435551 0.409986 0.016727 0.021750
0 0.461996 0.408708 0.017086 0.023667
0 0.587379 0.412687 0.018305 0.028542
