0 0.223453 0.783139 0.096531 0.118972
0 0.428051 0.427313 0.022273 0.023792
0 0.609016 0.436507 0.021484 0.035014
0 0.580703 0.403056 0.012641 0.019861
0 0.557613 0.409326 0.014148 0.019347
1 0.216078 0.576431 0.172750 0.261278
0 0.459652 0.427458 0.017617 0.027167
0 0.398000 0.414104 0.012953 0.030847
0 0.404027 0.460764 0.031711 0.057694
0 0.443008 0.481653 0.026109 0.038472
0 0.328980 0.501729 0.033305 0.049764
0 0.372762 0.523687 0.037070 0.055486
0 0.569898 0.501729 0.033844 0.051653
0 0.648863 0.503639 0.035992 0.049750
0 0.760188 0.627542 0.053234 0.085944
0 0.403809 0.593646 0.042977 0.063986
1 0.369172 0.427465 0.061234 0.100847
