0 0.653195 0.493458 0.030078 0.043444
0 0.443156 0.478576 0.025984 0.040042
0 0.427785 0.531313 0.035945 0.053125
0 0.299816 0.526313 0.051961 0.076986
0 0.394437 0.639090 0.053266 0.082375
0 0.251531 0.719167 0.077516 0.097778
0 0.260758 0.959285 0.132516 0.081431
1 0.444168 0.367333 0.015039 0.026361
1 0.361871 0.500903 0.050883 0.098806
0 0.823621 0.701076 0.086258 0.109069
0 0.604223 0.437208 0.021930 0.033417
0 0.372137 0.443160 0.018195 0.015403
0 0.435352 0.383715 0.012016 0.014542
0 0.448145 0.390521 0.011133 0.017014
0 0.471812 0.397486 0.014625 0.020417
0 0.441184 0.404292 0.013570 0.021667
0 0.462859 0.422757 0.016891 0.025403
0 0.418473 0.402125 0.014445 0.019806
0 0.423453 0.434313 0.019484 0.025403
