0 0.402629 0.463424 0.024961 0.038153
0 0.434473 0.419403 0.014273 0.017917
0 0.403930 0.418979 0.017688 0.019347
0 0.564215 0.425792 0.017305 0.025222
0 0.447934 0.395375 0.012133 0.016583
1 0.456051 0.373194 0.015711 0.028333
1 0.686023 0.497132 0.092375 0.163736
1 0.608453 0.468819 0.063266 0.136861
0 0.163027 0.889222 0.135852 0.157667
0 0.132871 0.732493 0.111258 0.112514
0 0.275414 0.555840 0.058047 0.074542
0 0.383207 0.723889 0.066914 0.102472
0 0.368453 0.527500 0.036547 0.051139
0 0.428668 0.539854 0.037586 0.061347
0 0.362949 0.465549 0.025898 0.032764
0 0.453648 0.446528 0.019031 0.029361
0 0.551402 0.486681 0.023852 0.041806
0 0.465457 0.400215 0.013023 0.018319
0 0.524070 0.384146 0.012828 0.015208
0 0.566836 0.381729 0.012828 0.021431
0 0.534570 0.427347 0.016328 0.024194
