0 0.441539 0.481250 0.027734 0.034806
0 0.909406 0.799215 0.124969 0.165264
0 0.556539 0.402743 0.013234 0.027181
0 0.473559 0.396910 0.012758 0.018153
0 0.443445 0.402660 0.012422 0.019958
0 0.457055 0.423361 0.016500 0.025083
0 0.452937 0.448264 0.020250 0.029333
0 0.416246 0.547965 0.034914 0.061708
0 0.379602 0.506951 0.031438 0.040653
0 0.366332 0.449424 0.029805 0.048264
0 0.244504 0.604750 0.060508 0.064889
0 0.298398 0.640028 0.059531 0.070111
1 0.411188 0.432632 0.031469 0.062903
0 0.437434 0.381063 0.012133 0.013681
