0 0.420141 0.533271 0.036391 0.055736
0 0.454277 0.441868 0.020758 0.026958
0 0.445766 0.474417 0.026594 0.035667
0 0.560422 0.407028 0.016094 0.026139
0 0.473594 0.395167 0.012594 0.017833
0 0.438949 0.381035 0.011898 0.014569
1 0.413840 0.427861 0.029555 0.055528
0 0.444434 0.400118 0.012602 0.016958
1 0.556004 0.359778 0.015117 0.032250
0 0.289555 0.966354 0.113547 0.067292
0 0.259371 0.588507 0.055430 0.060708
0 0.313625 0.618618 0.050672 0.069181
0 0.384168 0.497437 0.027711 0.038819
0 0.370840 0.446222 0.028273 0.040806
0 0.459293 0.419882 0.018664 0.021153
