0 0.553203 0.402632 0.014438 0.019347
0 0.185578 0.853854 0.118812 0.143569
1 0.364492 0.432306 0.063922 0.107056
1 0.189277 0.602854 0.196477 0.290153
0 0.423727 0.431563 0.018391 0.024403
0 0.400969 0.468257 0.035062 0.061014
0 0.633500 0.481264 0.029094 0.045444
0 0.714102 0.567097 0.039797 0.067806
0 0.734684 0.978549 0.088961 0.042903
0 0.887453 0.938542 0.136141 0.122361
0 0.440547 0.493201 0.025469 0.037486
0 0.558793 0.472014 0.028992 0.041250
0 0.322348 0.513458 0.034914 0.044556
0 0.366219 0.540521 0.039391 0.055708
0 0.394418 0.622083 0.047445 0.074000
0 0.599617 0.426701 0.022016 0.029514
0 0.457656 0.432715 0.018391 0.025792
0 0.576148 0.398194 0.011469 0.019861
