1 0.174086 0.658299 0.096922 0.133958
0 0.394531 0.478618 0.028578 0.035125
0 0.452031 0.451333 0.020109 0.030722
0 0.428574 0.425931 0.019055 0.026333
0 0.398234 0.422174 0.019750 0.021319
1 0.833113 0.662431 0.245789 0.357639
0 0.464734 0.413389 0.017281 0.022583
1 0.275844 0.630306 0.099906 0.194167
0 0.377871 0.707826 0.066883 0.091819
0 0.418926 0.563660 0.038086 0.062403
0 0.592191 0.591375 0.044805 0.068361
0 0.555504 0.499812 0.032102 0.050792
0 0.620062 0.456542 0.023641 0.034500
0 0.584434 0.411701 0.017992 0.021319
0 0.569441 0.392257 0.011992 0.017569
0 0.330496 0.497743 0.033867 0.038264
