0 0.396449 0.640868 0.049961 0.075542
1 0.298953 0.489507 0.100984 0.162431
1 0.033988 0.809417 0.067977 0.322861
0 0.221336 0.797958 0.099375 0.129972
0 0.210055 0.652806 0.067141 0.084139
0 0.334406 0.574500 0.058016 0.114694
0 0.438082 0.498264 0.024711 0.039861
0 0.397043 0.480194 0.027008 0.035722
0 0.360012 0.454292 0.022023 0.042250
0 0.454566 0.432993 0.016836 0.024208
0 0.421211 0.430111 0.018781 0.022306
0 0.397043 0.418215 0.023117 0.040708
0 0.538660 0.436639 0.018758 0.029194
0 0.581820 0.484993 0.043391 0.088319
0 0.629754 0.468111 0.023555 0.040722
0 0.688043 0.536611 0.037805 0.051083
0 0.947645 0.889854 0.104711 0.183347
0 0.589754 0.417090 0.012273 0.018819
