0 0.375582 0.504694 0.033867 0.042889
0 0.434008 0.525764 0.032172 0.048917
0 0.574883 0.560069 0.040641 0.060500
0 0.888426 0.764993 0.107195 0.150819
0 0.689008 0.555924 0.046750 0.068458
0 0.635500 0.472299 0.030281 0.040236
0 0.546809 0.449250 0.024992 0.031361
0 0.600969 0.433597 0.021234 0.028306
0 0.449910 0.452653 0.025758 0.042028
0 0.407934 0.464875 0.022227 0.032611
0 0.420988 0.438535 0.019398 0.027597
1 0.110305 0.745271 0.220609 0.482486
0 0.350203 0.472729 0.043891 0.063875
0 0.359922 0.822743 0.087625 0.139236
0 0.289859 0.665000 0.068156 0.089556
0 0.262551 0.552861 0.052492 0.077528
