0 0.230461 0.746326 0.089969 0.126931
0 0.182570 0.677194 0.085906 0.081528
0 0.401703 0.617340 0.042375 0.079458
0 0.464793 0.414375 0.017336 0.017194
0 0.379352 0.507431 0.031344 0.047472
0 0.333414 0.498153 0.035828 0.041278
0 0.613941 0.500729 0.033461 0.050875
1 0.543336 0.370528 0.019484 0.041806
0 0.565773 0.424410 0.017734 0.022931
0 0.443430 0.465264 0.026203 0.043000
0 0.414406 0.450931 0.022172 0.028667
0 0.396867 0.420465 0.021766 0.029375
0 0.457336 0.437667 0.017734 0.029389
1 0.568867 0.375306 0.022844 0.051361
1 0.432820 0.403674 0.022844 0.047181
