0 0.445879 0.478049 0.025273 0.036014
0 0.582770 0.451437 0.020930 0.032708
0 0.478668 0.376882 0.011070 0.017819
0 0.454961 0.388201 0.012531 0.018181
0 0.469164 0.402312 0.013359 0.021903
0 0.430422 0.388014 0.011484 0.016333
0 0.439402 0.406208 0.016086 0.024500
0 0.457785 0.436840 0.020258 0.032292
0 0.408703 0.412333 0.016500 0.022639
0 0.420398 0.435917 0.020672 0.027472
0 0.431992 0.521819 0.029594 0.042333
0 0.380027 0.509306 0.035367 0.046833
0 0.337805 0.494556 0.036813 0.045556
0 0.379109 0.719167 0.070156 0.097778
0 0.186613 0.856972 0.116492 0.148583
0 0.573207 0.560826 0.040055 0.070569
0 0.629504 0.459458 0.027789 0.044917
0 0.598289 0.431229 0.018766 0.025653
0 0.558410 0.408771 0.016242 0.024375
0 0.574289 0.395944 0.012625 0.017972
1 0.546863 0.377660 0.013352 0.027597
1 0.469273 0.361938 0.011906 0.021819
1 0.373816 0.448549 0.028148 0.043625
