0 0.547746 0.453174 0.022930 0.031875
0 0.535254 0.422333 0.019695 0.030833
0 0.584203 0.411618 0.016469 0.024042
1 0.426535 0.380792 0.022664 0.038833
0 0.280566 0.554229 0.046055 0.054014
0 0.366434 0.528750 0.037477 0.050083
0 0.444340 0.483236 0.023758 0.039194
0 0.565684 0.387583 0.011758 0.017778
1 0.108086 0.848750 0.216172 0.302500
0 0.381258 0.691722 0.061734 0.092333
0 0.382113 0.442729 0.021320 0.027014
0 0.461223 0.430514 0.017352 0.025056
0 0.423984 0.423167 0.017766 0.022167
1 0.659715 0.471903 0.079727 0.131083
0 0.408469 0.409750 0.014500 0.022861
0 0.442461 0.400861 0.014297 0.018861
0 0.566762 0.527097 0.034055 0.054444
0 0.417758 0.446868 0.022047 0.033542
