0 0.408344 0.459944 0.022859 0.029444
0 0.434238 0.514479 0.031258 0.048931
0 0.290633 0.547410 0.043625 0.056819
0 0.342652 0.560472 0.045023 0.063861
0 0.242051 0.751424 0.087555 0.116097
0 0.331219 0.874861 0.110219 0.188722
0 0.064000 0.820785 0.128000 0.194153
1 0.591656 0.399438 0.031719 0.063875
1 0.444457 0.388243 0.018664 0.038153
0 0.411805 0.403257 0.015937 0.025931
0 0.431672 0.421160 0.016719 0.022125
1 0.555848 0.388243 0.024961 0.063042
0 0.370902 0.455799 0.024492 0.030264
0 0.454238 0.430528 0.017852 0.028278
0 0.464137 0.413729 0.014773 0.019014
0 0.470457 0.399562 0.013805 0.016931
0 0.526539 0.398521 0.013609 0.018319
0 0.631406 0.536090 0.037734 0.051597
