0 0.568840 0.391500 0.012273 0.016556
0 0.453266 0.453590 0.021594 0.033875
0 0.428926 0.429507 0.021164 0.029347
0 0.465754 0.415590 0.016086 0.021069
0 0.708586 0.930410 0.118109 0.139181
1 0.161793 0.658924 0.114117 0.154764
1 0.810289 0.633556 0.221656 0.319917
1 0.266766 0.638111 0.109000 0.185972
0 0.374141 0.721361 0.069844 0.096333
0 0.417539 0.565583 0.039797 0.055694
0 0.393406 0.482042 0.027938 0.037639
0 0.327578 0.500104 0.035141 0.036125
0 0.398234 0.424993 0.019047 0.021819
0 0.586875 0.577993 0.045719 0.068486
0 0.552371 0.491826 0.033445 0.051181
0 0.616254 0.453215 0.019898 0.028597
0 0.583020 0.410694 0.015242 0.023333
