1 0.109348 0.714139 0.111758 0.170694
0 0.566004 0.515208 0.035273 0.047556
0 0.409680 0.596465 0.045719 0.065014
0 0.624313 0.711160 0.068578 0.117403
0 0.577520 0.402576 0.014805 0.019847
0 0.603781 0.436292 0.020875 0.029778
0 0.544117 0.460333 0.026187 0.044417
0 0.415875 0.401785 0.014109 0.021319
0 0.464414 0.420542 0.016937 0.026333
0 0.393152 0.429632 0.019758 0.021958
0 0.425609 0.434028 0.018344 0.026972
0 0.449773 0.462875 0.019406 0.035750
0 0.314305 0.517118 0.037750 0.043903
0 0.385832 0.494361 0.030727 0.041389
1 0.232437 0.702493 0.131062 0.242931
0 0.349887 0.811229 0.085852 0.124625
1 0.735215 0.550583 0.142648 0.212417
