0 0.377160 0.709632 0.065305 0.101486
0 0.450992 0.390535 0.013094 0.016319
1 0.426070 0.409597 0.023234 0.049278
1 0.564352 0.368174 0.020609 0.044236
1 0.540594 0.363514 0.014969 0.036278
0 0.104121 0.927875 0.155867 0.144250
0 0.088734 0.791611 0.122609 0.118250
0 0.387469 0.428174 0.023094 0.037319
0 0.582273 0.449153 0.022938 0.036972
0 0.357977 0.540556 0.037625 0.048972
0 0.554570 0.403187 0.014187 0.020403
0 0.403492 0.464340 0.023094 0.031097
0 0.453391 0.447069 0.020937 0.023278
0 0.311113 0.527715 0.040648 0.048375
0 0.435219 0.488187 0.024500 0.045625
0 0.460488 0.425472 0.018898 0.021361
0 0.464254 0.406875 0.014039 0.015361
