0 0.442348 0.477222 0.025492 0.037639
0 0.406133 0.456778 0.028906 0.057528
0 0.400293 0.412326 0.015539 0.031458
1 0.227352 0.563847 0.165453 0.236833
1 0.368543 0.422861 0.050133 0.092389
0 0.240137 0.758736 0.088883 0.111528
0 0.791656 0.663847 0.064281 0.092278
0 0.660359 0.517625 0.039219 0.047750
0 0.575754 0.519062 0.036523 0.048708
0 0.611746 0.443618 0.024711 0.033431
0 0.427711 0.424993 0.019000 0.023792
0 0.461168 0.425569 0.015539 0.023417
0 0.582027 0.407236 0.013523 0.023000
0 0.559684 0.413243 0.014695 0.021431
0 0.532414 0.399931 0.013719 0.016528
0 0.550785 0.393250 0.013477 0.017861
0 0.407891 0.583049 0.041359 0.062069
0 0.378777 0.515910 0.033883 0.047569
0 0.334480 0.496854 0.031086 0.042597
