0 0.160875 0.904708 0.128359 0.168139
0 0.594387 0.426840 0.018289 0.027625
0 0.468277 0.402736 0.014039 0.020944
0 0.478426 0.377785 0.010773 0.018264
0 0.453742 0.388035 0.011031 0.016486
0 0.429922 0.389590 0.012500 0.016042
1 0.468152 0.360410 0.011773 0.024514
1 0.545344 0.376451 0.013781 0.028069
1 0.371043 0.451521 0.030070 0.043653
0 0.438457 0.408972 0.016539 0.026278
0 0.407254 0.414319 0.016789 0.023611
0 0.456625 0.439931 0.021797 0.032972
0 0.370414 0.753944 0.074437 0.110944
0 0.418910 0.439493 0.021555 0.029403
0 0.443969 0.481597 0.025063 0.034306
0 0.332820 0.499639 0.038844 0.048111
0 0.376305 0.517014 0.036594 0.045444
0 0.429430 0.531049 0.032078 0.047681
0 0.572961 0.393868 0.013031 0.019597
0 0.555793 0.404778 0.015789 0.022722
0 0.578598 0.443326 0.019305 0.030292
0 0.623082 0.451340 0.027570 0.042764
0 0.565816 0.536882 0.036836 0.063264
0 0.861648 0.921403 0.138234 0.157194
