0 0.397121 0.425736 0.017961 0.023222
0 0.560734 0.411785 0.013281 0.022181
0 0.298859 0.538188 0.048594 0.057014
0 0.346574 0.566354 0.045180 0.055014
0 0.409254 0.596431 0.041289 0.060556
0 0.351273 0.471313 0.035828 0.050764
0 0.433578 0.518090 0.029672 0.045792
0 0.450664 0.460153 0.023328 0.037333
0 0.546996 0.387076 0.012148 0.016125
0 0.407387 0.457042 0.024961 0.031111
0 0.430273 0.418847 0.016797 0.024472
0 0.590094 0.631396 0.047828 0.068014
0 0.649813 0.585562 0.046422 0.073403
0 0.541777 0.450951 0.021711 0.034264
0 0.595887 0.415958 0.020086 0.038583
0 0.578555 0.404007 0.013609 0.020458
