0 0.344152 0.571292 0.047242 0.054944
0 0.641437 0.573125 0.043391 0.066361
0 0.546980 0.386167 0.011664 0.015333
0 0.559465 0.410847 0.012367 0.023222
0 0.577426 0.403375 0.014695 0.018250
0 0.595039 0.414188 0.019594 0.038931
0 0.540219 0.446090 0.021000 0.033181
0 0.585684 0.611479 0.043852 0.056819
0 0.429797 0.419125 0.018469 0.024639
0 0.407625 0.460660 0.023328 0.033514
0 0.396059 0.426792 0.019633 0.026611
0 0.449227 0.460486 0.022547 0.037333
0 0.349867 0.473382 0.035188 0.046319
0 0.295246 0.542375 0.049414 0.057750
0 0.432469 0.522007 0.031109 0.046653
0 0.407043 0.601701 0.041602 0.060486
