0 0.438738 0.492688 0.027336 0.040764
0 0.408930 0.567944 0.041453 0.068472
0 0.472254 0.400438 0.013227 0.020375
0 0.552805 0.395472 0.013812 0.021944
1 0.407102 0.436507 0.032094 0.061847
0 0.455645 0.428139 0.018227 0.023528
0 0.450059 0.453229 0.023523 0.031875
0 0.441090 0.405924 0.014992 0.021958
0 0.361215 0.457146 0.029398 0.049125
0 0.804805 0.675083 0.081281 0.113639
0 0.371004 0.520646 0.030867 0.044958
0 0.220691 0.630917 0.065852 0.070556
0 0.436270 0.383556 0.011195 0.013694
0 0.275754 0.685806 0.064977 0.084667
