0 0.107223 0.891736 0.208195 0.216528
0 0.396645 0.658507 0.052211 0.084792
0 0.340242 0.581729 0.047703 0.066458
0 0.300922 0.511257 0.039969 0.060736
0 0.573266 0.533049 0.032875 0.056097
0 0.851102 0.757118 0.106391 0.149097
0 0.705734 0.938118 0.121188 0.123764
0 0.455305 0.435618 0.022562 0.037819
0 0.366668 0.450514 0.032242 0.058444
0 0.394391 0.475729 0.023203 0.035514
0 0.417668 0.445056 0.022023 0.030556
1 0.149199 0.615486 0.250742 0.313472
0 0.429973 0.423375 0.016117 0.024833
0 0.442715 0.487187 0.023242 0.037819
0 0.691871 0.536465 0.041898 0.065319
0 0.631277 0.473438 0.026430 0.042403
