1 0.760863 0.580118 0.168148 0.249264
0 0.361020 0.770056 0.079164 0.112889
1 0.249910 0.670882 0.118367 0.205903
1 0.133258 0.691299 0.124359 0.162569
0 0.464988 0.418153 0.016758 0.025611
0 0.425301 0.430958 0.023227 0.028222
0 0.393996 0.427306 0.019992 0.021944
0 0.547453 0.471986 0.027047 0.044417
0 0.609191 0.442465 0.019992 0.032403
0 0.566121 0.388625 0.013820 0.018806
0 0.579059 0.403521 0.016758 0.021431
0 0.418098 0.400125 0.013523 0.023000
0 0.450883 0.459972 0.020875 0.030833
0 0.388848 0.489236 0.027930 0.041278
0 0.319469 0.509361 0.035578 0.042861
0 0.412246 0.585896 0.045727 0.061708
0 0.573750 0.536979 0.035141 0.054181
0 0.649738 0.790229 0.087211 0.161819
