1 0.469906 0.359736 0.012031 0.021389
0 0.605762 0.440958 0.022305 0.031639
0 0.578949 0.400861 0.015289 0.022722
0 0.592605 0.467917 0.022555 0.037417
0 0.642855 0.473701 0.033836 0.050792
0 0.592730 0.627194 0.053383 0.094000
0 0.227590 0.781139 0.094195 0.116111
0 0.394137 0.667583 0.058461 0.087889
0 0.436574 0.508771 0.027070 0.042319
0 0.386453 0.499194 0.032578 0.044556
1 0.549602 0.382021 0.014531 0.030292
0 0.345605 0.484049 0.034086 0.040097
0 0.448105 0.469118 0.023555 0.033403
0 0.422918 0.431243 0.019805 0.028958
0 0.562785 0.418910 0.018039 0.026736
0 0.458633 0.432139 0.019047 0.030750
0 0.411766 0.409417 0.015531 0.024500
0 0.441590 0.402514 0.015039 0.023167
0 0.431937 0.386243 0.011281 0.016486
0 0.469781 0.398944 0.012781 0.021389
0 0.479684 0.376451 0.010523 0.017375
0 0.455746 0.384243 0.010773 0.016042
1 0.378684 0.443278 0.027070 0.041444
