0 0.362141 0.465500 0.026797 0.031806
0 0.711969 0.673896 0.061984 0.092986
0 0.556484 0.374069 0.010234 0.014306
1 0.416602 0.389375 0.021797 0.045694
0 0.473430 0.391486 0.009922 0.016667
0 0.569586 0.390035 0.011094 0.017514
0 0.412781 0.442347 0.020469 0.026806
0 0.528789 0.391611 0.016312 0.021167
0 0.540637 0.442535 0.019977 0.030236
0 0.438027 0.378944 0.010477 0.013194
0 0.444375 0.395194 0.012969 0.016528
0 0.433867 0.412778 0.015547 0.020556
0 0.434840 0.525847 0.029320 0.048944
1 0.611656 0.420993 0.046234 0.080597
0 0.291078 0.949854 0.121703 0.100292
0 0.604684 0.617688 0.046914 0.081597
0 0.455141 0.447236 0.020000 0.025694
0 0.395289 0.422125 0.014688 0.021806
0 0.403781 0.469514 0.026094 0.037083
0 0.882445 0.777229 0.103609 0.134097
0 0.325242 0.601132 0.050766 0.065042
0 0.202828 0.644368 0.069750 0.079208
0 0.362141 0.465500 0.026797 0.031806
0 0.434840 0.525847 0.029320 0.048944
0 0.534930 0.410222 0.014625 0.019333
1 0.416602 0.389375 0.021797 0.045694
1 0.611656 0.420993 0.046234 0.080597
0 0.291078 0.949854 0.121703 0.100292
0 0.604684 0.617688 0.046914 0.081597
0 0.455141 0.447236 0.020000 0.025694
0 0.711969 0.673896 0.061984 0.092986
0 0.556484 0.374069 0.010234 0.014306
0 0.473430 0.391486 0.009922 0.016667
0 0.569586 0.390035 0.011094 0.017514
0 0.528789 0.391611 0.016312 0.021167
0 0.534930 0.410222 0.014625 0.019333
0 0.540637 0.442535 0.019977 0.030236
0 0.438027 0.378944 0.010477 0.013194
0 0.444375 0.395194 0.012969 0.016528
0 0.433867 0.412778 0.015547 0.020556
0 0.412781 0.442347 0.020469 0.026806
0 0.395289 0.422125 0.014688 0.021806
0 0.403781 0.469514 0.026094 0.037083
0 0.882445 0.777229 0.103609 0.134097
0 0.325242 0.601132 0.050766 0.065042
0 0.202828 0.644368 0.069750 0.079208
