2 0.3015625 0.75703125 0.153125 0.20546875
2 0.6515625 0.353125 0.02578125 0.03203125
2 0.9078125 0.33984375 0.03359375 0.07109375
4 0.6703125 0.63125 0.225 0.43203125
4 0.853125 0.26171875 0.01640625 0.03203125
4 0.7859375 0.2625 0.01875 0.01953125
0 0.415625 0.821875 0.12421875 0.171875
0 0.3109375 0.5296875 0.06796875 0.065625
0 0.559375 0.55859375 0.06328125 0.0859375
0 0.6796875 0.3671875 0.03046875 0.03203125
0 0.80078125 0.30703125 0.0140625 0.028125
0 0.86171875 0.28359375 0.0109375 0.0140625
0 0.86640625 0.3171875 0.015625 0.0234375