1 0.86484375 0.22421875 0.125 0.1375
2 0.2640625 0.6890625 0.1390625 0.18359375
2 0.05703125 0.5328125 0.1140625 0.11796875
2 0.4921875 0.490625 0.07578125 0.115625
2 0.640625 0.4671875 0.06171875 0.09296875
2 0.3828125 0.3828125 0.07265625 0.090625
2 0.7734375 0.3734375 0.05703125 0.128125
4 0.78828125 0.34765625 0.0875 0.17890625
4 0.825 0.2484375 0.03671875 0.06640625
4 0.884375 0.2453125 0.05546875 0.09609375
4 0.765625 0.17734375 0.01640625 0.01796875
0 0.41015625 0.70234375 0.1359375 0.165625
0 0.58984375 0.31484375 0.0328125 0.0375
0 0.7 0.340625 0.0421875 0.05
0 0.703125 0.2484375 0.01796875 0.025
0 0.80625 0.203125 0.01015625 0.0125
0 0.7890625 0.20390625 0.01015625 0.0109375
0 0.03046875 0.6421875 0.0609375 0.09296875
0 0.853125 0.23359375 0.015625 0.0359375
0 0.82421875 0.2328125 0.0296875 0.03203125
0 0.84453125 0.19296875 0.009375 0.0109375
0 0.65859375 0.19375 0.0078125 0.0125