2 0.1 0.875 0.2 0.24453125
2 0.36484375 0.63515625 0.1875 0.2765625
2 0.453125 0.39140625 0.109375 0.14453125
2 0.303125 0.540625 0.1453125 0.1609375
2 0.44375 0.1859375 0.0625 0.078125
2 0.7859375 0.05625 0.03359375 0.04609375
2 0.85 0.1578125 0.04453125 0.06796875
4 0.6703125 0.47734375 0.29609375 0.559375
4 0.4703125 0.10703125 0.1 0.1359375
4 0.9125 0.171875 0.0828125 0.1734375
4 0.98046875 0.06484375 0.0375 0.1234375
4 0.9640625 0.10703125 0.03984375 0.096875
0 0.1640625 0.32578125 0.09140625 0.0875
0 0.4984375 0.2078125 0.06328125 0.07109375
0 0.0125 0.76328125 0.025 0.10390625
0 0.8296875 0.0359375 0.0265625 0.03046875
0 0.728125 0.0890625 0.0375 0.04140625
0 0.834375 0.33828125 0.04453125 0.1125
0 0.61484375 0.14375 0.0515625 0.0625
0 0.7125 0.071875 0.03203125 0.04296875
0 0.6078125 0.26015625 0.04921875 0.04296875
0 0.8109375 0.20625 0.0515625 0.065625
0 0.603125 0.11953125 0.04140625 0.05
0 0.784375 0.03046875 0.021875 0.01640625
0 0.8828125 0.0109375 0.01953125 0.021875
0 0.7546875 0.171875 0.053125 0.0640625
0 0.6890625 0.2078125 0.05234375 0.040625
0 0.55 0.384375 0.05 0.15546875
0 0.7296875 0.184375 0.0515625 0.0390625
0 0.775 0.159375 0.04140625 0.06796875
0 0.915625 0.04765625 0.028125 0.034375
0 0.896875 0.0609375 0.02421875 0.0359375
0 0.9546875 0.01484375 0.01796875 0.02890625
0 0.79609375 0.14296875 0.0359375 0.05859375
0 0.9453125 0.065625 0.0328125 0.0359375
0 0.81484375 0.12890625 0.025 0.053125
0 0.86875 0.09453125 0.03125 0.046875