3 0.441762 0.470847 0.025211 0.042306
1 0.431645 0.403972 0.022508 0.045389
0 0.603805 0.486090 0.030234 0.045986
0 0.463215 0.416313 0.018664 0.021153
0 0.455992 0.437875 0.016359 0.023639
1 0.568531 0.375903 0.022844 0.045389
3 0.394770 0.420667 0.025898 0.035667
3 0.206727 0.780076 0.101984 0.134014
0 0.161090 0.697375 0.095133 0.092444
0 0.397992 0.635639 0.051609 0.077333
0 0.374461 0.514812 0.031937 0.043125
0 0.329320 0.505062 0.034547 0.038569
0 0.412500 0.452812 0.023563 0.030264
0 0.561645 0.418903 0.015789 0.027472
1 0.543168 0.367243 0.017805 0.043597
