1 0.4546875 0.82578125 0.2765625 0.34296875
1 0.1015625 0.6875 0.203125 0.315625
1 0.2953125 0.678125 0.19609375 0.4375
2 0.13125 0.6203125 0.14296875 0.1765625
4 0.59140625 0.109375 0.08125 0.11796875
4 0.35703125 0.6171875 0.31875 0.559375
4 0.7140625 0.453125 0.21171875 0.44296875
4 0.7515625 0.08984375 0.03671875 0.0484375
4 0.6734375 0.04140625 0.03515625 0.0359375
4 0.7890625 0.046875 0.03984375 0.07890625
4 0.93203125 0.171875 0.071875 0.134375
4 0.8375 0.071875 0.02421875 0.0390625
4 0.8625 0.26015625 0.10546875 0.2515625
0 0.4953125 0.221875 0.05078125 0.05390625
0 0.2484375 0.328125 0.08125 0.08359375
0 0.3359375 0.34453125 0.07890625 0.08046875
0 0.6625 0.16796875 0.03828125 0.046875
0 0.6875 0.13203125 0.03046875 0.0359375
0 0.371875 0.94609375 0.17890625 0.10546875
0 0.5859375 0.209375 0.04921875 0.0625
0 0.746875 0.1234375 0.03125 0.0390625
0 0.53125 0.38671875 0.06484375 0.115625
0 0.6265625 0.73828125 0.09140625 0.190625
0 0.6046875 0.32265625 0.05859375 0.084375
0 0.565625 0.50234375 0.0953125 0.1265625
0 0.6078125 0.16484375 0.03828125 0.04609375
0 0.7921875 0.10234375 0.02578125 0.034375
0 0.79765625 0.58203125 0.034375 0.06640625
0 0.521875 0.56171875 0.02109375 0.11796875
0 0.665625 0.2546875 0.04765625 0.03203125
0 0.8953125 0.04140625 0.0140625 0.01953125
0 0.7078125 0.23046875 0.04609375 0.028125
0 0.86953125 0.05703125 0.028125 0.03046875
0 0.6109375 0.425 0.0265625 0.096875
0 0.7578125 0.20390625 0.07265625 0.0609375
0 0.8 0.178125 0.03359375 0.05390625