0 0.449563 0.392681 0.013062 0.016167
0 0.399453 0.474194 0.026875 0.034833
0 0.553305 0.398771 0.015391 0.021153
0 0.463145 0.409556 0.015633 0.017833
0 0.460227 0.427597 0.020062 0.024056
0 0.451711 0.452069 0.021234 0.029028
3 0.384785 0.431493 0.025195 0.039319
3 0.066277 0.974097 0.132555 0.051806
0 0.575465 0.436722 0.021461 0.034833
3 0.432344 0.494847 0.027156 0.046278
0 0.302617 0.537146 0.043000 0.047181
1 0.423859 0.413799 0.026828 0.047681
1 0.561609 0.366347 0.019047 0.040083
0 0.058012 0.847514 0.116023 0.142611
0 0.351324 0.553569 0.040305 0.051361
0 0.363266 0.757479 0.072000 0.117653
