2 0.0515625 0.70859375 0.10234375 0.246875
4 0.16328125 0.1953125 0.2296875 0.27890625
4 0.70234375 0.4359375 0.2375 0.49140625
4 0.3875 0.85 0.303125 0.296875
4 0.8140625 0.25 0.14140625 0.24453125
4 0.68671875 0.040625 0.0640625 0.08125
4 0.8890625 0.1890625 0.08046875 0.178125
4 0.09921875 0.70859375 0.1984375 0.25546875
4 0.26328125 0.17109375 0.028125 0.18359375
0 0.2734375 0.33046875 0.0890625 0.09140625
0 0.0921875 0.91015625 0.18359375 0.1765625
0 0.3921875 0.25859375 0.07421875 0.0890625
0 0.65 0.121875 0.04296875 0.0515625
0 0.5953125 0.74296875 0.12734375 0.2109375
0 0.23125 0.59453125 0.121875 0.18046875
0 0.3328125 0.534375 0.11171875 0.15
0 0.540625 0.48203125 0.08984375 0.13359375
0 0.55078125 0.18125 0.0546875 0.059375
0 0.04375 0.378125 0.0875 0.128125
0 0.471875 0.40625 0.08203125 0.1234375
0 0.39921875 0.44296875 0.10625 0.15
0 0.41953125 0.20703125 0.0546875 0.0640625
0 0.7546875 0.0734375 0.03046875 0.0359375
0 0.53828125 0.346875 0.0765625 0.10546875
0 0.09921875 0.60859375 0.1515625 0.2
0 0.5890625 0.3078125 0.05234375 0.09609375
0 0.7125 0.0640625 0.03515625 0.04453125
0 0.5359375 0.146875 0.046875 0.059375
0 0.828125 0.03203125 0.02421875 0.03046875
0 0.32578125 0.71328125 0.1765625 0.1875
0 0.76875 0.0421875 0.02578125 0.03203125
0 0.703125 0.190625 0.05234375 0.0359375
0 0.5875 0.41640625 0.02578125 0.096875
0 0.8765625 0.00859375 0.02109375 0.01640625
0 0.75 0.16328125 0.03984375 0.059375
0 0.8265625 0.109375 0.03046875 0.04296875
0 0.80625 0.02421875 0.02578125 0.0265625
0 0.89375 0.0875 0.0421875 0.0359375
0 0.8484375 0.0984375 0.03125 0.05
0 0.65 0.22265625 0.0359375 0.03203125
0 0.8125 0.11640625 0.040625 0.03359375
0 0.8703125 0.071875 0.0234375 0.03359375
0 0.85625 0.084375 0.028125 0.040625
0 0.9921875 0.04453125 0.01484375 0.05