1 0.653125 0.5125 0.159375 0.328125
1 0.53359375 0.51171875 0.2 0.2984375
2 0.39140625 0.571875 0.1015625 0.125
2 0.8015625 0.3546875 0.03828125 0.06796875
2 0.84375 0.28984375 0.02578125 0.04609375
4 0.82421875 0.2421875 0.0421875 0.07890625
4 0.75390625 0.1828125 0.0171875 0.01796875
4 0.78125 0.19921875 0.0265625 0.04296875
4 0.86875 0.24140625 0.03359375 0.0609375
0 0.1625 0.496875 0.08359375 0.0765625
0 0.04375 0.89921875 0.0875 0.19609375
0 0.34765625 0.453125 0.075 0.07109375
0 0.5578125 0.33984375 0.04296875 0.04609375
0 0.528125 0.3234375 0.03828125 0.04453125
0 0.6375 0.278125 0.02578125 0.03046875
0 0.7390625 0.46875 0.0203125 0.08203125
0 0.70234375 0.24453125 0.01875 0.03046875
0 0.6921875 0.3234375 0.0265625 0.01953125
0 0.6953125 0.3453125 0.0515625 0.02890625
0 0.7234375 0.25390625 0.02109375 0.025
0 0.79765625 0.25234375 0.0140625 0.0234375
0 0.79375 0.21796875 0.01484375 0.01640625
0 0.7296875 0.2359375 0.01796875 0.025
0 0.82265625 0.32421875 0.0265625 0.03203125
0 0.7421875 0.221875 0.0125 0.01796875
0 0.76640625 0.23125 0.0140625 0.02109375
0 0.44296875 0.5015625 0.0234375 0.071875
0 0.753125 0.22578125 0.0140625 0.01796875
0 0.8015625 0.3359375 0.03671875 0.028125