4 0.5234375 0.47578125 0.33359375 0.49296875
4 0.7 0.45859375 0.2640625 0.4890625
4 0.503125 0.1765625 0.12421875 0.146875
4 0.159375 0.71640625 0.31875 0.5640625
4 0.36953125 0.8796875 0.209375 0.2375
4 0.84921875 0.2953125 0.128125 0.284375
4 0.759375 0.19453125 0.13828125 0.1140625
4 0.9609375 0.128125 0.06171875 0.1015625
4 0.84140625 0.0328125 0.03125 0.0234375
4 0.925 0.1921875 0.0578125 0.084375
4 0.9578125 0.065625 0.046875 0.04609375
0 0.596875 0.221875 0.05390625 0.04609375
0 0.546875 0.815625 0.15390625 0.24609375
0 0.821875 0.09453125 0.01953125 0.03046875
0 0.8796875 0.0828125 0.01640625 0.0234375
0 0.9078125 0.1125 0.02265625 0.03046875
0 0.871875 0.1390625 0.02734375 0.03359375
0 0.940625 0.0453125 0.015625 0.0234375
0 0.921875 0.1390625 0.021875 0.025
0 0.8828125 0.06796875 0.01328125 0.01640625
0 0.91875 0.23984375 0.02109375 0.040625
0 0.9265625 0.1015625 0.01484375 0.01640625
0 0.9625 0.0359375 0.0109375 0.0140625
0 0.9109375 0.0671875 0.01328125 0.01796875
0 0.9140625 0.146875 0.02265625 0.021875
0 0.871875 0.01484375 0.01328125 0.02109375
0 0.99375 0.04375 0.01015625 0.0234375
0 0.9921875 0.134375 0.01328125 0.0375