2 0.4265625 0.54296875 0.08671875 0.16953125
2 0.71328125 0.5703125 0.090625 0.159375
4 0.553125 0.515625 0.1875 0.34609375
4 0.490625 0.2421875 0.1234375 0.1625
4 0.653125 0.20078125 0.065625 0.09609375
4 0.428125 0.36640625 0.09453125 0.125
4 0.91015625 0.253125 0.0734375 0.153125
4 0.7796875 0.12578125 0.034375 0.0265625
4 0.890625 0.115625 0.02578125 0.04296875
4 0.95859375 0.190625 0.04375 0.1015625
4 0.91015625 0.10625 0.0140625 0.03203125
0 0.5984375 0.7984375 0.134375 0.196875
0 0.5390625 0.3 0.04765625 0.05
0 0.628125 0.26015625 0.03828125 0.04296875
0 0.7 0.43984375 0.06171875 0.0875
0 0.875 0.334375 0.04140625 0.0609375
0 0.8078125 0.321875 0.04140625 0.05859375
0 0.77421875 0.36796875 0.053125 0.078125
0 0.76875 0.29140625 0.03984375 0.053125
0 0.66875 0.38359375 0.0484375 0.06953125
0 0.83515625 0.1734375 0.0171875 0.025
0 0.71796875 0.334375 0.046875 0.0640625
0 0.81875 0.246875 0.03359375 0.04296875
0 0.865625 0.159375 0.01796875 0.028125
0 0.6734375 0.25703125 0.0390625 0.05
0 0.7671875 0.215625 0.02578125 0.03359375
0 0.3609375 0.378125 0.046875 0.08046875
0 0.8484375 0.27421875 0.03515625 0.0515625
0 0.86953125 0.25 0.01875 0.04453125
0 0.75625 0.19921875 0.02265625 0.02890625
0 0.8953125 0.14375 0.0140625 0.02109375
0 0.8546875 0.2171875 0.03046875 0.04609375
0 0.8890625 0.178125 0.01875 0.01796875
0 0.88671875 0.1890625 0.0234375 0.0390625
0 0.9265625 0.125 0.009375 0.0140625
0 0.91875 0.15859375 0.02109375 0.03359375
0 0.91171875 0.1328125 0.0125 0.015625
0 0.9125 0.16875 0.02578125 0.01796875
0 0.94453125 0.25703125 0.0078125 0.0359375