2 0.0984375 0.77421875 0.19453125 0.265625
2 0.5390625 0.55078125 0.08984375 0.1234375
2 0.4890625 0.4703125 0.07890625 0.0984375
2 0.4265625 0.36171875 0.06171875 0.065625
2 0.8765625 0.24765625 0.03984375 0.07890625
2 0.8109375 0.2046875 0.02265625 0.040625
2 0.825 0.24140625 0.02890625 0.04140625
4 0.765625 0.37265625 0.13125 0.25390625
4 0.6984375 0.18359375 0.02890625 0.05
4 0.77109375 0.13359375 0.03125 0.05859375
4 0.76875 0.23125 0.07265625 0.06796875
4 0.7234375 0.12265625 0.02421875 0.0234375
4 0.90859375 0.171875 0.0375 0.0765625
4 0.8078125 0.1203125 0.021875 0.04609375
4 0.8375 0.1203125 0.01953125 0.03203125
4 0.89375 0.146875 0.0265625 0.046875
4 0.8578125 0.1 0.01484375 0.028125
0 0.134375 0.45859375 0.08671875 0.0859375
0 0.5921875 0.26953125 0.0421875 0.046875
0 0.6671875 0.2296875 0.03046875 0.040625
0 0.6328125 0.346875 0.05 0.0640625
0 0.40703125 0.33046875 0.053125 0.05546875
0 0.078125 0.95859375 0.15546875 0.08046875
0 0.7421875 0.165625 0.01640625 0.02109375
0 0.77890625 0.17265625 0.01875 0.0234375
0 0.803125 0.16015625 0.01484375 0.02109375
0 0.8140625 0.14140625 0.01328125 0.01953125
0 0.8359375 0.18984375 0.02265625 0.02109375
0 0.7296875 0.265625 0.01796875 0.0234375
0 0.8640625 0.203125 0.01953125 0.034375