2 0.49765625 0.54921875 0.1015625 0.16796875
2 0.665625 0.29296875 0.05859375 0.1
2 0.5671875 0.209375 0.0390625 0.0484375
2 0.871875 0.175 0.0265625 0.04140625
2 0.86875 0.2703125 0.028125 0.059375
4 0.7984375 0.3140625 0.11953125 0.24140625
4 0.7 0.1546875 0.0265625 0.04296875
4 0.7390625 0.2359375 0.0640625 0.1109375
4 0.8109375 0.17734375 0.07890625 0.0734375
4 0.77578125 0.090625 0.0203125 0.021875
4 0.87890625 0.084375 0.025 0.04140625
0 0.16328125 0.71484375 0.1578125 0.1875
0 0.2140625 0.3578125 0.08125 0.06796875
0 0.34375 0.334375 0.06796875 0.06640625
0 0.56875 0.39140625 0.0703125 0.0859375
0 0.684375 0.203125 0.03046875 0.0375
0 0.60078125 0.2453125 0.040625 0.04609375
0 0.76640625 0.1609375 0.01875 0.03046875
0 0.5734375 0.234375 0.0328125 0.0375
0 0.78125 0.1390625 0.01484375 0.021875
0 0.7328125 0.1609375 0.02109375 0.028125
0 0.88125 0.23125 0.03203125 0.04296875
0 0.725 0.14921875 0.01796875 0.0265625
0 0.83515625 0.125 0.0140625 0.01953125