1 0.34375 0.796875 0.49921875 0.4
2 0.184375 0.7234375 0.15390625 0.18046875
2 0.36484375 0.38046875 0.090625 0.1109375
2 0.38125 0.5671875 0.11171875 0.1375
2 0.63125 0.4609375 0.09765625 0.153125
2 0.7328125 0.38203125 0.06171875 0.078125
2 0.77890625 0.32578125 0.0515625 0.0625
2 0.70625 0.3140625 0.0515625 0.0609375
2 0.765625 0.265625 0.03984375 0.05
4 0.4453125 0.246875 0.15703125 0.15390625
4 0.871875 0.28515625 0.10703125 0.20390625
4 0.4984375 0.21875 0.0515625 0.0984375
4 0.909375 0.084375 0.04296875 0.04453125
4 0.7984375 0.09609375 0.03203125 0.025
0 0.63671875 0.24921875 0.0453125 0.05390625
0 0.4921875 0.59609375 0.11484375 0.10859375
0 0.609375 0.39921875 0.06015625 0.0765625
0 0.7484375 0.17734375 0.02265625 0.02890625
0 0.525 0.92265625 0.13515625 0.1515625
0 0.7765625 0.184375 0.02578125 0.03046875
0 0.8859375 0.1140625 0.01171875 0.01640625
0 0.8515625 0.1328125 0.01328125 0.01796875
0 0.878125 0.1328125 0.0125 0.01796875
0 0.39375 0.3078125 0.05234375 0.034375
0 0.8046875 0.2375 0.0328125 0.04453125
0 0.81796875 0.14453125 0.0171875 0.025
0 0.84375 0.1875 0.03828125 0.0359375
0 0.80625 0.2953125 0.03203125 0.0515625
0 0.23203125 0.815625 0.1125 0.09609375
0 0.9375 0.11953125 0.01796875 0.021875
0 0.359375 0.3375 0.05078125 0.021875
0 0.92109375 0.10546875 0.0109375 0.01640625
0 0.9046875 0.109375 0.01171875 0.025
0 0.8375 0.1484375 0.01875 0.03046875
0 0.5078125 0.2625 0.0203125 0.0359375
0 0.81875 0.2234375 0.02265625 0.04140625