1 0.34375 0.77265625 0.3640625 0.4484375
2 0.271875 0.5484375 0.08984375 0.096875
2 0.55390625 0.665625 0.065625 0.128125
2 0.696875 0.49609375 0.06015625 0.10546875
4 0.71875 0.46171875 0.09765625 0.1765625
4 0.79140625 0.40703125 0.05625 0.11953125
4 0.65625 0.35703125 0.04765625 0.071875
4 0.8625 0.37734375 0.05234375 0.0984375
4 0.45 0.88828125 0.21875 0.22109375
4 0.7546875 0.3046875 0.01640625 0.01796875
4 0.8265625 0.37734375 0.03203125 0.09296875
4 0.82421875 0.30234375 0.0171875 0.03203125
4 0.8859375 0.32890625 0.02734375 0.03046875
0 0.61328125 0.79375 0.103125 0.14296875
0 0.64375 0.496875 0.04765625 0.0515625
0 0.74765625 0.35078125 0.01875 0.0234375
0 0.703125 0.36953125 0.01875 0.028125
0 0.84140625 0.3140625 0.0109375 0.01640625