1 0.3875 0.678125 0.59453125 0.6390625
1 0.18125 0.71640625 0.3625 0.5609375
2 0.2421875 0.83984375 0.2953125 0.315625
3 0.7015625 0.19140625 0.01328125 0.03046875
4 0.77734375 0.3734375 0.1859375 0.346875
4 0.93671875 0.1640625 0.0625 0.10859375
4 0.90625 0.2234375 0.0546875 0.0890625
4 0.82421875 0.06015625 0.0296875 0.0234375
0 0.671875 0.165625 0.03203125 0.034375
0 0.775 0.1546875 0.02734375 0.03203125
0 0.85078125 0.165625 0.0265625 0.040625
0 0.853125 0.11171875 0.01875 0.0265625
0 0.80625 0.1359375 0.02265625 0.028125
0 0.69609375 0.28046875 0.0515625 0.075
0 0.7421875 0.240625 0.03984375 0.04140625
0 0.88046875 0.303125 0.034375 0.06953125
0 0.80625 0.1890625 0.03671875 0.05
0 0.8921875 0.26796875 0.03984375 0.04453125
0 0.740625 0.153125 0.02734375 0.03046875
0 0.5046875 0.39609375 0.03828125 0.03046875
0 0.74375 0.13359375 0.02109375 0.025
0 0.7625 0.02421875 0.01328125 0.009375
0 0.884375 0.090625 0.01328125 0.021875
0 0.81875 0.115625 0.0140625 0.02890625
0 0.971875 0.1609375 0.0140625 0.05
0 0.8546875 0.209375 0.02734375 0.0234375
0 0.6765625 0.4046875 0.04296875 0.0984375
0 0.88203125 0.20078125 0.0359375 0.04609375
0 0.91875 0.0765625 0.02734375 0.025
0 0.95859375 0.08203125 0.028125 0.028125