1 0.202352 0.590139 0.181781 0.273778
0 0.604605 0.434236 0.020148 0.033167
1 0.364488 0.428049 0.055867 0.102181
0 0.207617 0.811375 0.106937 0.121000
0 0.398867 0.607250 0.047266 0.072667
0 0.370379 0.528743 0.033195 0.049736
0 0.327109 0.506521 0.029469 0.043764
0 0.441070 0.486625 0.023875 0.037139
0 0.555746 0.406812 0.014992 0.020375
0 0.578527 0.400549 0.013523 0.018292
0 0.734066 0.597375 0.047414 0.074278
0 0.641348 0.492931 0.031711 0.043111
0 0.564133 0.487625 0.026484 0.047083
0 0.458008 0.432910 0.017906 0.030514
0 0.426297 0.431583 0.021641 0.021222
3 0.397199 0.418326 0.015664 0.034486
4 0.400965 0.464743 0.030961 0.057042
