1 0.442824 0.367910 0.017008 0.029375
0 0.431969 0.385771 0.010859 0.016125
0 0.470445 0.400889 0.014906 0.020444
0 0.414555 0.405785 0.018797 0.023903
0 0.438855 0.407799 0.016523 0.025625
0 0.461047 0.426660 0.015875 0.027653
0 0.420387 0.440347 0.022352 0.027361
0 0.367492 0.453736 0.025109 0.024194
0 0.440152 0.488444 0.027539 0.042333
0 0.284668 0.538264 0.056430 0.088972
0 0.381414 0.676812 0.062484 0.093764
0 0.596105 0.426410 0.019820 0.026875
0 0.635402 0.470604 0.027211 0.038819
0 0.752980 0.616021 0.062148 0.082403
1 0.352527 0.515535 0.056961 0.110597
0 0.445902 0.392681 0.013445 0.017861
0 0.445902 0.392681 0.013445 0.017861
1 0.352527 0.515535 0.056961 0.110597
1 0.442824 0.367910 0.017008 0.029375
0 0.431969 0.385771 0.010859 0.016125
0 0.470445 0.400889 0.014906 0.020444
0 0.414555 0.405785 0.018797 0.023903
0 0.438855 0.407799 0.016523 0.025625
0 0.461047 0.426660 0.015875 0.027653
0 0.420387 0.440347 0.022352 0.027361
0 0.367492 0.453736 0.025109 0.024194
0 0.284668 0.538264 0.056430 0.088972
0 0.381414 0.676812 0.062484 0.093764
0 0.596105 0.426410 0.019820 0.026875
0 0.635402 0.470604 0.027211 0.038819
0 0.752980 0.616021 0.062148 0.082403
0 0.214043 0.783389 0.094898 0.117944
0 0.423742 0.547222 0.039641 0.056722
0 0.440152 0.488444 0.027539 0.042333
0 0.214043 0.783389 0.094898 0.117944
0 0.423742 0.547222 0.039641 0.056722
