2 0.7515625 0.44453125 0.053125 0.096875
2 0.7765625 0.38359375 0.04921875 0.08359375
4 0.2234375 0.384375 0.23125 0.184375
4 0.4859375 0.7046875 0.39609375 0.584375
4 0.50390625 0.2890625 0.1109375 0.11640625
4 0.7078125 0.34765625 0.08828125 0.165625
4 0.44375 0.4890625 0.12109375 0.146875
4 0.7546875 0.1828125 0.01640625 0.01796875
4 0.81328125 0.18984375 0.0359375 0.04609375
4 0.8265625 0.1796875 0.0125 0.0265625
4 0.8265625 0.31875 0.05078125 0.0875
4 0.8046875 0.184375 0.01796875 0.03203125
0 0.1640625 0.73984375 0.12578125 0.17109375
0 0.41640625 0.41171875 0.0640625 0.0625
0 0.3015625 0.4359375 0.0796875 0.06640625
0 0.5640625 0.3359375 0.040625 0.04140625
0 0.5546875 0.434375 0.05546875 0.0515625
0 0.7328125 0.2453125 0.0171875 0.0265625
0 0.63828125 0.37578125 0.04375 0.0515625
0 0.7609375 0.33203125 0.02734375 0.046875
0 0.78828125 0.2171875 0.0125 0.0234375
0 0.66328125 0.440625 0.04375 0.059375
0 0.78125 0.3125 0.02890625 0.04140625
0 0.753125 0.2953125 0.01015625 0.034375
0 0.775 0.2703125 0.01953125 0.02890625
0 0.85625 0.2328125 0.0140625 0.01796875
0 0.80625 0.34375 0.015625 0.040625
0 0.78828125 0.29375 0.028125 0.040625
0 0.7984375 0.27734375 0.02578125 0.03203125