2 0.421875 0.55625 0.11640625 0.134375
2 0.63828125 0.48125 0.0859375 0.1234375
2 0.596875 0.4015625 0.07265625 0.0890625
2 0.52578125 0.32734375 0.0609375 0.059375
2 0.884375 0.23671875 0.0328125 0.05390625
2 0.8625 0.20625 0.03125 0.04609375
4 0.8 0.39921875 0.15703125 0.3015625
4 0.390625 0.34296875 0.07890625 0.09140625
4 0.6625 0.225 0.04296875 0.05
4 0.96875 0.178125 0.0578125 0.1109375
4 0.840625 0.1265625 0.02734375 0.05
4 0.8578125 0.1546875 0.02421875 0.03203125
4 0.9859375 0.078125 0.02578125 0.0375
4 0.3234375 0.06015625 0.028125 0.03203125
0 0.6046875 0.284375 0.05234375 0.05
0 0.6984375 0.23984375 0.03515625 0.040625
0 0.76328125 0.203125 0.0296875 0.03359375
0 0.72890625 0.18515625 0.025 0.0265625
0 0.9078125 0.215625 0.02265625 0.0359375
0 0.825 0.17421875 0.02109375 0.0265625
0 0.875 0.1359375 0.0140625 0.01953125
0 0.77890625 0.2703125 0.034375 0.040625
0 0.9015625 0.1828125 0.021875 0.02890625
0 0.90234375 0.1234375 0.0125 0.025
0 0.93125 0.115625 0.015625 0.028125
0 0.9328125 0.12109375 0.01171875 0.01640625
0 0.94375 0.15234375 0.01015625 0.02109375
0 0.840625 0.15390625 0.0171875 0.028125
0 0.9140625 0.3796875 0.01796875 0.0484375
0 0.9875 0.240625 0.02421875 0.0609375
0 0.9046875 0.13515625 0.0140625 0.01796875