1 0.64609375 0.525 0.1578125 0.35859375
4 0.4546875 0.53046875 0.41796875 0.5859375
4 0.1578125 0.3453125 0.315625 0.271875
4 0.48515625 0.19296875 0.178125 0.2
4 0.69921875 0.4609375 0.2625 0.4859375
4 0.73125 0.09765625 0.05546875 0.08203125
4 0.7390625 0.209375 0.14921875 0.11953125
4 0.84609375 0.29765625 0.128125 0.2875
4 0.08515625 0.7625 0.1703125 0.471875
4 0.35546875 0.8875 0.2140625 0.221875
4 0.9546875 0.1390625 0.06015625 0.10859375
4 0.9609375 0.084375 0.07734375 0.103125
4 0.83984375 0.0359375 0.0296875 0.021875
0 0.6359375 0.209375 0.04375 0.0515625
0 0.540625 0.8171875 0.1625 0.24609375
0 0.3125 0.38359375 0.07421875 0.0890625
0 0.834375 0.10859375 0.02265625 0.03046875
0 0.8796875 0.1375 0.02578125 0.0359375
0 0.828125 0.1671875 0.028125 0.02890625
0 0.9015625 0.0625 0.0125 0.01640625
0 0.90859375 0.1140625 0.0234375 0.03046875
0 0.9890625 0.134375 0.0140625 0.034375
0 0.965625 0.03359375 0.01796875 0.01953125
0 0.915625 0.26171875 0.0234375 0.08203125
0 0.91171875 0.15234375 0.028125 0.0234375
0 0.9453125 0.03984375 0.01484375 0.02109375
0 0.9328125 0.05 0.01875 0.01640625
0 0.91875 0.1421875 0.01796875 0.0265625
0 0.83046875 0.03671875 0.0109375 0.02109375
0 0.25625 0.603125 0.02109375 0.115625
0 0.91015625 0.271875 0.0125 0.0640625
0 0.99375 0.11015625 0.0109375 0.034375