2 0.3390625 0.75234375 0.17734375 0.26796875
2 0.378125 0.5734375 0.09609375 0.10859375
2 0.13125 0.45703125 0.08671875 0.08359375
2 0.646875 0.453125 0.06328125 0.10546875
2 0.7125 0.375 0.04140625 0.0640625
2 0.64140625 0.36171875 0.0546875 0.0765625
2 0.66171875 0.25625 0.0296875 0.040625
2 0.796875 0.34140625 0.0578125 0.09453125
4 0.7546875 0.165625 0.01796875 0.02109375
4 0.79375 0.17578125 0.01953125 0.0375
4 0.8109375 0.3078125 0.08515625 0.165625
4 0.7296875 0.2203125 0.02109375 0.02890625
4 0.8078125 0.196875 0.01640625 0.0265625
4 0.82109375 0.18828125 0.021875 0.0265625
0 0.71640625 0.3140625 0.034375 0.04453125
0 0.7796875 0.2125 0.015625 0.021875
0 0.71015625 0.2515625 0.0265625 0.028125
0 0.7578125 0.22734375 0.01796875 0.0234375
0 0.7296875 0.240625 0.02109375 0.025
0 0.8828125 0.21015625 0.01328125 0.02109375
0 0.8625 0.2015625 0.01484375 0.0140625
0 0.00703125 0.5875 0.0140625 0.05