2 0.3359375 0.40078125 0.10546875 0.1234375
4 0.709375 0.490625 0.20546875 0.4125
4 0.8875 0.10390625 0.05546875 0.10546875
4 0.93125 0.12421875 0.034375 0.0625
4 0.97265625 0.07265625 0.0421875 0.084375
4 0.840625 0.07578125 0.04296875 0.040625
0 0.11640625 0.59609375 0.146875 0.128125
0 0.1875 0.853125 0.18671875 0.22890625
0 0.8484375 0.671875 0.11015625 0.159375
0 0.4828125 0.3953125 0.0828125 0.09296875
0 0.52734375 0.8078125 0.1625 0.209375
0 0.5890625 0.95390625 0.15546875 0.0890625
0 0.3578125 0.715625 0.1515625 0.2015625
0 0.7375 0.22890625 0.05078125 0.053125
0 0.9765625 0.41875 0.0453125 0.09609375
0 0.91640625 0.52109375 0.0890625 0.146875
0 0.86875 0.16328125 0.03359375 0.040625
0 0.2875 0.96875 0.1515625 0.059375
0 0.56640625 0.53125 0.096875 0.12890625
0 0.3859375 0.909375 0.16796875 0.17890625
0 0.8015625 0.228125 0.04921875 0.0515625
0 0.840625 0.45546875 0.0625 0.1109375
0 0.890625 0.39609375 0.06953125 0.096875
0 0.9859375 0.13203125 0.02578125 0.03359375
0 0.8265625 0.3515625 0.03203125 0.078125
0 0.865625 0.2953125 0.05390625 0.08203125
0 0.9234375 0.34140625 0.065625 0.103125
0 0.4515625 0.61875 0.1265625 0.16796875
0 0.91875 0.2609375 0.05078125 0.0640625
0 0.971875 0.21484375 0.04765625 0.0375
0 0.8078125 0.5015625 0.03203125 0.128125
0 0.95 0.31484375 0.05859375 0.10390625
0 0.8140625 0.49140625 0.01875 0.10546875
0 0.971875 0.259375 0.05546875 0.06640625
0 0.9890625 0.3078125 0.02109375 0.06796875
0 0.9921875 0.20625 0.01484375 0.0375