3 0.445715 0.371431 0.004758 0.021556
1 0.431320 0.371812 0.025766 0.054653
1 0.396027 0.402604 0.039617 0.073903
2 0.159102 0.986243 0.022750 0.024264
0 0.294723 0.944174 0.121055 0.108403
0 0.068082 0.813917 0.131977 0.158583
0 0.242840 0.737861 0.108320 0.158583
0 0.390746 0.649681 0.065539 0.101944
0 0.230555 0.601938 0.058250 0.080903
0 0.367664 0.459569 0.028359 0.034639
0 0.406527 0.464569 0.025117 0.036944
0 0.424715 0.434736 0.021648 0.029639
0 0.438031 0.481507 0.028359 0.044653
0 0.454375 0.450521 0.022516 0.035792
0 0.469313 0.401250 0.013859 0.018861
0 0.443770 0.400681 0.016023 0.023861
0 0.421035 0.398368 0.011258 0.020014
0 0.783223 0.812292 0.111039 0.179611
0 0.783949 0.655340 0.080102 0.110042
0 0.574152 0.542882 0.040961 0.069569
0 0.595305 0.477806 0.028984 0.046194
0 0.551828 0.475924 0.029344 0.045569
0 0.601402 0.427535 0.022086 0.031097
0 0.566410 0.424868 0.018914 0.030792
0 0.580105 0.401771 0.013789 0.021681
0 0.533094 0.408528 0.016266 0.026389
0 0.563668 0.382132 0.012727 0.018847
0 0.558898 0.376160 0.010250 0.015708
0 0.527352 0.383868 0.014672 0.021681
0 0.540074 0.374125 0.010070 0.019167
0 0.524434 0.365639 0.012727 0.014139
0 0.474402 0.387403 0.013211 0.015778
0 0.462063 0.379896 0.008016 0.012319
0 0.480680 0.375465 0.012344 0.014236
0 0.464984 0.367771 0.009094 0.011931
3 0.324691 0.498826 0.042867 0.062347
3 0.374484 0.507875 0.040703 0.067361
4 0.452750 0.384514 0.014938 0.030028
