1 0.825 0.290625 0.05390625 0.1140625
2 0.27734375 0.671875 0.1375 0.15
2 0.33515625 0.7875 0.1515625 0.196875
2 0.5546875 0.51640625 0.10078125 0.171875
2 0.740625 0.3375 0.04609375 0.0859375
4 0.33984375 0.3640625 0.196875 0.18359375
4 0.6109375 0.259375 0.0359375 0.0609375
4 0.69921875 0.22265625 0.0453125 0.06796875
4 0.815625 0.18828125 0.028125 0.040625
4 0.778125 0.196875 0.0203125 0.0375
4 0.734375 0.203125 0.03203125 0.05
4 0.8671875 0.20546875 0.02578125 0.046875
4 0.7546875 0.18359375 0.015625 0.01953125
4 0.8140625 0.2609375 0.0484375 0.078125
0 0.015625 0.5359375 0.03125 0.059375
0 0.2765625 0.48984375 0.0890625 0.0765625
0 0.5046875 0.34765625 0.04296875 0.04609375
0 0.6734375 0.525 0.06640625 0.096875
0 0.475 0.5109375 0.07421875 0.096875
0 0.5875 0.415625 0.05390625 0.065625
0 0.6921875 0.26953125 0.02265625 0.03046875
0 0.5796875 0.3015625 0.03203125 0.0390625
0 0.64375 0.259375 0.02109375 0.025
0 0.6296875 0.2828125 0.02578125 0.02890625
0 0.73125 0.3078125 0.0265625 0.0375
0 0.75859375 0.2828125 0.025 0.03203125
0 0.8625 0.26640625 0.02421875 0.04140625
0 0.8140625 0.23125 0.0375 0.01796875
0 0.88203125 0.2390625 0.0171875 0.03046875
0 0.74140625 0.24296875 0.0171875 0.025
0 0.753125 0.22734375 0.01484375 0.02109375
0 0.7296875 0.234375 0.01328125 0.02109375