2 0.4734375 0.83984375 0.16484375 0.2515625
2 0.45390625 0.5875 0.1234375 0.18359375
2 0.3484375 0.51171875 0.13203125 0.184375
2 0.215625 0.62109375 0.175 0.2359375
2 0.5953125 0.44375 0.08046875 0.115625
2 0.46328125 0.4375 0.096875 0.128125
2 0.71328125 0.315625 0.0609375 0.1015625
2 0.61328125 0.31328125 0.059375 0.09296875
4 0.43828125 0.2109375 0.096875 0.13046875
4 0.52265625 0.37109375 0.096875 0.171875
4 0.73828125 0.26953125 0.071875 0.128125
4 0.834375 0.25078125 0.07109375 0.14609375
4 0.840625 0.06953125 0.04296875 0.05
4 0.803125 0.196875 0.0796875 0.14140625
4 0.85 0.140625 0.059375 0.07890625
4 0.8875 0.1828125 0.0453125 0.1125
4 0.76875 0.06796875 0.03046875 0.021875
0 0.065625 0.928125 0.13125 0.14140625
0 0.03984375 0.7859375 0.0796875 0.18359375
0 0.7671875 0.13515625 0.01796875 0.02890625
0 0.85390625 0.09453125 0.0140625 0.021875
0 0.73515625 0.20234375 0.040625 0.0265625
0 0.8046875 0.0984375 0.0125 0.01640625
0 0.88125 0.06484375 0.01640625 0.0265625
0 0.61875 0.278125 0.03203125 0.025