0 0.410352 0.411299 0.016547 0.025125
0 0.434715 0.515285 0.028570 0.044903
0 0.479523 0.377618 0.011125 0.018708
0 0.455012 0.385368 0.010227 0.016042
0 0.468992 0.400868 0.013531 0.020319
0 0.430953 0.387778 0.012625 0.017639
0 0.440727 0.404347 0.014734 0.026194
0 0.457266 0.433757 0.019547 0.031542
0 0.447641 0.471979 0.024359 0.033153
0 0.422078 0.434285 0.020750 0.027264
0 0.383285 0.503257 0.035180 0.044375
0 0.342086 0.489889 0.035781 0.047583
0 0.386594 0.690917 0.064656 0.093556
0 0.209008 0.817625 0.104656 0.132056
0 0.582262 0.590528 0.047273 0.080194
0 0.636215 0.466062 0.028867 0.049403
0 0.601570 0.434951 0.019484 0.029514
0 0.587496 0.458694 0.020211 0.033361
0 0.559891 0.413778 0.017687 0.025667
0 0.576309 0.398375 0.012992 0.020528
1 0.376738 0.446181 0.028148 0.040417
1 0.548703 0.379132 0.014797 0.030792
1 0.468949 0.359882 0.012633 0.023097
