0 0.424742 0.396146 0.014219 0.019597
1 0.379484 0.475306 0.044391 0.085333
0 0.452082 0.384667 0.012039 0.017278
0 0.438371 0.379257 0.011023 0.015736
1 0.447676 0.362806 0.015039 0.025611
0 0.718066 0.571472 0.046914 0.065444
0 0.632246 0.470431 0.028867 0.039139
0 0.037160 0.904771 0.074320 0.158458
0 0.342637 0.773250 0.083367 0.139222
0 0.307453 0.624722 0.056297 0.073139
0 0.412289 0.575000 0.042219 0.066083
0 0.323980 0.499299 0.043602 0.065236
0 0.438109 0.498764 0.031875 0.043833
0 0.448789 0.460271 0.023156 0.033153
0 0.430688 0.424118 0.018281 0.024486
0 0.465711 0.414188 0.015813 0.024236
0 0.473906 0.393306 0.013922 0.018556
0 0.444754 0.398722 0.014211 0.022167
