0 0.613219 0.494986 0.046922 0.089694
0 0.703180 0.555507 0.046922 0.063958
0 0.604637 0.431014 0.021758 0.030833
0 0.547895 0.461847 0.021758 0.036056
0 0.563770 0.406708 0.013523 0.023000
0 0.528641 0.392597 0.015578 0.017778
0 0.572441 0.392597 0.013227 0.017778
0 0.523789 0.373257 0.011766 0.015681
0 0.221008 0.768854 0.095094 0.117042
0 0.317926 0.926694 0.115852 0.146611
0 0.277703 0.580819 0.029266 0.072611
0 0.338359 0.582993 0.050594 0.066097
0 0.416387 0.568903 0.046945 0.085611
0 0.450758 0.465069 0.022297 0.031361
0 0.381059 0.508847 0.033320 0.044861
0 0.427066 0.428500 0.018430 0.024194
0 0.396375 0.424465 0.019422 0.028236
0 0.459461 0.428750 0.019422 0.023194
