2 0.64453125 0.66015625 0.1421875 0.22890625
2 0.4890625 0.6546875 0.13828125 0.159375
2 0.96171875 0.50546875 0.0734375 0.11640625
2 0.8828125 0.4421875 0.07578125 0.1015625
2 0.88984375 0.21953125 0.0390625 0.0640625
2 0.98203125 0.24375 0.0328125 0.065625
2 0.5390625 0.359375 0.05546875 0.08046875
4 0.665625 0.471875 0.1171875 0.1765625
4 0.5546875 0.25625 0.16171875 0.165625
4 0.60625 0.3625 0.08125 0.103125
4 0.78515625 0.21015625 0.0546875 0.0765625
4 0.5015625 0.37265625 0.05859375 0.09296875
4 0.946875 0.1390625 0.04765625 0.078125
0 0.278125 0.4890625 0.1078125 0.1
0 0.8015625 0.403125 0.06953125 0.0859375
0 0.73984375 0.27109375 0.0453125 0.053125
0 0.9859375 0.33203125 0.02734375 0.06953125
0 0.9078125 0.31640625 0.05234375 0.06640625
0 0.940625 0.20546875 0.0328125 0.0390625
0 0.76484375 0.29375 0.05 0.05703125
0 0.8171875 0.21328125 0.01484375 0.04609375
0 0.890625 0.2015625 0.03125 0.0359375