2 0.77578125 0.6 0.1203125 0.19140625
2 0.9171875 0.2625 0.04140625 0.05546875
4 0.5484375 0.296875 0.18359375 0.1765625
4 0.8140625 0.24453125 0.0671875 0.078125
4 0.78125 0.446875 0.10078125 0.15859375
4 0.5703125 0.4296875 0.09453125 0.115625
4 0.9828125 0.16015625 0.03359375 0.09296875
4 0.4578125 0.43515625 0.06796875 0.1015625
4 0.4984375 0.421875 0.05390625 0.0890625
0 0.1640625 0.58671875 0.13515625 0.115625
0 0.6453125 0.590625 0.11484375 0.134375
0 0.896875 0.39140625 0.06171875 0.078125
0 0.98125 0.3171875 0.03515625 0.05703125
0 0.96796875 0.428125 0.0625 0.0890625
0 0.9765625 0.23828125 0.03359375 0.040625
0 0.2109375 0.90390625 0.24453125 0.1890625
0 0.75234375 0.3125 0.05 0.05546875
0 0.7671875 0.340625 0.05625 0.0609375
0 0.9234375 0.23515625 0.0328125 0.0375
0 0.84453125 0.2484375 0.0171875 0.046875
0 0.284375 0.97578125 0.16640625 0.04609375
0 0.809375 0.1578125 0.01328125 0.01796875