2 0.47421875 0.6296875 0.0875 0.11796875
2 0.5578125 0.46015625 0.05390625 0.065625
2 0.2671875 0.525 0.08359375 0.078125
2 0.6671875 0.5609375 0.05703125 0.0890625
2 0.6375 0.396875 0.03828125 0.05
2 0.728125 0.3734375 0.02890625 0.0390625
2 0.8015625 0.33828125 0.01953125 0.03203125
2 0.6484375 0.32734375 0.01953125 0.0265625
2 0.77578125 0.3796875 0.03125 0.040625
2 0.7578125 0.32265625 0.03125 0.065625
2 0.70625 0.3453125 0.02578125 0.03203125
2 0.69921875 0.3 0.01875 0.025
2 0.7296875 0.2875 0.01171875 0.01953125
3 0.1359375 0.88984375 0.0578125 0.1625
4 0.190625 0.49140625 0.1125 0.121875
4 0.56640625 0.309375 0.0390625 0.071875
4 0.690625 0.27265625 0.04140625 0.06796875
4 0.7828125 0.24375 0.01796875 0.03203125
4 0.68046875 0.28671875 0.021875 0.040625
4 0.7640625 0.2546875 0.01640625 0.0375
4 0.809375 0.28984375 0.046875 0.08203125
0 0.4859375 0.409375 0.0453125 0.04609375
0 0.575 0.3609375 0.02890625 0.03359375
0 0.6296875 0.31875 0.021875 0.0234375
0 0.70390625 0.28671875 0.015625 0.01796875
0 0.7359375 0.3234375 0.0171875 0.025
0 0.7671875 0.26484375 0.01015625 0.01796875
0 0.7375 0.27578125 0.0109375 0.01796875
0 0.746875 0.275 0.01015625 0.01953125