0 0.525883 0.382222 0.010328 0.017472
0 0.337934 0.494340 0.036039 0.046236
0 0.310191 0.923139 0.121055 0.144000
0 0.095391 0.774278 0.104672 0.134306
3 0.266051 0.564729 0.060070 0.093847
3 0.334039 0.573625 0.060984 0.103556
3 0.447816 0.396556 0.019086 0.036472
1 0.448891 0.366437 0.011687 0.025458
1 0.423477 0.380646 0.031500 0.064903
1 0.380285 0.421583 0.049633 0.096722
0 0.466668 0.368132 0.008117 0.011875
0 0.481344 0.369194 0.008828 0.010611
0 0.477527 0.380861 0.010258 0.013583
0 0.459629 0.373229 0.010742 0.011875
0 0.438273 0.379799 0.006687 0.022486
0 0.456883 0.387653 0.008594 0.020361
0 0.470484 0.398465 0.013844 0.022486
0 0.464281 0.417340 0.015266 0.022903
0 0.437082 0.411833 0.017180 0.020361
0 0.409996 0.413097 0.015508 0.026306
0 0.407371 0.462306 0.026008 0.033083
0 0.442328 0.491576 0.027203 0.039875
0 0.382555 0.502819 0.034125 0.041139
0 0.422285 0.531451 0.035789 0.045819
0 0.600273 0.622972 0.054609 0.095472
0 0.602695 0.498750 0.032516 0.046972
0 0.639871 0.478729 0.032352 0.041847
0 0.540109 0.438382 0.019141 0.032208
0 0.561285 0.417757 0.016430 0.024097
0 0.576273 0.394576 0.016266 0.021681
0 0.564926 0.381924 0.012539 0.017458
0 0.548664 0.392458 0.014562 0.020472
0 0.532742 0.412792 0.017953 0.024389
0 0.554934 0.369875 0.008805 0.013250
