2 0.725 0.1078125 0.0734375 0.0984375
2 0.83515625 0.21328125 0.08125 0.1234375
4 0.09375 0.41328125 0.1875 0.27109375
4 0.49453125 0.090625 0.1921875 0.18125
4 0.60859375 0.51953125 0.325 0.63359375
0 0.71875 0.859375 0.19296875 0.271875
0 0.246875 0.690625 0.190625 0.2484375
0 0.3875 0.8828125 0.2390625 0.23203125
0 0.0140625 0.903125 0.02734375 0.19140625
0 0.628125 0.16328125 0.08203125 0.084375
0 0.90625 0.328125 0.10078125 0.1359375
0 0.81328125 0.43046875 0.103125 0.1609375
0 0.7953125 0.07578125 0.06015625 0.07109375
0 0.9765625 0.4140625 0.0453125 0.20546875
0 0.4453125 0.51328125 0.06171875 0.17890625
0 0.82421875 0.02578125 0.0515625 0.0515625
0 0.6296875 0.11171875 0.08046875 0.07890625
0 0.8015625 0.2625 0.07578125 0.11640625
0 0.98125 0.09375 0.03515625 0.065625
0 0.89296875 0.028125 0.0484375 0.05625
0 0.87734375 0.19296875 0.065625 0.103125
0 0.9125 0.165625 0.06171875 0.096875
0 0.9609375 0.12890625 0.0609375 0.078125
0 0.77578125 0.290625 0.028125 0.128125
0 0.7859375 0.01796875 0.03515625 0.0359375
0 0.953125 0.24453125 0.09140625 0.14453125
0 0.759375 0.509375 0.03203125 0.1375
0 0.1703125 0.9796875 0.15390625 0.0375
0 0.9828125 0.16875 0.03359375 0.0875
0 0.871875 0.01015625 0.0125 0.0203125