2 0.32734375 0.446875 0.0671875 0.0640625
2 0.7484375 0.40625 0.03046875 0.0765625
4 0.66015625 0.47421875 0.153125 0.240625
4 0.5015625 0.34921875 0.11640625 0.11796875
4 0.803125 0.42421875 0.08671875 0.1765625
4 0.86875 0.2921875 0.03203125 0.065625
4 0.7546875 0.384375 0.06328125 0.13046875
4 0.8 0.275 0.015625 0.028125
4 0.7828125 0.24609375 0.0171875 0.01640625
4 0.9015625 0.26796875 0.02109375 0.046875
4 0.87734375 0.3703125 0.065625 0.08203125
0 0.42890625 0.759375 0.128125 0.15859375
0 0.721875 0.58359375 0.06328125 0.096875
0 0.503125 0.55703125 0.08203125 0.09453125
0 0.29921875 0.496875 0.075 0.06640625
0 0.4671875 0.921875 0.16015625 0.153125
0 0.4859375 0.4421875 0.05859375 0.06796875
0 0.88828125 0.3390625 0.0234375 0.028125
0 0.6953125 0.34375 0.0296875 0.02890625
0 0.7921875 0.29375 0.01328125 0.02109375
0 0.74921875 0.3125 0.0203125 0.025
0 0.84140625 0.2671875 0.0109375 0.02109375