2 0.271875 0.88984375 0.19921875 0.215625
2 0.32421875 0.440625 0.0875 0.10390625
2 0.4 0.334375 0.0546875 0.0625
2 0.93046875 0.23984375 0.028125 0.04609375
4 0.62734375 0.43671875 0.2109375 0.33203125
4 0.63359375 0.21328125 0.0671875 0.09609375
4 0.8375 0.35703125 0.1109375 0.2359375
4 0.70625 0.20546875 0.05546875 0.08046875
4 0.02109375 0.440625 0.0421875 0.2140625
4 0.3875 0.5671875 0.15859375 0.22109375
4 0.7828125 0.159375 0.040625 0.0765625
4 0.8875 0.21015625 0.04609375 0.090625
4 0.86953125 0.13046875 0.01875 0.0359375
4 0.7796875 0.2984375 0.06171875 0.14453125
4 0.79609375 0.13203125 0.021875 0.021875
4 0.80078125 0.28515625 0.1015625 0.1734375
0 0.35703125 0.3578125 0.059375 0.059375
0 0.84375 0.178125 0.0171875 0.02109375
0 0.82421875 0.16171875 0.0140625 0.02109375
0 0.6671875 0.2484375 0.0328125 0.0359375
0 0.7453125 0.22890625 0.02578125 0.03359375
0 0.88046875 0.15625 0.015625 0.02109375
0 0.740625 0.31875 0.0203125 0.059375
0 0.60078125 0.290625 0.0421875 0.040625
0 0.9125 0.27109375 0.03203125 0.04453125
0 0.56875 0.2859375 0.034375 0.046875
0 0.91953125 0.12109375 0.0078125 0.0109375
0 0.78359375 0.190625 0.0171875 0.025
0 0.8640625 0.15703125 0.01171875 0.01953125
0 0.94296875 0.228125 0.01875 0.03203125
0 0.909375 0.1328125 0.00859375 0.015625
0 0.89765625 0.3046875 0.0140625 0.0625
0 0.796875 0.19375 0.02109375 0.02109375
0 0.91875 0.20859375 0.02109375 0.03359375
0 0.76953125 0.1890625 0.0125 0.01640625
0 0.8640625 0.20390625 0.00703125 0.0359375