1 0.2734375 0.77421875 0.54609375 0.44609375
2 0.13671875 0.5484375 0.128125 0.11953125
2 0.459375 0.35234375 0.05078125 0.05703125
2 0.61796875 0.3953125 0.05 0.065625
2 0.4953125 0.37109375 0.05390625 0.05546875
2 0.78203125 0.25390625 0.028125 0.053125
4 0.14375 0.41328125 0.28203125 0.22109375
4 0.69375 0.36640625 0.0890625 0.1609375
4 0.81875 0.3015625 0.07265625 0.15
4 0.7609375 0.17734375 0.01640625 0.01796875
4 0.7453125 0.221875 0.01796875 0.03359375
4 0.88125 0.21875 0.02421875 0.05703125
0 0.515625 0.58984375 0.07734375 0.0875
0 0.0390625 0.57109375 0.07734375 0.1
0 0.70625 0.2609375 0.02421875 0.028125
0 0.815625 0.196875 0.01015625 0.0140625
0 0.325 0.61484375 0.0890625 0.0625
0 0.81796875 0.42421875 0.01875 0.040625
0 0.8671875 0.175 0.00859375 0.0140625
0 0.71328125 0.2375 0.0203125 0.028125
0 0.778125 0.21328125 0.01328125 0.015625
0 0.7609375 0.2328125 0.01640625 0.02109375
0 0.8484375 0.18046875 0.0046875 0.0109375
0 0.83515625 0.18125 0.0078125 0.009375