2 0.578125 0.32265625 0.0421875 0.0515625
2 0.6421875 0.27265625 0.03046875 0.034375
4 0.46875 0.30078125 0.11796875 0.12109375
4 0.56875 0.48515625 0.146875 0.25703125
4 0.778125 0.35625 0.0984375 0.209375
4 0.1390625 0.4109375 0.278125 0.24375
4 0.759375 0.18125 0.01640625 0.01796875
4 0.7484375 0.28125 0.03203125 0.059375
0 0.3875 0.434375 0.07109375 0.0640625
0 0.12578125 0.95078125 0.1890625 0.09609375
0 0.49609375 0.34609375 0.046875 0.046875
0 0.6796875 0.278125 0.0265625 0.028125
0 0.49921875 0.47109375 0.034375 0.078125
0 0.77109375 0.23046875 0.0171875 0.021875
0 0.64453125 0.38359375 0.0390625 0.05546875
0 0.8328125 0.2609375 0.01640625 0.03046875
0 0.8703125 0.17265625 0.01171875 0.015625
0 0.83125 0.19140625 0.009375 0.0109375
0 0.896875 0.1734375 0.01484375 0.01953125
0 0.8015625 0.21015625 0.01171875 0.0265625
0 0.759375 0.221875 0.0109375 0.02109375
0 0.8234375 0.2359375 0.01484375 0.021875
0 0.8375 0.22421875 0.01640625 0.0234375
0 0.0109375 0.590625 0.021875 0.06640625