2 0.63671875 0.29140625 0.034375 0.05
2 0.6859375 0.403125 0.0421875 0.06640625
4 0.4328125 0.58984375 0.32578125 0.459375
4 0.2828125 0.359375 0.2078125 0.2
4 0.75625 0.39453125 0.1046875 0.203125
4 0.77109375 0.19453125 0.0234375 0.04453125
4 0.81875 0.25625 0.04609375 0.0765625
0 0.6359375 0.596875 0.09765625 0.16640625
0 0.6921875 0.3375 0.03203125 0.046875
0 0.74921875 0.2375 0.01875 0.028125
0 0.33828125 0.45234375 0.0578125 0.065625
0 0.759375 0.28671875 0.0234375 0.02890625
0 0.775 0.22578125 0.01640625 0.02109375
0 0.7703125 0.27421875 0.0171875 0.0265625
0 0.79296875 0.29453125 0.025 0.021875
0 0.7921875 0.2171875 0.01484375 0.01796875
0 0.80546875 0.20703125 0.01875 0.01953125
0 0.840625 0.25234375 0.0078125 0.02109375
0 0.76796875 0.209375 0.0140625 0.015625
0 0.8765625 0.30390625 0.0203125 0.053125
0 0.8484375 0.2359375 0.01640625 0.021875