0 0.411605 0.410035 0.015664 0.023014
0 0.422570 0.433049 0.019625 0.028958
0 0.458699 0.433236 0.019633 0.031556
0 0.455371 0.385354 0.010023 0.015597
0 0.343926 0.486847 0.036086 0.045444
0 0.384777 0.501333 0.035086 0.046778
0 0.435648 0.511354 0.028562 0.042764
0 0.390828 0.681132 0.060797 0.094236
0 0.217777 0.799382 0.100289 0.123792
0 0.586891 0.608069 0.050672 0.093167
0 0.448781 0.470549 0.024016 0.031931
0 0.440949 0.404465 0.016289 0.024514
0 0.431551 0.387382 0.012117 0.017819
0 0.469313 0.400736 0.013859 0.021556
0 0.479492 0.378417 0.011688 0.018472
0 0.639723 0.469646 0.030742 0.051569
0 0.589918 0.463486 0.022086 0.034639
0 0.603563 0.438465 0.019922 0.029264
0 0.561340 0.414208 0.017758 0.026944
0 0.578012 0.401896 0.013852 0.020792
1 0.377723 0.443854 0.028148 0.043125
1 0.469965 0.361090 0.012555 0.022319
1 0.548566 0.380722 0.014727 0.027722
