0 0.460562 0.419611 0.016531 0.022222
0 0.444234 0.478021 0.028219 0.044431
1 0.826609 0.754437 0.309391 0.491125
0 0.424281 0.552549 0.036687 0.051597
0 0.397496 0.475347 0.027602 0.037333
0 0.315336 0.621618 0.057391 0.071292
0 0.569777 0.392819 0.011898 0.017000
0 0.532566 0.419882 0.017492 0.025708
0 0.602180 0.499951 0.030906 0.044931
0 0.559461 0.515597 0.028422 0.039917
0 0.553094 0.397444 0.010266 0.015750
0 0.382762 0.678312 0.054414 0.080986
0 0.264598 0.579507 0.058555 0.068431
3 0.584008 0.401806 0.016563 0.030278
3 0.423273 0.430354 0.019344 0.023653
0 0.639746 0.780806 0.078945 0.153472
3 0.333020 0.492250 0.039430 0.055167
0 0.387395 0.437431 0.020961 0.029583
