2 0.4640625 0.646875 0.11484375 0.15546875
2 0.62578125 0.475 0.0796875 0.13046875
2 0.79609375 0.40625 0.0609375 0.1015625
2 0.69375 0.3265625 0.0484375 0.0609375
2 0.8 0.2953125 0.03984375 0.0625
2 0.9375 0.184375 0.0296875 0.053125
2 0.846875 0.234375 0.01875 0.05390625
4 0.6296875 0.196875 0.05625 0.0875
4 0.54375 0.29765625 0.0578125 0.07890625
4 0.8828125 0.259375 0.06875 0.1484375
4 0.77265625 0.121875 0.021875 0.021875
4 0.9296875 0.09375 0.021875 0.03203125
4 0.9046875 0.09921875 0.01171875 0.03203125
4 0.9421875 0.1703125 0.03984375 0.0875
0 0.159375 0.4140625 0.08359375 0.075
0 0.05625 0.871875 0.11171875 0.23203125
0 0.4875 0.490625 0.0859375 0.0984375
0 0.3765625 0.39609375 0.07578125 0.078125
0 0.70859375 0.228125 0.0296875 0.034375
0 0.75078125 0.278125 0.0390625 0.046875
0 0.759375 0.17421875 0.01796875 0.02109375
0 0.72578125 0.20234375 0.0234375 0.0265625
0 0.7953125 0.1703125 0.0171875 0.02109375
0 0.790625 0.18515625 0.01875 0.0265625
0 0.66640625 0.225 0.0296875 0.0359375
0 0.8296875 0.2203125 0.02265625 0.034375
0 0.91796875 0.153125 0.0125 0.015625
0 0.6453125 0.228125 0.0171875 0.03046875
0 0.81796875 0.15078125 0.0109375 0.01796875
0 0.8921875 0.171875 0.02109375 0.0234375
0 0.86015625 0.153125 0.0140625 0.01953125
0 0.54375 0.2625 0.0265625 0.0140625
0 0.934375 0.28515625 0.03984375 0.07890625
0 0.87578125 0.1828125 0.0234375 0.03203125