1 0.209375 0.290625 0.20625 0.2
2 0.1828125 0.725 0.1609375 0.1890625
2 0.5296875 0.559375 0.128125 0.19453125
2 0.66875 0.44765625 0.07421875 0.09609375
2 0.64140625 0.36640625 0.059375 0.06953125
2 0.73125 0.378125 0.06171875 0.078125
4 0.85 0.32109375 0.13671875 0.2390625
4 0.740625 0.15 0.05546875 0.078125
4 0.3609375 0.278125 0.103125 0.1765625
4 0.934375 0.078125 0.03671875 0.0375
4 0.90859375 0.20625 0.121875 0.140625
4 0.7984375 0.096875 0.03125 0.0234375
0 0.38125 0.39453125 0.07890625 0.075
0 0.30546875 0.80234375 0.175 0.21796875
0 0.6078125 0.2703125 0.04453125 0.0484375
0 0.6921875 0.203125 0.028125 0.03203125
0 0.14375 0.459375 0.1 0.09140625
0 0.5109375 0.48125 0.0796875 0.1015625
0 0.72109375 0.30078125 0.05 0.059375
0 0.75625 0.19921875 0.02734375 0.0234375
0 0.8015625 0.165625 0.0234375 0.034375
0 0.84609375 0.1453125 0.01875 0.0265625
0 0.778125 0.25703125 0.03671875 0.05
0 0.86328125 0.125 0.0140625 0.01640625
0 0.7703125 0.328125 0.03515625 0.059375
0 0.8875 0.12734375 0.0125 0.01796875
0 0.821875 0.2078125 0.02421875 0.01796875
0 0.8125 0.215625 0.04453125 0.034375
0 0.8375 0.190625 0.02578125 0.0265625
0 0.90859375 0.11015625 0.0140625 0.02109375
0 0.1921875 0.9359375 0.26015625 0.125
0 0.7546875 0.17421875 0.0265625 0.0265625