0 0.569801 0.427764 0.016836 0.025139
0 0.587094 0.416806 0.017141 0.023528
0 0.610250 0.436049 0.023156 0.038486
0 0.553863 0.493257 0.029477 0.051319
1 0.542961 0.370875 0.012281 0.025389
1 0.466773 0.361528 0.013281 0.023611
0 0.445223 0.370660 0.011773 0.018708
1 0.363398 0.458875 0.032078 0.044556
0 0.460387 0.377563 0.009023 0.012931
0 0.427555 0.392931 0.012531 0.015139
0 0.435449 0.412979 0.016289 0.025847
0 0.453867 0.447285 0.021047 0.036542
0 0.441215 0.496743 0.028820 0.040097
0 0.414395 0.447951 0.022305 0.030736
0 0.402992 0.418549 0.018547 0.025403
0 0.422664 0.553549 0.032828 0.053014
0 0.365152 0.534611 0.040102 0.048111
0 0.320668 0.513674 0.041852 0.049903
0 0.339703 0.862514 0.097438 0.154750
0 0.094156 0.971868 0.133813 0.056264
0 0.660598 0.866368 0.089648 0.150125
0 0.451738 0.391813 0.011773 0.017375
0 0.466902 0.406521 0.015039 0.019153
0 0.569500 0.388201 0.013234 0.017653
0 0.551609 0.396222 0.014734 0.019778
0 0.729234 0.728938 0.077953 0.133958
0 0.476801 0.380236 0.011273 0.019167
