1 0.445621 0.386375 0.017492 0.034833
0 0.433648 0.416785 0.013906 0.021597
0 0.527660 0.401882 0.015258 0.018236
0 0.466848 0.410521 0.015930 0.019681
0 0.374738 0.449542 0.025523 0.027472
0 0.411352 0.454882 0.022172 0.027542
3 0.415578 0.403708 0.019594 0.029861
3 0.455367 0.426486 0.017547 0.026639
3 0.351730 0.546583 0.041320 0.060306
3 0.087680 0.769312 0.147078 0.162542
0 0.352055 0.805000 0.093359 0.163389
0 0.651707 0.570653 0.044336 0.060917
0 0.301172 0.536431 0.043000 0.054333
0 0.438043 0.502993 0.028523 0.045986
0 0.470793 0.396618 0.014461 0.015764
0 0.265465 0.709111 0.077883 0.100611
1 0.558391 0.391222 0.026594 0.065944
1 0.597582 0.404708 0.038258 0.072167
