1 0.79375 0.425 0.12265625 0.275
2 0.565625 0.38984375 0.08984375 0.109375
2 0.7171875 0.3609375 0.06875 0.153125
2 0.85078125 0.1015625 0.0265625 0.03359375
4 0.3171875 0.73359375 0.63359375 0.53046875
4 0.825 0.37734375 0.18515625 0.37109375
4 0.9578125 0.209375 0.0828125 0.15859375
4 0.9265625 0.03046875 0.05078125 0.0609375
4 0.8171875 0.02421875 0.02734375 0.02890625
0 0.0625 0.515625 0.125 0.1265625
0 0.615625 0.1921875 0.04296875 0.0515625
0 0.6515625 0.153125 0.03515625 0.040625
0 0.5546875 0.26015625 0.06015625 0.065625
0 0.73515625 0.134375 0.0328125 0.04296875
0 0.70625 0.178125 0.0421875 0.05
0 0.25625 0.59453125 0.11171875 0.08046875
0 0.6390625 0.353125 0.06953125 0.09609375
0 0.46328125 0.465625 0.0921875 0.0484375
0 0.5828125 0.4953125 0.10625 0.13203125
0 0.9640625 0.9484375 0.06953125 0.1
0 0.0171875 0.45 0.034375 0.06875
0 0.8625 0.0796875 0.0203125 0.0265625
0 0.8921875 0.06484375 0.01796875 0.0234375
0 0.825 0.0953125 0.02265625 0.02890625
0 0.9203125 0.31171875 0.01796875 0.05703125
0 0.97421875 0.071875 0.0265625 0.028125
0 0.68046875 0.32109375 0.0515625 0.0859375
0 0.953125 0.04765625 0.015625 0.02109375
0 0.98046875 0.02578125 0.0109375 0.01796875
0 0.89921875 0.18515625 0.034375 0.0265625
0 0.9 0.15078125 0.03359375 0.04296875
0 0.9359375 0.0375 0.02421875 0.028125
0 0.01015625 0.7375 0.0203125 0.06953125