0 0.438695 0.379021 0.010156 0.013958
0 0.741883 0.600278 0.054859 0.074417
1 0.448441 0.363653 0.014070 0.025778
0 0.052281 0.864604 0.104563 0.156542
0 0.639574 0.479986 0.031398 0.044278
0 0.355020 0.737896 0.072898 0.127681
0 0.316582 0.610229 0.053773 0.068653
0 0.416547 0.563403 0.040297 0.060944
0 0.329332 0.493903 0.042102 0.065222
0 0.439703 0.494167 0.031875 0.043306
0 0.449238 0.456257 0.022555 0.030819
0 0.432012 0.421354 0.018164 0.022653
1 0.382531 0.470910 0.042703 0.083931
0 0.466367 0.412819 0.015453 0.023389
0 0.425402 0.394271 0.013773 0.018264
0 0.445402 0.397069 0.013898 0.020833
0 0.473867 0.392236 0.014016 0.018472
0 0.452598 0.384181 0.012570 0.016111
