1 0.4015625 0.84453125 0.3484375 0.30546875
2 0.2234375 0.68046875 0.196875 0.2890625
2 0.55 0.559375 0.15234375 0.234375
2 0.55859375 0.38828125 0.1109375 0.1265625
2 0.91875 0.12421875 0.03203125 0.05390625
4 0.090625 0.290625 0.18125 0.278125
4 0.75625 0.4875 0.26953125 0.49453125
4 0.7046875 0.08203125 0.07421875 0.11640625
4 0.8796875 0.20390625 0.08359375 0.16953125
4 0.97578125 0.18984375 0.046875 0.14296875
4 0.63359375 0.31640625 0.1046875 0.1890625
4 0.98125 0.084375 0.0359375 0.06953125
4 0.79140625 0.3734375 0.165625 0.2640625
0 0.36015625 0.5828125 0.11875 0.165625
0 0.08046875 0.946875 0.1609375 0.103125
0 0.525 0.228125 0.06328125 0.06640625
0 0.0421875 0.82734375 0.084375 0.1546875
0 0.7890625 0.10546875 0.03203125 0.0359375
0 0.48125 0.49453125 0.09765625 0.13359375
0 0.896875 0.384375 0.05703125 0.10546875
0 0.7515625 0.2359375 0.06015625 0.0609375
0 0.83046875 0.1984375 0.028125 0.0609375
0 0.9296875 0.20234375 0.02421875 0.0625
0 0.70625 0.2921875 0.046875 0.0875
0 0.94375 0.18125 0.025 0.05703125
0 0.9609375 0.090625 0.01171875 0.034375
0 0.9125 0.06015625 0.021875 0.03203125
0 0.940625 0.11875 0.01640625 0.040625
0 0.9 0.0375 0.0234375 0.03359375
0 0.70390625 0.3140625 0.025 0.04453125
0 0.9015625 0.053125 0.01640625 0.02890625
0 0.86640625 0.0046875 0.0390625 0.009375
0 0.95390625 0.1609375 0.0078125 0.0390625