1 0.387395 0.428931 0.026055 0.042694
1 0.260820 0.521278 0.139297 0.201333
0 0.097922 0.972653 0.133313 0.054694
0 0.124570 0.754576 0.101328 0.108903
0 0.366109 0.751653 0.068625 0.112528
0 0.530332 0.407583 0.015992 0.028417
0 0.439395 0.409361 0.015320 0.020139
0 0.462676 0.415278 0.018055 0.029611
0 0.433363 0.424757 0.019383 0.020125
0 0.413375 0.446674 0.020719 0.030792
0 0.381066 0.508854 0.034711 0.043819
0 0.452020 0.450222 0.019383 0.033167
0 0.427699 0.545569 0.034711 0.053306
0 0.601918 0.433056 0.019383 0.029611
0 0.635230 0.473319 0.022055 0.039083
0 0.740160 0.605972 0.057367 0.079361
0 0.961367 0.904583 0.077266 0.190833
3 0.341094 0.475076 0.028047 0.052069
4 0.285117 0.651597 0.090703 0.154028
4 0.553949 0.435424 0.028711 0.060403
