0 0.447879 0.464854 0.024633 0.036375
4 0.683832 0.676188 0.101914 0.228153
4 0.370047 0.513208 0.043000 0.088889
3 0.378555 0.436965 0.017922 0.038764
1 0.409445 0.407222 0.022234 0.039139
0 0.619266 0.453201 0.022375 0.040458
0 0.420289 0.556500 0.033703 0.056639
0 0.536875 0.411438 0.017094 0.028097
0 0.583375 0.424097 0.020984 0.029472
1 0.333316 0.458708 0.074305 0.133694
1 0.099598 0.763222 0.199195 0.468694
0 0.327453 0.848604 0.093109 0.143319
0 0.870121 0.755264 0.099336 0.143361
0 0.307336 0.638688 0.058562 0.085542
0 0.271340 0.572375 0.048492 0.066972
0 0.431562 0.416438 0.014703 0.026097
0 0.459301 0.417201 0.017508 0.022264
0 0.411496 0.455646 0.021242 0.029931
0 0.560883 0.514875 0.035438 0.057694
0 0.620012 0.521840 0.033570 0.045097
0 0.706738 0.554667 0.048867 0.080250
