0 0.439734 0.488944 0.030141 0.051833
0 0.128195 0.931215 0.153422 0.137569
0 0.185543 0.637042 0.079023 0.107250
0 0.409375 0.621757 0.046734 0.078569
0 0.336223 0.570750 0.047758 0.059556
0 0.637379 0.752528 0.070273 0.128694
0 0.674996 0.513375 0.037727 0.052694
0 0.606359 0.455194 0.025109 0.037028
0 0.596660 0.423257 0.020008 0.026125
0 0.576348 0.401840 0.015727 0.021042
0 0.530719 0.400569 0.015109 0.019972
0 0.541336 0.442313 0.021641 0.031569
0 0.389145 0.497868 0.024992 0.041819
0 0.408129 0.460854 0.024258 0.030486
0 0.460805 0.431229 0.017391 0.023514
0 0.313453 0.511736 0.061453 0.082389
