2 0.5828125 0.565625 0.12109375 0.190625
2 0.7046875 0.42109375 0.08671875 0.146875
4 0.82890625 0.40390625 0.1625 0.31640625
4 0.80703125 0.0875 0.0390625 0.03046875
4 0.959375 0.228125 0.05546875 0.14140625
4 0.9828125 0.05625 0.03125 0.04296875
4 0.6671875 0.17265625 0.0734375 0.1015625
4 0.9015625 0.2984375 0.07734375 0.1609375
4 0.7984375 0.22578125 0.11953125 0.08203125
4 0.97421875 0.17109375 0.05 0.1140625
4 0.75859375 0.3234375 0.0640625 0.146875
4 0.8984375 0.175 0.034375 0.06640625
4 0.7921875 0.29140625 0.13125 0.2140625
0 0.278125 0.68046875 0.153125 0.171875
0 0.0734375 0.8765625 0.146875 0.240625
0 0.4359375 0.559375 0.1109375 0.13359375
0 0.48515625 0.91875 0.171875 0.159375
0 0.3828125 0.359375 0.0671875 0.075
0 0.628125 0.3984375 0.07421875 0.0890625
0 0.5546875 0.45390625 0.0875 0.121875
0 0.615625 0.246875 0.0453125 0.05703125
0 0.8625 0.13515625 0.01953125 0.0265625
0 0.69375 0.21171875 0.03671875 0.040625
0 0.84609375 0.12734375 0.0171875 0.02890625
0 0.91875 0.103125 0.01328125 0.0265625
0 0.93671875 0.109375 0.0140625 0.02109375
0 0.9546875 0.0875 0.01171875 0.0140625
0 0.8625 0.2140625 0.02734375 0.05546875
0 0.7125 0.315625 0.03828125 0.07890625
0 0.98671875 0.075 0.0140625 0.01953125
0 0.9046875 0.20703125 0.0203125 0.025
0 0.971875 0.0796875 0.01015625 0.0125