2 0.6921875 0.55078125 0.08359375 0.1125
2 0.6625 0.4234375 0.05859375 0.08046875
2 0.678125 0.321875 0.040625 0.065625
4 0.53125 0.30859375 0.06015625 0.0859375
4 0.7515625 0.396875 0.1171875 0.240625
4 0.65546875 0.23671875 0.0296875 0.0375
4 0.2421875 0.77265625 0.484375 0.4515625
4 0.73203125 0.1515625 0.021875 0.021875
4 0.84296875 0.134375 0.015625 0.0390625
4 0.878125 0.23671875 0.03671875 0.0734375
0 0.5640625 0.7625 0.11328125 0.178125
0 0.44375 0.3703125 0.06015625 0.0625
0 0.503125 0.465625 0.07421875 0.0875
0 0.509375 0.628125 0.06640625 0.13359375
0 0.60078125 0.496875 0.071875 0.10390625
0 0.565625 0.26484375 0.028125 0.03203125
0 0.72421875 0.225 0.0234375 0.028125
0 0.628125 0.37578125 0.05234375 0.06796875
0 0.3203125 0.5578125 0.0921875 0.04296875
0 0.665625 0.25859375 0.028125 0.03046875
0 0.7390625 0.20078125 0.01953125 0.0265625
0 0.76875 0.20390625 0.0171875 0.025
0 0.71328125 0.303125 0.03125 0.04453125
0 0.790625 0.190625 0.01796875 0.0234375