1 0.41171875 0.53515625 0.1859375 0.40390625
2 0.47109375 0.859375 0.221875 0.2765625
2 0.08671875 0.403125 0.1265625 0.12890625
2 0.259375 0.51640625 0.13203125 0.21640625
2 0.3078125 0.4015625 0.08515625 0.0859375
4 0.2375 0.15234375 0.21640625 0.234375
4 0.465625 0.47890625 0.28984375 0.51953125
4 0.565625 0.71171875 0.25078125 0.3984375
4 0.628125 0.06953125 0.07265625 0.078125
4 0.840625 0.271875 0.16875 0.36640625
4 0.775 0.03671875 0.03828125 0.059375
4 0.72109375 0.03515625 0.0421875 0.05703125
4 0.9578125 0.1109375 0.0828125 0.20859375
0 0.05234375 0.784375 0.1046875 0.24140625
0 0.47578125 0.19140625 0.0765625 0.06640625
0 0.1296875 0.91171875 0.24296875 0.1734375
0 0.403125 0.19609375 0.06640625 0.075
0 0.7453125 0.53359375 0.103125 0.1609375
0 0.65 0.2390625 0.0703125 0.103125
0 0.6296875 0.11796875 0.04921875 0.05859375
0 0.6515625 0.38671875 0.08671875 0.1265625
0 0.721875 0.30703125 0.07578125 0.096875
0 0.03984375 0.36875 0.0796875 0.1125
0 0.7171875 0.1875 0.05859375 0.075
0 0.6140625 0.4359375 0.02578125 0.125
0 0.7546875 0.15625 0.03828125 0.059375
0 0.7125 0.04453125 0.02578125 0.04140625
0 0.7515625 0.234375 0.0421875 0.096875
0 0.9046875 0.04921875 0.03125 0.0515625
0 0.8046875 0.1015625 0.0265625 0.021875
0 0.79296875 0.109375 0.05 0.0390625