1 0.391191 0.653951 0.066695 0.114708
1 0.406684 0.411410 0.021352 0.029403
0 0.286512 0.676910 0.068570 0.096236
0 0.213582 0.652576 0.064664 0.098903
0 0.357184 0.549389 0.042102 0.051861
0 0.441688 0.499139 0.030078 0.043306
0 0.455176 0.444764 0.019320 0.027222
0 0.419320 0.444292 0.022797 0.028778
0 0.386082 0.437799 0.023836 0.031875
0 0.459527 0.427743 0.017930 0.024125
0 0.428461 0.390458 0.012875 0.018250
0 0.453031 0.384604 0.011969 0.018486
0 0.476656 0.383424 0.010641 0.016986
1 0.579758 0.437604 0.028266 0.059347
0 0.525293 0.378611 0.011164 0.016500
0 0.521406 0.365097 0.010297 0.014694
0 0.465879 0.405160 0.017055 0.023514
0 0.552809 0.388694 0.012711 0.020417
0 0.564297 0.380653 0.012359 0.017944
0 0.555418 0.372917 0.010961 0.014861
0 0.439945 0.403611 0.016016 0.021028
0 0.585699 0.407257 0.015836 0.023514
0 0.537320 0.419944 0.016875 0.026611
0 0.635590 0.474465 0.028820 0.040986
0 0.657891 0.593201 0.051875 0.083319
0 0.753625 0.619931 0.065406 0.089556
0 0.970949 0.881257 0.058102 0.195125
