1 0.55234375 0.66640625 0.475 0.6609375
1 0.8359375 0.3875 0.19765625 0.34453125
1 0.4984375 0.4078125 0.17890625 0.19609375
1 0.45 0.765625 0.27109375 0.4625
2 0.0859375 0.778125 0.171875 0.29296875
2 0.146875 0.85234375 0.29296875 0.290625
2 0.853125 0.14921875 0.05703125 0.10390625
4 0.578125 0.35390625 0.3375 0.30859375
4 0.71015625 0.11484375 0.05625 0.08203125
4 0.94375 0.2296875 0.08203125 0.2125
4 0.9859375 0.1421875 0.02578125 0.14609375
4 0.98125 0.065625 0.03515625 0.05390625
4 0.6125 0.2921875 0.26953125 0.184375
0 0.35 0.56171875 0.14140625 0.159375
0 0.7609375 0.08984375 0.0328125 0.0375
0 0.91875 0.034375 0.01953125 0.025
0 0.9578125 0.03046875 0.0203125 0.025
0 0.7765625 0.2265625 0.06328125 0.09140625
0 0.9484375 0.0984375 0.03203125 0.04140625
0 0.9515625 0.31796875 0.03828125 0.0390625
0 0.9703125 0.10703125 0.01953125 0.04140625
0 0.703125 0.0109375 0.01953125 0.01953125
0 0.8921875 0.13671875 0.02578125 0.0484375
0 0.99375 0.03515625 0.0109375 0.015625
0 0.98125 0.00703125 0.01796875 0.0140625