3 0.293355 0.647174 0.085555 0.132847
0 0.406219 0.576861 0.052797 0.076056
0 0.429883 0.524271 0.029125 0.055014
0 0.362074 0.537215 0.037320 0.055014
0 0.316109 0.525889 0.040047 0.058250
0 0.395754 0.479778 0.026398 0.050167
0 0.401785 0.421465 0.016648 0.025153
0 0.431914 0.423833 0.020641 0.029306
0 0.458633 0.430201 0.018141 0.026042
0 0.433332 0.383139 0.004492 0.024861
0 0.452305 0.392465 0.010156 0.016875
0 0.468199 0.407264 0.014648 0.019833
0 0.475527 0.389208 0.011320 0.015694
0 0.456469 0.377965 0.010156 0.013903
0 0.481188 0.374111 0.010656 0.014500
0 0.464457 0.371160 0.010492 0.012736
3 0.442648 0.402674 0.017812 0.039069
1 0.366996 0.429451 0.057930 0.096764
1 0.415684 0.383146 0.031789 0.065097
1 0.444648 0.370715 0.012156 0.025458
0 0.523430 0.373132 0.009828 0.015514
0 0.559340 0.373458 0.009648 0.016833
0 0.527883 0.394083 0.016141 0.021111
0 0.544305 0.381375 0.012250 0.018806
0 0.566484 0.383854 0.012063 0.019792
0 0.552195 0.399028 0.014656 0.023083
0 0.531687 0.412222 0.015219 0.025083
0 0.608609 0.440431 0.022078 0.032000
0 0.576410 0.449833 0.021523 0.035639
0 0.561383 0.499646 0.028578 0.049486
0 0.846754 0.728153 0.089195 0.126222
0 0.766840 0.800965 0.101945 0.156958
3 0.210258 0.621354 0.082828 0.118125
