2 0.475 0.34765625 0.06171875 0.0765625
2 0.478125 0.2875 0.04453125 0.046875
4 0.125 0.378125 0.24921875 0.26953125
4 0.5796875 0.46796875 0.24296875 0.378125
4 0.8234375 0.36171875 0.121875 0.2484375
4 0.6625 0.1921875 0.05703125 0.0875
4 0.73125 0.184375 0.04765625 0.071875
4 0.2796875 0.621875 0.19609375 0.2890625
4 0.79140625 0.14609375 0.0375 0.06640625
4 0.871875 0.12265625 0.02109375 0.04296875
4 0.88125 0.2046875 0.0484375 0.09609375
4 0.94609375 0.18515625 0.0375 0.090625
4 0.78359375 0.28671875 0.1046875 0.18203125
0 0.13984375 0.9546875 0.190625 0.0875
0 0.6234375 0.2515625 0.03359375 0.04140625
0 0.7015625 0.221875 0.0296875 0.03359375
0 0.6640625 0.2546875 0.03671875 0.04296875
0 0.7140625 0.3265625 0.0296875 0.06640625
0 0.44140625 0.309375 0.0421875 0.0515625
0 0.85546875 0.16171875 0.015625 0.02109375
0 0.83125 0.14765625 0.01328125 0.02109375
0 0.8890625 0.14140625 0.0140625 0.01953125
0 0.77265625 0.19765625 0.0234375 0.02109375
0 0.90546875 0.26796875 0.0328125 0.046875
0 0.7984375 0.17578125 0.01875 0.0234375
0 0.8171875 0.17890625 0.01875 0.03046875
0 0.93828125 0.221875 0.021875 0.03359375
0 0.88828125 0.30390625 0.015625 0.06640625
0 0.91953125 0.1109375 0.0078125 0.0109375
0 0.85625 0.19765625 0.009375 0.0375
0 0.8703125 0.14140625 0.01171875 0.01640625
0 0.9109375 0.121875 0.009375 0.01640625
0 0.9140625 0.203125 0.02265625 0.0359375