2 0.446875 0.7515625 0.10546875 0.15546875
2 0.56796875 0.37734375 0.0359375 0.04296875
2 0.8515625 0.40546875 0.04375 0.08359375
2 0.8609375 0.31015625 0.01796875 0.02890625
2 0.678125 0.5296875 0.05703125 0.07890625
2 0.865625 0.33671875 0.02109375 0.03203125
2 0.8875 0.371875 0.02265625 0.034375
4 0.13046875 0.55078125 0.2609375 0.30703125
4 0.77109375 0.4109375 0.05625 0.1140625
4 0.80390625 0.2546875 0.015625 0.01796875
4 0.87890625 0.2515625 0.009375 0.01953125
0 0.5265625 0.44609375 0.053125 0.053125
0 0.675 0.35703125 0.02890625 0.03046875
0 0.80625 0.3546875 0.0234375 0.03203125
0 0.909375 0.33984375 0.01953125 0.0265625
0 0.84375 0.26015625 0.0125 0.0125
0 0.8953125 0.28984375 0.01171875 0.01796875
0 0.890625 0.26328125 0.009375 0.0125
0 0.91796875 0.3859375 0.025 0.053125
0 0.7609375 0.32421875 0.01796875 0.0125
0 0.9203125 0.2890625 0.01328125 0.01640625
0 0.90859375 0.3 0.015625 0.01953125