2 0.5296875 0.40078125 0.09296875 0.14609375
2 0.8640625 0.28828125 0.06875 0.1234375
4 0.39609375 0.22890625 0.128125 0.15859375
4 0.871875 0.165625 0.07421875 0.1265625
4 0.9328125 0.18046875 0.06640625 0.1390625
4 0.09921875 0.88828125 0.1984375 0.22109375
4 0.82578125 0.05859375 0.0296875 0.021875
4 0.98125 0.10703125 0.03671875 0.096875
4 0.2546875 0.01875 0.03046875 0.0375
0 0.121875 0.7296875 0.20078125 0.19296875
0 0.48984375 0.60078125 0.121875 0.1515625
0 0.68984375 0.55546875 0.1046875 0.14453125
0 0.62890625 0.228125 0.0453125 0.046875
0 0.721875 0.3609375 0.0671875 0.0859375
0 0.4171875 0.29921875 0.06171875 0.065625
0 0.79921875 0.403125 0.0640625 0.1
0 0.715625 0.14921875 0.02734375 0.03203125
0 0.65625 0.3171875 0.05859375 0.08203125
0 0.7984375 0.1390625 0.02734375 0.0359375
0 0.79375 0.2796875 0.04921875 0.065625
0 0.759375 0.25 0.04453125 0.05546875
0 0.80625 0.20546875 0.03671875 0.05
0 0.84453125 0.11640625 0.0171875 0.025
0 0.8390625 0.24296875 0.0328125 0.05546875
0 0.8859375 0.090625 0.01328125 0.028125
0 0.8640625 0.09765625 0.01640625 0.0234375
0 0.971875 0.159375 0.0171875 0.0484375