2 0.2078125 0.72734375 0.15 0.1875
3 0.425 0.615625 0.02890625 0.084375
4 0.4859375 0.3296875 0.05234375 0.09296875
4 0.7765625 0.296875 0.0390625 0.071875
4 0.665625 0.26875 0.03984375 0.065625
4 0.653125 0.2953125 0.0390625 0.05703125
4 0.2578125 0.21796875 0.02265625 0.046875
0 0.24609375 0.528125 0.0859375 0.071875
0 0.5625 0.5328125 0.06484375 0.0875
0 0.6171875 0.409375 0.04140625 0.0484375
0 0.725 0.46484375 0.03828125 0.0625
0 0.45703125 0.41484375 0.0421875 0.0484375
0 0.671875 0.36484375 0.03125 0.04296875
0 0.13671875 0.92734375 0.1984375 0.14296875
0 0.5703125 0.3375 0.02734375 0.028125
0 0.79140625 0.35 0.0234375 0.03046875
0 0.746875 0.34609375 0.02578125 0.03359375
0 0.5875 0.3515625 0.0265625 0.03359375
0 0.6625 0.3109375 0.02265625 0.028125
0 0.721875 0.27890625 0.01640625 0.021875
0 0.70234375 0.29375 0.015625 0.0234375
0 0.8109375 0.31640625 0.01796875 0.028125
0 0.4765625 0.36171875 0.03359375 0.02890625
0 0.7265625 0.321875 0.021875 0.02890625
0 0.678125 0.2921875 0.015625 0.02109375
0 0.7515625 0.3015625 0.0140625 0.025
0 0.74765625 0.26328125 0.015625 0.02109375
0 0.80390625 0.371875 0.0234375 0.0375