1 0.5546875 0.6453125 0.2140625 0.40390625
2 0.2 0.303125 0.13046875 0.15390625
2 0.4890625 0.215625 0.13046875 0.18046875
2 0.859375 0.053125 0.05703125 0.084375
4 0.6109375 0.53203125 0.32734375 0.63359375
4 0.6640625 0.05546875 0.13828125 0.1109375
0 0.2 0.740625 0.203125 0.259375
0 0.375 0.89609375 0.2421875 0.20546875
0 0.6453125 0.9203125 0.209375 0.15703125
0 0.95546875 0.4859375 0.0875 0.225
0 0.81328125 0.44921875 0.096875 0.159375
0 0.79296875 0.09296875 0.0625 0.06953125
0 0.90390625 0.34453125 0.09375 0.1359375
0 0.425 0.55078125 0.09609375 0.18203125
0 0.77734375 0.05703125 0.0515625 0.071875
0 0.80546875 0.275 0.075 0.11640625
0 0.83984375 0.22578125 0.084375 0.1265625
0 0.90859375 0.03515625 0.0453125 0.059375
0 0.778125 0.2984375 0.025 0.1109375
0 0.88125 0.2078125 0.06640625 0.10703125
0 0.98125 0.10859375 0.0359375 0.06953125
0 0.91796875 0.17890625 0.0609375 0.096875
0 0.953125 0.246875 0.09296875 0.1140625
0 0.9796875 0.01171875 0.03828125 0.0234375
0 0.75859375 0.52421875 0.0359375 0.134375
0 0.9703125 0.31875 0.05703125 0.14609375
0 0.978125 0.184375 0.0421875 0.0875
0 0.875 0.0046875 0.03515625 0.009375
0 0.9265625 0.01015625 0.01875 0.0203125
0 0.9125 0.0109375 0.04765625 0.021875
0 0.9625 0.1375 0.059375 0.0609375