2 0.628125 0.60859375 0.1015625 0.171875
2 0.64609375 0.28671875 0.03125 0.0484375
2 0.6796875 0.40859375 0.04296875 0.06640625
4 0.41328125 0.6078125 0.34375 0.48203125
4 0.3109375 0.35 0.19296875 0.1890625
4 0.753125 0.40078125 0.10859375 0.2015625
4 0.81796875 0.2578125 0.046875 0.07890625
4 0.7734375 0.19375 0.0234375 0.04609375
0 0.6875 0.340625 0.0359375 0.0484375
0 0.753125 0.2359375 0.0171875 0.025
0 0.371875 0.42421875 0.05546875 0.04296875
0 0.75625 0.28984375 0.02421875 0.02890625
0 0.778125 0.22421875 0.015625 0.02109375
0 0.7921875 0.296875 0.02578125 0.025
0 0.765625 0.27734375 0.021875 0.02890625
0 0.7953125 0.215625 0.0109375 0.01640625
0 0.8390625 0.253125 0.0078125 0.0234375