0 0.696684 0.565042 0.049742 0.070250
0 0.602262 0.436194 0.020336 0.028750
0 0.548973 0.453833 0.022539 0.032667
0 0.422242 0.436785 0.019234 0.024375
0 0.410242 0.462625 0.025906 0.029806
0 0.450883 0.450882 0.022859 0.037042
0 0.352758 0.470729 0.042875 0.062069
0 0.378234 0.502812 0.030984 0.043347
1 0.112496 0.728319 0.224945 0.453000
0 0.435895 0.518597 0.032914 0.049417
0 0.267645 0.548507 0.053398 0.078042
0 0.295437 0.655146 0.068031 0.083236
0 0.364203 0.803403 0.084125 0.130056
0 0.918348 0.793611 0.118539 0.161056
0 0.580270 0.575389 0.042680 0.067111
0 0.639914 0.475118 0.028812 0.038153
