1 0.909375 0.275 0.10234375 0.2359375
2 0.1 0.34609375 0.134375 0.1359375
2 0.2234375 0.67734375 0.196875 0.2875
2 0.5625 0.54609375 0.125 0.1890625
2 0.6015625 0.36953125 0.09921875 0.146875
2 0.7015625 0.26171875 0.090625 0.15390625
2 0.84609375 0.253125 0.046875 0.1
2 0.8296875 0.1859375 0.04921875 0.075
2 0.75625 0.3375 0.09453125 0.125
2 0.93828125 0.10625 0.0671875 0.0484375
4 0.7453125 0.54765625 0.26640625 0.42109375
4 0.946875 0.2015625 0.10390625 0.15546875
4 0.0890625 0.82109375 0.17734375 0.35546875
4 0.0515625 0.7734375 0.103125 0.2625
0 0.3921875 0.32578125 0.09296875 0.10390625
0 0.4234375 0.725 0.165625 0.21953125
0 0.40625 0.53359375 0.1328125 0.15
0 0.534375 0.446875 0.09453125 0.11953125
0 0.8359375 0.07890625 0.02734375 0.03359375
0 0.7765625 0.234375 0.06015625 0.08046875
0 0.8859375 0.05546875 0.021875 0.028125
0 0.88125 0.16015625 0.03359375 0.05390625
0 0.9609375 0.0359375 0.01953125 0.025
0 0.98828125 0.0234375 0.015625 0.021875
0 0.928125 0.053125 0.02421875 0.02890625
0 0.98359375 0.1375 0.0265625 0.046875
0 0.9796875 0.08359375 0.02109375 0.03359375
0 0.92265625 0.034375 0.0203125 0.03046875
0 0.9390625 0.02109375 0.015625 0.01953125
0 0.959375 0.084375 0.02421875 0.03046875
0 0.87265625 0.003125 0.0265625 0.00625
0 0.81015625 0.11640625 0.034375 0.04140625
0 0.990625 0.07109375 0.01640625 0.03359375
0 0.990625 0.22734375 0.01640625 0.05703125