1 0.21328125 0.90390625 0.2578125 0.1859375
2 0.61484375 0.43671875 0.090625 0.1265625
2 0.88984375 0.2265625 0.0484375 0.09140625
2 0.6921875 0.18515625 0.0328125 0.04609375
2 0.7234375 0.2625 0.04765625 0.0609375
4 0.49375 0.184375 0.121875 0.15390625
4 0.815625 0.33359375 0.10390625 0.2109375
4 0.28671875 0.31328125 0.10625 0.1484375
4 0.93671875 0.159375 0.0609375 0.125
4 0.7671875 0.0953125 0.03203125 0.0515625
4 0.78125 0.06328125 0.0234375 0.0265625
4 0.76875 0.134375 0.03828125 0.046875
4 0.39921875 0.7109375 0.490625 0.575
0 0.30546875 0.39453125 0.0890625 0.0890625
0 0.6796875 0.590625 0.08203125 0.14296875
0 0.1953125 0.653125 0.153125 0.19609375
0 0.45625 0.45078125 0.078125 0.07109375
0 0.596875 0.2390625 0.04765625 0.053125
0 0.6984375 0.36953125 0.06640625 0.08359375
0 0.68359375 0.29609375 0.0578125 0.06640625
0 0.0171875 0.846875 0.034375 0.0625
0 0.5828125 0.21640625 0.03984375 0.04140625
0 0.63359375 0.3390625 0.0578125 0.078125
0 0.753125 0.30390625 0.03203125 0.06953125
0 0.9734375 0.06953125 0.0515625 0.053125
0 0.78984375 0.11875 0.0203125 0.03203125
0 0.3421875 0.296875 0.0359375 0.059375
0 0.053125 0.90703125 0.10625 0.1828125
0 0.8515625 0.0984375 0.01484375 0.03046875
0 0.825 0.11171875 0.02890625 0.03203125
0 0.8078125 0.040625 0.0203125 0.03046875
0 0.6828125 0.16875 0.01796875 0.03203125
0 0.8640625 0.203125 0.02890625 0.04453125
0 0.7421875 0.24609375 0.03828125 0.05546875
0 0.9125 0.06328125 0.0140625 0.01796875
0 0.82578125 0.18984375 0.0296875 0.04609375
0 0.7625 0.23359375 0.0328125 0.05546875
0 0.3296875 0.3453125 0.01953125 0.05703125