2 0.5703125 0.265625 0.05390625 0.0734375
2 0.775 0.23671875 0.0421875 0.06796875
2 0.67421875 0.2125 0.04375 0.053125
4 0.7046875 0.13515625 0.05703125 0.0984375
4 0.8546875 0.2765625 0.103125 0.2109375
4 0.76953125 0.159375 0.03125 0.05390625
4 0.1453125 0.78203125 0.290625 0.43359375
4 0.78046875 0.11328125 0.03125 0.0484375
4 0.7640625 0.090625 0.034375 0.0265625
4 0.9296875 0.184375 0.0609375 0.140625
4 0.9171875 0.06640625 0.01640625 0.0359375
0 0.25078125 0.39453125 0.0875 0.08046875
0 0.15625 0.49609375 0.1140625 0.10546875
0 0.4484375 0.34453125 0.07265625 0.071875
0 0.5921875 0.515625 0.09375 0.134375
0 0.4390625 0.678125 0.12265625 0.171875
0 0.4171875 0.5515625 0.096875 0.121875
0 0.55859375 0.428125 0.075 0.096875
0 0.69375 0.403125 0.06328125 0.0890625
0 0.8140625 0.3984375 0.0546875 0.0859375
0 0.6375 0.359375 0.06171875 0.08046875
0 0.715625 0.28828125 0.04921875 0.0625
0 0.7796875 0.30703125 0.04609375 0.06953125
0 0.84140625 0.13125 0.01875 0.0265625
0 0.64453125 0.21015625 0.0296875 0.040625
0 0.72265625 0.17421875 0.0265625 0.034375
0 0.803125 0.1390625 0.02265625 0.025
0 0.80390625 0.26953125 0.0171875 0.05859375
0 0.853125 0.1140625 0.01328125 0.01953125
0 0.896875 0.10078125 0.01171875 0.01796875
0 0.6109375 0.11484375 0.01640625 0.01796875
0 0.3546875 0.953125 0.16484375 0.09140625
0 0.865625 0.1640625 0.02890625 0.025
0 0.2515625 0.89609375 0.08203125 0.20546875
0 0.87421875 0.11953125 0.0140625 0.021875
0 0.90625 0.1390625 0.01640625 0.0359375
0 0.91015625 0.09296875 0.0125 0.01640625
0 0.790625 0.13828125 0.00859375 0.01796875
0 0.8390625 0.17265625 0.0234375 0.0234375