2 0.6125 0.4828125 0.07109375 0.1015625
2 0.6859375 0.3140625 0.040625 0.0640625
2 0.6734375 0.409375 0.05390625 0.075
4 0.75859375 0.3859375 0.1203125 0.2359375
4 0.50234375 0.3203125 0.0671875 0.09296875
4 0.2546875 0.76328125 0.509375 0.47109375
4 0.646875 0.23828125 0.02890625 0.040625
4 0.73828125 0.14453125 0.021875 0.021875
4 0.846875 0.1296875 0.01484375 0.040625
4 0.8890625 0.2171875 0.0453125 0.0984375
0 0.3953125 0.3921875 0.06640625 0.06796875
0 0.5796875 0.740625 0.11015625 0.1734375
0 0.7015625 0.5390625 0.0828125 0.10859375
0 0.5171875 0.453125 0.071875 0.0890625
0 0.71875 0.22421875 0.025 0.02890625
0 0.54765625 0.2671875 0.0296875 0.034375
0 0.52890625 0.61015625 0.059375 0.12890625
0 0.653125 0.26328125 0.03046875 0.03203125
0 0.7359375 0.196875 0.01953125 0.028125
0 0.71875 0.296875 0.03046875 0.04453125
0 0.6359375 0.36640625 0.05390625 0.06640625
0 0.7359375 0.271875 0.0265625 0.021875
0 0.3359375 0.5421875 0.07734375 0.04296875
0 0.7765625 0.253125 0.02578125 0.034375
0 0.7671875 0.20234375 0.01796875 0.0234375