4 0.240625 0.70625 0.48125 0.584375
4 0.65 0.56015625 0.26171875 0.4875
4 0.8015625 0.39140625 0.1265625 0.28359375
4 0.5890625 0.47421875 0.22890625 0.365625
4 0.7796875 0.1625 0.0421875 0.05546875
4 0.9359375 0.184375 0.06328125 0.0890625
4 0.76875 0.2625 0.10546875 0.096875
4 0.9125 0.25234375 0.04140625 0.0734375
4 0.87578125 0.14140625 0.0265625 0.046875
0 0.4296875 0.353125 0.0609375 0.05546875
0 0.5015625 0.8875 0.16796875 0.221875
0 0.81796875 0.18984375 0.01875 0.0234375
0 0.3296875 0.38515625 0.07265625 0.0734375
0 0.7109375 0.225 0.02578125 0.03046875
0 0.8828125 0.315625 0.04375 0.05
0 0.3625 0.35234375 0.053125 0.05390625
0 0.77109375 0.2078125 0.01875 0.02109375
0 0.8265625 0.2375 0.015625 0.03359375
0 0.8765625 0.2015625 0.01875 0.021875
0 0.8765625 0.2484375 0.01875 0.0359375
0 0.884375 0.23359375 0.02421875 0.03046875
0 0.8796875 0.13125 0.0171875 0.0265625
0 0.875 0.15546875 0.02578125 0.01953125
0 0.89921875 0.209375 0.034375 0.021875
0 0.8625 0.36015625 0.0140625 0.059375