2 0.4453125 0.64296875 0.1546875 0.2359375
2 0.0625 0.84765625 0.125 0.2390625
2 0.153125 0.90390625 0.22109375 0.1859375
2 0.6984375 0.40625 0.06796875 0.0875
4 0.25234375 0.33671875 0.096875 0.134375
4 0.5984375 0.19140625 0.04453125 0.096875
4 0.5265625 0.19921875 0.103125 0.1265625
4 0.80546875 0.3671875 0.0953125 0.215625
4 0.803125 0.09765625 0.021875 0.0234375
4 0.8109375 0.1234375 0.02890625 0.053125
4 0.91328125 0.22578125 0.1171875 0.1734375
4 0.83125 0.31484375 0.1140625 0.20390625
0 0.46875 0.34375 0.06796875 0.07109375
0 0.31796875 0.3765625 0.08125 0.08359375
0 0.6265625 0.49609375 0.084375 0.103125
0 0.703125 0.22265625 0.03359375 0.0375
0 0.603125 0.4015625 0.06640625 0.078125
0 0.4421875 0.5234375 0.09375 0.0859375
0 0.59140625 0.25078125 0.0375 0.04296875
0 0.690625 0.3265625 0.05546875 0.0640625
0 0.77890625 0.18125 0.025 0.03203125
0 0.7484375 0.34921875 0.034375 0.065625
0 0.753125 0.27578125 0.03671875 0.0515625
0 0.79453125 0.1578125 0.01875 0.0234375
0 0.86484375 0.134375 0.015625 0.0265625
0 0.8234375 0.2046875 0.03828125 0.0375
0 0.8296875 0.1421875 0.01640625 0.02109375
0 0.84453125 0.15234375 0.0203125 0.02109375
0 0.8921875 0.1234375 0.01171875 0.01953125
0 0.81484375 0.215625 0.021875 0.01953125
0 0.7828125 0.24765625 0.02734375 0.04609375
0 0.915625 0.140625 0.02734375 0.01953125