1 0.91015625 0.27265625 0.103125 0.234375
2 0.0671875 0.35859375 0.134375 0.1421875
2 0.2234375 0.67734375 0.196875 0.2875
2 0.3609375 0.34453125 0.09921875 0.10546875
2 0.40703125 0.53203125 0.1328125 0.15
2 0.6015625 0.36953125 0.09921875 0.146875
4 0.74921875 0.54296875 0.2625 0.4140625
4 0.703125 0.26015625 0.08984375 0.15390625
4 0.9484375 0.20078125 0.10234375 0.15390625
4 0.93984375 0.1046875 0.065625 0.0515625
4 0.0578125 0.7734375 0.115625 0.278125
0 0.428125 0.71953125 0.16484375 0.21640625
0 0.803125 0.12109375 0.03515625 0.04140625
0 0.5671875 0.54375 0.12578125 0.1875
0 0.8296875 0.08203125 0.02734375 0.03359375
0 0.5359375 0.4484375 0.09453125 0.121875
0 0.778125 0.23359375 0.059375 0.08046875
0 0.8828125 0.0578125 0.02265625 0.02890625
0 0.88125 0.16015625 0.03515625 0.05390625
0 0.9859375 0.02421875 0.015625 0.02109375
0 0.9578125 0.0375 0.01953125 0.025
0 0.846875 0.25234375 0.04609375 0.0984375
0 0.83125 0.18671875 0.04921875 0.0734375
0 0.925 0.05625 0.02421875 0.03203125
0 0.984375 0.13828125 0.0265625 0.0484375
0 0.91953125 0.0375 0.0203125 0.03046875
0 0.9796875 0.084375 0.0203125 0.034375
0 0.109375 0.90703125 0.21875 0.1828125
0 0.96015625 0.084375 0.025 0.03046875
0 0.9375 0.021875 0.015625 0.01953125
0 0.87265625 0.003125 0.0265625 0.00625
0 0.99140625 0.22734375 0.015625 0.059375
0 0.765625 0.3359375 0.11328125 0.125
0 0.990625 0.0703125 0.01640625 0.034375