2 0.53125 0.659375 0.09375 0.13359375
2 0.34375 0.6765625 0.12421875 0.153125
4 0.7078125 0.29140625 0.03203125 0.046875
4 0.759375 0.259375 0.02265625 0.040625
4 0.9171875 0.27578125 0.0453125 0.08203125
4 0.81171875 0.21640625 0.015625 0.01640625
4 0.7796875 0.26953125 0.02109375 0.03359375
4 0.76953125 0.2625 0.0421875 0.046875
4 0.82109375 0.253125 0.0234375 0.03203125
0 0.74296875 0.44296875 0.0515625 0.06640625
0 0.8171875 0.31484375 0.02578125 0.03203125
0 0.6140625 0.47578125 0.059375 0.0734375
0 0.5765625 0.3828125 0.05234375 0.05390625
0 0.8671875 0.30546875 0.021875 0.03359375
0 0.7796875 0.3984375 0.03515625 0.05
0 0.7078125 0.32109375 0.0234375 0.03046875
0 0.8875 0.284375 0.0140625 0.0234375
0 0.85078125 0.24296875 0.0109375 0.0140625
0 0.8703125 0.23984375 0.01171875 0.015625
0 0.8265625 0.26015625 0.01171875 0.02109375
0 0.928125 0.234375 0.02734375 0.01640625