0 0.630621 0.465931 0.025477 0.035333
0 0.593668 0.423375 0.018195 0.027861
0 0.378391 0.689056 0.063828 0.097333
0 0.281457 0.543660 0.057945 0.091569
0 0.421422 0.552618 0.040594 0.056736
0 0.439148 0.491271 0.028187 0.040097
0 0.365180 0.454986 0.026438 0.029028
0 0.418676 0.441243 0.020930 0.028569
0 0.460391 0.426125 0.016063 0.026639
0 0.414695 0.405243 0.016203 0.021847
0 0.457250 0.379250 0.010781 0.016333
0 0.438859 0.407528 0.016203 0.024000
0 0.470246 0.400319 0.014180 0.021111
1 0.349203 0.517674 0.059297 0.108514
0 0.445340 0.393118 0.014039 0.018236
0 0.430828 0.385924 0.012016 0.016319
0 0.430828 0.385924 0.012016 0.016319
0 0.445340 0.393118 0.014039 0.018236
1 0.349203 0.517674 0.059297 0.108514
0 0.470246 0.400319 0.014180 0.021111
0 0.438859 0.407528 0.016203 0.024000
0 0.414695 0.405243 0.016203 0.021847
0 0.460391 0.426125 0.016063 0.026639
0 0.418676 0.441243 0.020930 0.028569
0 0.365180 0.454986 0.026438 0.029028
0 0.439148 0.491271 0.028187 0.040097
0 0.421422 0.552618 0.040594 0.056736
0 0.281457 0.543660 0.057945 0.091569
0 0.378391 0.689056 0.063828 0.097333
0 0.593668 0.423375 0.018195 0.027861
0 0.630621 0.465931 0.025477 0.035333
0 0.738535 0.600542 0.057102 0.076639
0 0.202570 0.804646 0.100437 0.126542
1 0.442719 0.367833 0.016594 0.028833
0 0.457250 0.379250 0.010781 0.016333
1 0.442719 0.367833 0.016594 0.028833
0 0.202570 0.804646 0.100437 0.126542
0 0.738535 0.600542 0.057102 0.076639
