3 0.466555 0.399049 0.013437 0.022403
0 0.450035 0.393819 0.012883 0.017917
1 0.623313 0.488792 0.076984 0.161750
3 0.568398 0.385285 0.013437 0.022097
1 0.708668 0.521271 0.112258 0.191097
0 0.556945 0.506090 0.028891 0.049569
0 0.536484 0.437236 0.017469 0.023278
0 0.567727 0.433951 0.017469 0.029847
0 0.524223 0.388569 0.011758 0.016722
0 0.202613 0.820493 0.110852 0.127569
0 0.161094 0.697951 0.100375 0.098903
3 0.407199 0.455778 0.024086 0.035333
3 0.287516 0.543715 0.053781 0.073458
0 0.435480 0.417215 0.013992 0.020903
0 0.392367 0.682542 0.060469 0.087139
0 0.374613 0.516715 0.034992 0.049764
0 0.431414 0.527292 0.036625 0.058472
0 0.367145 0.459903 0.025195 0.034000
0 0.406227 0.415472 0.017641 0.019417
0 0.453813 0.440854 0.019875 0.026375
