2 0.11875 0.384375 0.12265625 0.12109375
2 0.1390625 0.5515625 0.1578125 0.203125
2 0.83984375 0.28671875 0.1109375 0.17890625
2 0.7625 0.20234375 0.06796875 0.115625
2 0.6671875 0.21484375 0.05703125 0.0625
2 0.7046875 0.2015625 0.0578125 0.08359375
4 0.540625 0.61875 0.4375 0.75703125
4 0.8625 0.21953125 0.15625 0.3140625
4 0.121875 0.66015625 0.24296875 0.27890625
4 0.9515625 0.0984375 0.075 0.1359375
0 0.2484375 0.21875 0.07421875 0.0765625
0 0.4328125 0.17109375 0.0671875 0.075
0 0.2421875 0.79296875 0.17890625 0.253125
0 0.35 0.45703125 0.10234375 0.15
0 0.03046875 0.37734375 0.0609375 0.109375
0 0.725 0.03828125 0.03125 0.0375
0 0.6484375 0.1046875 0.04765625 0.05390625
0 0.64375 0.07421875 0.04453125 0.04609375
0 0.5578125 0.265625 0.06328125 0.065625
0 0.6171875 0.2390625 0.06796875 0.05
0 0.7328125 0.153125 0.04453125 0.0390625
0 0.90625 0.03671875 0.03359375 0.04609375