0 0.434414 0.418097 0.014812 0.023111
4 0.537867 0.365250 0.010422 0.024000
0 0.525055 0.372083 0.011109 0.013361
0 0.568367 0.386208 0.012984 0.017917
0 0.544703 0.384542 0.010766 0.019444
0 0.531805 0.401701 0.016063 0.024597
0 0.575453 0.396688 0.015891 0.020042
0 0.601336 0.428736 0.021531 0.027028
0 0.545043 0.449993 0.025117 0.033708
0 0.595273 0.474438 0.031266 0.035236
0 0.644473 0.477632 0.037414 0.052542
0 0.679277 0.623785 0.067352 0.085764
0 0.595539 0.618125 0.061891 0.097083
0 0.705676 0.929611 0.116508 0.131056
4 0.456980 0.381222 0.017555 0.028778
3 0.449230 0.365618 0.002961 0.019458
3 0.397027 0.475236 0.033055 0.057139
3 0.352922 0.465104 0.033734 0.044986
1 0.437492 0.366021 0.022344 0.048625
1 0.408086 0.393986 0.036469 0.064833
0 0.467812 0.365007 0.010031 0.013375
0 0.484906 0.371090 0.010031 0.012569
0 0.465191 0.376153 0.005695 0.014583
0 0.478637 0.379597 0.010258 0.013361
0 0.472715 0.391757 0.014820 0.018236
0 0.450031 0.393375 0.010937 0.017417
0 0.430312 0.391556 0.009797 0.017833
0 0.462453 0.425590 0.017094 0.024319
0 0.445926 0.454771 0.019148 0.029986
0 0.418230 0.442618 0.019836 0.025931
0 0.384148 0.439979 0.023250 0.027153
0 0.420328 0.553396 0.035500 0.048542
0 0.288348 0.536410 0.037320 0.050153
0 0.315199 0.601938 0.054617 0.080903
0 0.376641 0.712785 0.064625 0.098708
0 0.202793 0.644819 0.077367 0.095472
0 0.101305 0.939319 0.149266 0.121361
2 0.337500 0.666667 0.031859 0.090611
