0 0.578117 0.400201 0.015906 0.024625
0 0.552562 0.398243 0.015172 0.024875
0 0.527891 0.382924 0.012078 0.019903
0 0.520602 0.367472 0.010750 0.015722
0 0.553148 0.364854 0.012812 0.015708
4 0.542398 0.371528 0.011344 0.023306
0 0.485172 0.368583 0.009703 0.014111
1 0.413922 0.384271 0.030437 0.064319
1 0.441934 0.360743 0.022055 0.039208
3 0.369699 0.450931 0.029336 0.046278
3 0.407637 0.455049 0.027133 0.041958
3 0.453848 0.361917 0.005289 0.021972
4 0.459691 0.373486 0.013461 0.023917
0 0.347055 0.546931 0.043688 0.071194
0 0.347059 0.872972 0.101945 0.179611
0 0.028672 0.909382 0.050969 0.118125
0 0.261047 0.580097 0.060984 0.069583
0 0.407129 0.612458 0.054617 0.079278
0 0.230094 0.767799 0.101031 0.144014
0 0.432617 0.519417 0.032766 0.058250
0 0.322480 0.500806 0.030945 0.043694
2 0.386195 0.561486 0.023672 0.077667
0 0.395285 0.427403 0.021398 0.027444
0 0.425723 0.428583 0.016102 0.025889
0 0.449656 0.438972 0.019859 0.028639
0 0.466199 0.411910 0.016758 0.028625
0 0.441824 0.408778 0.017430 0.024694
0 0.434984 0.386618 0.009484 0.021181
0 0.452965 0.387208 0.014117 0.016861
0 0.477117 0.387014 0.011688 0.019611
0 0.480207 0.375250 0.010367 0.014111
0 0.467965 0.371722 0.006617 0.014111
0 0.648789 0.568771 0.046422 0.076042
0 0.708859 0.550160 0.055516 0.080903
0 0.561410 0.521847 0.037320 0.063111
0 0.630105 0.463306 0.027398 0.038222
0 0.539309 0.433194 0.021648 0.035083
0 0.590414 0.415785 0.019000 0.028542
