1 0.89453125 0.321875 0.10625 0.215625
2 0.5296875 0.428125 0.12109375 0.16796875
2 0.6546875 0.73046875 0.13984375 0.2140625
2 0.353125 0.2890625 0.08671875 0.10546875
4 0.76875 0.31171875 0.12421875 0.24296875
4 0.915625 0.26640625 0.1515625 0.325
4 0.61875 0.32890625 0.1125 0.19140625
4 0.3890625 0.77109375 0.5 0.45546875
4 0.853125 0.03828125 0.0484375 0.0765625
4 0.6234375 0.11875 0.05234375 0.07890625
4 0.946875 0.03828125 0.0265625 0.0484375
4 0.9171875 0.02265625 0.034375 0.0453125
4 0.60546875 0.134375 0.0890625 0.1125
4 0.60234375 0.1625 0.0828125 0.05546875
0 0.2609375 0.403125 0.11796875 0.10859375
0 0.6875 0.440625 0.08671875 0.1234375
0 0.06875 0.859375 0.1375 0.259375
0 0.909375 0.0671875 0.02265625 0.02890625
0 0.5921875 0.23046875 0.06015625 0.0640625
0 0.34296875 0.56953125 0.1140625 0.078125
0 0.8625 0.090625 0.02890625 0.0359375
0 0.69375 0.296875 0.04609375 0.090625
0 0.834375 0.2046875 0.04453125 0.065625
0 0.971875 0.03203125 0.01640625 0.025
0 0.8421875 0.26875 0.02265625 0.07890625
0 0.965625 0.92578125 0.0671875 0.14609375
0 0.8796875 0.00546875 0.0109375 0.0109375
0 0.4140625 0.56953125 0.25703125 0.08046875
0 0.99375 0.128125 0.01171875 0.04609375
0 0.9921875 0.20625 0.01484375 0.05390625
0 0.99140625 0.25703125 0.015625 0.04140625