2 0.3640625 0.6109375 0.10234375 0.128125
2 0.19609375 0.52109375 0.090625 0.09140625
2 0.13125 0.4640625 0.0734375 0.071875
2 0.740625 0.5046875 0.06953125 0.0984375
2 0.6078125 0.40234375 0.06015625 0.09609375
2 0.4859375 0.35 0.0609375 0.078125
2 0.778125 0.21015625 0.02109375 0.034375
2 0.6953125 0.42890625 0.05625 0.078125
4 0.69453125 0.24765625 0.0328125 0.0484375
4 0.61328125 0.22109375 0.0625 0.103125
4 0.64140625 0.2546875 0.0421875 0.04609375
4 0.70390625 0.2046875 0.034375 0.04609375
4 0.66015625 0.16953125 0.0390625 0.03359375
4 0.440625 0.28046875 0.11171875 0.15546875
4 0.86953125 0.29453125 0.071875 0.153125
4 0.771875 0.165625 0.03046875 0.05
4 0.8296875 0.25703125 0.05234375 0.10859375
0 0.4859375 0.6796875 0.10703125 0.14609375
0 0.7625 0.35546875 0.04453125 0.05859375
0 0.5875 0.284375 0.0359375 0.04296875
0 0.73828125 0.23359375 0.025 0.03046875
0 0.6875 0.346875 0.04453125 0.05859375
0 0.7359375 0.30703125 0.0359375 0.046875
0 0.7796875 0.27421875 0.02890625 0.0375
0 0.1359375 0.98515625 0.13671875 0.0265625
0 0.796875 0.203125 0.015625 0.025
0 0.7640625 0.20078125 0.0171875 0.0234375
0 0.8 0.259375 0.01484375 0.021875