4 0.1328125 0.81328125 0.26484375 0.36796875
4 0.7140625 0.43046875 0.11796875 0.23359375
4 0.66484375 0.68671875 0.15625 0.2734375
4 0.6671875 0.25546875 0.06796875 0.09453125
4 0.7890625 0.2171875 0.03984375 0.06796875
4 0.8609375 0.2 0.0234375 0.0390625
4 0.8890625 0.18671875 0.01953125 0.03203125
4 0.78125 0.25078125 0.02578125 0.040625
4 0.7421875 0.25703125 0.02265625 0.03359375
4 0.6703125 0.296875 0.05703125 0.0640625
4 0.8671875 0.3046875 0.04296875 0.08203125
4 0.9375 0.296875 0.04140625 0.071875
4 0.9625 0.240625 0.03203125 0.0515625
0 0.284375 0.928125 0.16796875 0.14140625
0 0.35625 0.68125 0.128125 0.1375
0 0.58984375 0.84765625 0.1421875 0.215625
0 0.5359375 0.3671875 0.046875 0.0484375
0 0.0484375 0.6015625 0.096875 0.0890625
0 0.49921875 0.71953125 0.115625 0.153125
0 0.459375 0.5984375 0.09453125 0.11953125
0 0.7671875 0.55625 0.06640625 0.1125
0 0.54375 0.5296875 0.07890625 0.10390625
0 0.65078125 0.553125 0.0796875 0.0859375
0 0.0390625 0.68671875 0.07734375 0.11796875
0 0.59375 0.478125 0.06484375 0.08359375
0 0.71328125 0.30703125 0.03125 0.03046875
0 0.78515625 0.33671875 0.028125 0.04296875
0 0.640625 0.44609375 0.04765625 0.06953125
0 0.56171875 0.64140625 0.0859375 0.10859375
0 0.79375 0.3984375 0.04296875 0.0609375
0 0.85546875 0.43359375 0.04375 0.06640625
0 0.8703125 0.38125 0.03671875 0.04609375
0 0.81953125 0.2546875 0.0203125 0.0265625
0 0.8109375 0.31875 0.02890625 0.0375
0 0.82109375 0.3734375 0.0359375 0.053125
0 0.90390625 0.3390625 0.0296875 0.04140625
0 0.7703125 0.43203125 0.01953125 0.06953125
0 0.8609375 0.234375 0.01484375 0.01796875
0 0.91328125 0.24375 0.0171875 0.0234375
0 0.93125 0.30859375 0.02890625 0.05
0 0.83515625 0.34609375 0.0375 0.05546875
0 0.93203125 0.25234375 0.01875 0.0234375
0 0.89375 0.303125 0.01484375 0.04296875
0 0.890625 0.25859375 0.01953125 0.028125
0 0.85078125 0.33125 0.0328125 0.05703125
0 0.9015625 0.284375 0.02109375 0.0359375
0 0.8828125 0.221875 0.0125 0.01953125
0 0.8359375 0.29609375 0.0234375 0.0359375