2 0.7765625 0.23515625 0.04140625 0.06796875
2 0.66875 0.21640625 0.04296875 0.053125
2 0.559375 0.271875 0.0546875 0.0765625
4 0.1515625 0.778125 0.303125 0.440625
4 0.7 0.13671875 0.05859375 0.0984375
4 0.8546875 0.27578125 0.10078125 0.209375
4 0.765625 0.1609375 0.03125 0.05546875
4 0.7765625 0.115625 0.03203125 0.046875
4 0.76328125 0.0921875 0.034375 0.0265625
4 0.91640625 0.0671875 0.0171875 0.034375
4 0.928125 0.184375 0.0625 0.1359375
0 0.225 0.40625 0.09140625 0.08203125
0 0.1203125 0.515625 0.121875 0.109375
0 0.446875 0.67109375 0.11953125 0.1640625
0 0.43046875 0.353125 0.071875 0.0734375
0 0.596875 0.5078125 0.09375 0.134375
0 0.425 0.5453125 0.09453125 0.12109375
0 0.696875 0.4 0.06328125 0.0859375
0 0.81484375 0.396875 0.0546875 0.084375
0 0.56328125 0.4265625 0.0734375 0.096875
0 0.63984375 0.35625 0.059375 0.07890625
0 0.71796875 0.2859375 0.0484375 0.0609375
0 0.3671875 0.9421875 0.171875 0.1125
0 0.7796875 0.3046875 0.04609375 0.06796875
0 0.80078125 0.140625 0.021875 0.0234375
0 0.6375 0.2140625 0.03046875 0.0390625
0 0.8375 0.1328125 0.01953125 0.0265625
0 0.71796875 0.17734375 0.0265625 0.034375
0 0.871875 0.121875 0.01328125 0.02109375
0 0.8046875 0.26796875 0.01796875 0.05546875
0 0.85 0.11640625 0.01328125 0.01953125
0 0.8953125 0.10234375 0.01328125 0.01796875
0 0.8546875 0.96015625 0.05234375 0.05390625
0 0.88515625 0.1453125 0.0265625 0.0515625
0 0.6109375 0.11484375 0.015625 0.01796875
0 0.8671875 0.1640625 0.02734375 0.025
0 0.9078125 0.0953125 0.0109375 0.01796875
0 0.94609375 0.103125 0.0234375 0.03359375
0 0.840625 0.171875 0.02578125 0.021875
0 0.9046875 0.140625 0.015625 0.0375