1 0.64375 0.53828125 0.18203125 0.42890625
2 0.090625 0.65625 0.16640625 0.265625
2 0.3109375 0.521875 0.13515625 0.16640625
2 0.40703125 0.6609375 0.1546875 0.203125
2 0.4796875 0.38203125 0.1 0.14453125
2 0.171875 0.55234375 0.14296875 0.19296875
2 0.5375 0.4515625 0.08359375 0.16640625
4 0.6984375 0.4703125 0.28828125 0.56796875
4 0.3578125 0.25703125 0.096875 0.121875
4 0.89296875 0.24140625 0.1828125 0.3390625
4 0.6875 0.084375 0.053125 0.0875
4 0.98125 0.078125 0.03515625 0.14453125
4 0.66796875 0.04765625 0.1265625 0.0953125
0 0.42734375 0.184375 0.059375 0.06640625
0 0.05625 0.96953125 0.1125 0.0578125
0 0.4171875 0.4671875 0.10546875 0.140625
0 0.5734375 0.15859375 0.05546875 0.0640625
0 0.553125 0.125 0.05234375 0.05546875
0 0.5484375 0.334375 0.07578125 0.0890625
0 0.790625 0.0453125 0.03125 0.04609375
0 0.79296875 0.01875 0.0328125 0.0375
0 0.58359375 0.2953125 0.0375 0.0765625
0 0.7765625 0.15234375 0.05546875 0.0515625
0 0.9 0.06484375 0.0359375 0.0484375
0 0.85 0.078125 0.03671875 0.0234375
0 0.671875 0.21171875 0.05 0.0375
0 0.86875 0.01171875 0.02578125 0.0234375
0 0.91015625 0.04609375 0.0375 0.04140625
0 0.6296875 0.24296875 0.03515625 0.025
0 0.70625 0.184375 0.046875 0.03203125
0 0.7609375 0.01484375 0.03203125 0.02890625
0 0.946875 0.0546875 0.04140625 0.040625
0 0.68828125 0.19921875 0.0828125 0.0625
0 0.83046875 0.10078125 0.0359375 0.0234375