2 0.8171875 0.66640625 0.1625 0.2859375
2 0.4671875 0.190625 0.09765625 0.13046875
2 0.7453125 0.075 0.05546875 0.075
2 0.790625 0.24609375 0.07890625 0.1140625
2 0.8609375 0.04765625 0.059375 0.0953125
2 0.9296875 0.24453125 0.078125 0.128125
2 0.88515625 0.2953125 0.0890625 0.140625
4 0.56875 0.53359375 0.3125 0.59453125
4 0.47734375 0.1015625 0.178125 0.203125
4 0.875 0.534375 0.1828125 0.3109375
0 0.31875 0.35234375 0.11171875 0.11796875
0 0.3171875 0.64375 0.16953125 0.2015625
0 0.08125 0.8375 0.1625 0.278125
0 0.303125 0.9046875 0.23828125 0.1875
0 0.71875 0.14609375 0.06171875 0.071875
0 0.7484375 0.309375 0.05390625 0.1125
0 0.7578125 0.46953125 0.07578125 0.153125
0 0.9609375 0.01796875 0.0359375 0.0359375
0 0.846875 0.35859375 0.09609375 0.121875
0 0.98125 0.403125 0.03671875 0.1109375
0 0.8328125 0.22734375 0.05703125 0.09296875
0 0.71484375 0.5203125 0.0359375 0.12890625
0 0.865625 0.19296875 0.05546875 0.071875
0 0.903125 0.16796875 0.05625 0.0640625