0 0.469363 0.403028 0.010914 0.016611
0 0.532723 0.423201 0.017305 0.025236
1 0.620297 0.428312 0.052297 0.093319
0 0.440250 0.407806 0.013234 0.016556
3 0.377512 0.502549 0.031680 0.045264
3 0.191637 0.650153 0.092336 0.113944
3 0.459621 0.414889 0.015523 0.026389
0 0.445379 0.474715 0.025133 0.035431
1 0.571246 0.412125 0.034289 0.081694
1 0.450102 0.381729 0.016797 0.032347
0 0.422336 0.438625 0.018797 0.025333
0 0.387504 0.435056 0.021383 0.025222
0 0.331344 0.502563 0.035266 0.042792
0 0.398488 0.644285 0.060805 0.097931
0 0.323914 0.605764 0.052734 0.069861
0 0.872457 0.916306 0.135445 0.167389
0 0.549051 0.396417 0.009523 0.018667
0 0.527566 0.397451 0.012055 0.015208
