1 0.360207 0.460569 0.039398 0.060611
0 0.663988 0.503354 0.036570 0.049681
0 0.761020 0.641528 0.071117 0.105667
0 0.622215 0.707667 0.068039 0.118389
0 0.385199 0.713542 0.065102 0.101444
0 0.320461 0.608854 0.052672 0.074125
0 0.559848 0.487549 0.029461 0.041542
0 0.440160 0.500194 0.028961 0.044250
0 0.453621 0.441035 0.022352 0.037931
0 0.424668 0.430201 0.019305 0.025292
0 0.416285 0.451424 0.022867 0.033403
0 0.387836 0.486646 0.029969 0.040653
1 0.130531 0.680382 0.258078 0.411986
0 0.616746 0.451424 0.024383 0.034319
3 0.285711 0.527569 0.041703 0.067639
