0 0.646059 0.573625 0.048242 0.069583
0 0.479566 0.379792 0.013086 0.018611
0 0.442703 0.376694 0.007422 0.020167
3 0.449027 0.389493 0.014836 0.032569
1 0.450227 0.364090 0.010687 0.020542
1 0.426344 0.376687 0.027047 0.052736
1 0.387625 0.409076 0.049078 0.081819
0 0.460805 0.371451 0.010469 0.013569
0 0.474004 0.395306 0.011992 0.019389
0 0.458516 0.385028 0.005016 0.017444
0 0.467133 0.407715 0.014828 0.024042
0 0.441066 0.406743 0.015492 0.023653
0 0.415766 0.404417 0.014609 0.024417
0 0.448699 0.469174 0.023336 0.035292
0 0.417402 0.449201 0.025742 0.034125
0 0.429723 0.504465 0.030758 0.044597
0 0.395590 0.482167 0.030539 0.036444
0 0.353273 0.477896 0.030969 0.035681
0 0.361621 0.763757 0.089195 0.132681
0 0.175031 0.669097 0.087375 0.082528
0 0.150910 0.906146 0.146539 0.174764
3 0.355246 0.539646 0.049148 0.072819
3 0.297176 0.527507 0.049148 0.082514
0 0.537227 0.367236 0.009656 0.010944
0 0.555102 0.369597 0.010141 0.014389
0 0.559086 0.374535 0.012078 0.013514
0 0.523762 0.374104 0.015102 0.015236
0 0.529137 0.393000 0.012805 0.016972
0 0.571344 0.391819 0.011953 0.016750
0 0.585957 0.408243 0.017273 0.024681
0 0.555402 0.406417 0.015586 0.023194
0 0.540488 0.435729 0.023914 0.029847
0 0.707219 0.920708 0.122875 0.147250
0 0.574180 0.440340 0.021016 0.033486
0 0.551395 0.471681 0.024570 0.037222
0 0.682465 0.531556 0.037320 0.059861
