1 0.6765625 0.40703125 0.09921875 0.171875
2 0.49921875 0.6125 0.1546875 0.2390625
2 0.1234375 0.40078125 0.12890625 0.1375
2 0.4921875 0.4484375 0.10703125 0.146875
4 0.3015625 0.2328125 0.21953125 0.2265625
4 0.8125 0.3953125 0.1984375 0.384375
4 0.83125 0.053125 0.04609375 0.06953125
4 0.9171875 0.271875 0.1109375 0.221875
4 0.97265625 0.165625 0.053125 0.1390625
4 0.98125 0.0703125 0.03515625 0.05703125
4 0.790625 0.228125 0.15390625 0.2015625
4 0.9125 0.11328125 0.03984375 0.0765625
4 0.7984375 0.17421875 0.1375 0.09609375
0 0.1296875 0.74609375 0.20078125 0.21640625
0 0.35625 0.5734375 0.13359375 0.15859375
0 0.5921875 0.37421875 0.08359375 0.1015625
0 0.7734375 0.1171875 0.028125 0.0375
0 0.9671875 0.02421875 0.01328125 0.02109375
0 0.8765625 0.06796875 0.021875 0.028125
0 0.9390625 0.0234375 0.01328125 0.021875
0 0.8484375 0.08046875 0.02578125 0.03359375
0 0.6953125 0.2828125 0.046875 0.09296875
0 0.875 0.159375 0.02109375 0.0609375
0 0.9421875 0.1078125 0.02109375 0.0375
0 0.07578125 0.01015625 0.0359375 0.0203125
0 0.75234375 0.2640625 0.075 0.13046875
0 0.9546875 0.08671875 0.02109375 0.0234375
0 0.925 0.0046875 0.009375 0.009375
0 0.9953125 0.0078125 0.00859375 0.015625