1 0.64609375 0.503125 0.1609375 0.359375
1 0.1484375 0.8125 0.296875 0.36953125
2 0.3953125 0.59921875 0.17265625 0.259375
2 0.4625 0.37734375 0.10390625 0.140625
2 0.57265625 0.37109375 0.0703125 0.1609375
2 0.84609375 0.15078125 0.0421875 0.06796875
4 0.10625 0.22109375 0.18984375 0.21953125
4 0.6984375 0.4296875 0.26640625 0.509375
4 0.90859375 0.1625 0.084375 0.171875
4 0.97109375 0.065625 0.0546875 0.13125
0 0.26015625 0.31640625 0.1015625 0.10859375
0 0.32265625 0.51171875 0.134375 0.159375
0 0.334375 0.234375 0.07578125 0.078125
0 0.5328125 0.1796875 0.059375 0.0625
0 0.72890625 0.078125 0.0359375 0.040625
0 0.84140625 0.315625 0.0375 0.109375
0 0.646875 0.11640625 0.05 0.0609375
0 0.54453125 0.13671875 0.05 0.05703125
0 0.0484375 0.66875 0.09609375 0.07890625
0 0.67421875 0.078125 0.034375 0.04140625
0 0.8109375 0.034375 0.025 0.034375
0 0.8578125 0.0109375 0.034375 0.021875
0 0.121875 0.678125 0.24375 0.096875
0 0.803125 0.0171875 0.01796875 0.034375
0 0.65703125 0.2171875 0.0515625 0.034375
0 0.1859375 0.70625 0.11484375 0.040625
0 0.7296875 0.16484375 0.046875 0.03203125
0 0.74921875 0.15703125 0.040625 0.05
0 0.771875 0.15 0.0390625 0.0609375
0 0.5953125 0.2703125 0.05703125 0.07109375
0 0.79140625 0.1375 0.0265625 0.05546875
0 0.88125 0.059375 0.0265625 0.0375
0 0.809375 0.12421875 0.03359375 0.05390625
0 0.6921875 0.190625 0.04140625 0.02890625