0 0.326277 0.589361 0.048789 0.064278
0 0.609859 0.659806 0.051219 0.091806
0 0.437090 0.496257 0.031852 0.055319
0 0.163602 0.663382 0.088547 0.121042
0 0.838625 0.843938 0.193828 0.312125
0 0.660316 0.497701 0.034398 0.049125
0 0.598434 0.446222 0.022930 0.032917
0 0.591668 0.418785 0.019992 0.026125
0 0.573180 0.397611 0.014453 0.021778
0 0.530062 0.396743 0.014453 0.020903
0 0.538270 0.432014 0.021070 0.029611
0 0.459871 0.434417 0.018133 0.023083
0 0.404750 0.466208 0.024016 0.032667
0 0.383910 0.506910 0.033070 0.041375
0 0.330051 0.515153 0.017555 0.048639
0 0.402934 0.644715 0.051445 0.077875
