2 0.1390625 0.86171875 0.27734375 0.27109375
2 0.73828125 0.2328125 0.0484375 0.0625
2 0.903125 0.2265625 0.05546875 0.0890625
4 0.6640625 0.51640625 0.28671875 0.51953125
4 0.88984375 0.14375 0.0609375 0.0984375
4 0.9390625 0.16484375 0.059375 0.1125
4 0.82421875 0.059375 0.0296875 0.021875
4 0.253125 0.01796875 0.02890625 0.025
0 0.5390625 0.24140625 0.04921875 0.05
0 0.6734375 0.178125 0.0296875 0.040625
0 0.83125 0.3609375 0.059375 0.0859375
0 0.48125 0.30234375 0.06640625 0.06796875
0 0.50625 0.5515625 0.06640625 0.1390625
0 0.7890625 0.2140625 0.03671875 0.053125
0 0.659375 0.3 0.05 0.046875
0 0.8484375 0.1703125 0.02734375 0.0375
0 0.809375 0.271875 0.04609375 0.0640625
0 0.87421875 0.2984375 0.046875 0.06640625
0 0.5703125 0.378125 0.07578125 0.1109375
0 0.83125 0.103125 0.01796875 0.021875
0 0.8375 0.2359375 0.0390625 0.053125
0 0.8671875 0.0953125 0.015625 0.01796875
0 0.26875 0.92109375 0.01796875 0.1390625
0 0.86640625 0.21328125 0.0296875 0.04296875
0 0.9203125 0.07265625 0.01640625 0.015625
0 0.971875 0.16015625 0.01328125 0.0484375
0 0.84609375 0.09375 0.0125 0.01796875
0 0.90625 0.08515625 0.01171875 0.015625