1 0.7125 0.5078125 0.2125 0.35703125
2 0.4421875 0.34375 0.0796875 0.0875
2 0.51875 0.278125 0.05234375 0.05703125
2 0.43515625 0.48828125 0.096875 0.115625
2 0.678125 0.55703125 0.1375 0.25546875
2 0.8171875 0.29375 0.04375 0.05703125
2 0.7578125 0.3125 0.06484375 0.0640625
2 0.8421875 0.2609375 0.03515625 0.05
4 0.16875 0.375 0.11640625 0.1359375
4 0.315625 0.765625 0.52734375 0.465625
4 0.753125 0.134375 0.04921875 0.07890625
4 0.91171875 0.22890625 0.0765625 0.153125
4 0.85390625 0.10390625 0.0234375 0.04453125
4 0.803125 0.11875 0.028125 0.0734375
4 0.90234375 0.10078125 0.0234375 0.040625
4 0.18359375 0.05390625 0.03125 0.0359375
0 0.5703125 0.4234375 0.06953125 0.0859375
0 0.1203125 0.77578125 0.1828125 0.209375
0 0.634375 0.2546875 0.04453125 0.05390625
0 0.0296875 0.9734375 0.059375 0.05
0 0.6328125 0.37109375 0.06015625 0.078125
0 0.5671875 0.54453125 0.08671875 0.11640625
0 0.6875 0.20234375 0.03203125 0.040625
0 0.7890625 0.246875 0.03359375 0.04140625
0 0.76328125 0.2671875 0.0390625 0.0375
0 0.71875 0.38046875 0.090625 0.08359375
0 0.81796875 0.221875 0.03125 0.0390625
0 0.871875 0.178125 0.02265625 0.03203125
0 0.86015625 0.19140625 0.025 0.03359375
0 0.90625 0.1109375 0.01328125 0.01953125
0 0.8625 0.23828125 0.02578125 0.04296875
0 0.69453125 0.39140625 0.04375 0.0609375
0 0.840625 0.20703125 0.02421875 0.0359375