0 0.440453 0.405556 0.015625 0.024056
0 0.388871 0.658840 0.061133 0.088375
0 0.644059 0.481604 0.030242 0.039597
0 0.471480 0.398708 0.014695 0.021139
0 0.421898 0.437507 0.021828 0.028375
0 0.600117 0.431812 0.021469 0.030236
0 0.292566 0.533056 0.055430 0.083111
0 0.447336 0.391243 0.012125 0.018653
1 0.443203 0.367569 0.015469 0.027361
1 0.357008 0.507979 0.054031 0.102514
1 0.357008 0.507979 0.054031 0.102514
0 0.644059 0.481604 0.030242 0.039597
0 0.388871 0.658840 0.061133 0.088375
1 0.443203 0.367569 0.015469 0.027361
0 0.447336 0.391243 0.012125 0.018653
0 0.433105 0.384194 0.011664 0.017000
0 0.471480 0.398708 0.014695 0.021139
0 0.417359 0.403063 0.016094 0.020736
0 0.233809 0.750986 0.085320 0.111667
0 0.440453 0.405556 0.015625 0.024056
0 0.462488 0.423319 0.016242 0.023889
0 0.421898 0.437507 0.021828 0.028375
0 0.370250 0.447958 0.023234 0.018417
0 0.441773 0.483542 0.028547 0.041806
0 0.425676 0.540028 0.038914 0.055250
0 0.292566 0.533056 0.055430 0.083111
0 0.600117 0.431812 0.021469 0.030236
0 0.784191 0.654792 0.072508 0.094056
0 0.462488 0.423319 0.016242 0.023889
0 0.441773 0.483542 0.028547 0.041806
0 0.233809 0.750986 0.085320 0.111667
0 0.370250 0.447958 0.023234 0.018417
0 0.784191 0.654792 0.072508 0.094056
0 0.417359 0.403063 0.016094 0.020736
0 0.425676 0.540028 0.038914 0.055250
0 0.433105 0.384194 0.011664 0.017000
