2 0.16875 0.721875 0.14375 0.18203125
2 0.515625 0.565625 0.09140625 0.1234375
2 0.63671875 0.434375 0.06875 0.1140625
2 0.5078125 0.4515625 0.07421875 0.0890625
2 0.78203125 0.375 0.0515625 0.0859375
2 0.73203125 0.26953125 0.0359375 0.04453125
2 0.6828125 0.3140625 0.04453125 0.05546875
2 0.7796875 0.28515625 0.03671875 0.05703125
2 0.73984375 0.19765625 0.021875 0.02890625
2 0.803125 0.2171875 0.01953125 0.03203125
2 0.8203125 0.23515625 0.02109375 0.0515625
4 0.56796875 0.2140625 0.0625 0.096875
4 0.44140625 0.340625 0.0671875 0.08359375
4 0.85546875 0.25234375 0.0625 0.134375
4 0.73125 0.1296875 0.03203125 0.0234375
4 0.9078125 0.171875 0.03828125 0.08203125
4 0.7734375 0.159375 0.01171875 0.01953125
4 0.8921875 0.10078125 0.02109375 0.034375
4 0.865625 0.1046875 0.01171875 0.02890625
0 0.2125 0.471875 0.10390625 0.09453125
0 0.01171875 0.48046875 0.0234375 0.053125
0 0.45859375 0.30859375 0.0453125 0.046875
0 0.64453125 0.2484375 0.0328125 0.0390625
0 0.66796875 0.2171875 0.0265625 0.02890625
0 0.59609375 0.2453125 0.040625 0.0375
0 0.71015625 0.1859375 0.01875 0.021875
0 0.7953125 0.171875 0.0171875 0.021875
0 0.8828125 0.15703125 0.01171875 0.01640625
0 0.815625 0.1625 0.0140625 0.01953125
0 0.74609375 0.18203125 0.0171875 0.021875
0 0.815625 0.446875 0.02109375 0.0390625
0 0.8015625 0.15859375 0.0125 0.021875
0 0.8625 0.17421875 0.01484375 0.02109375