0 0.395465 0.482625 0.027930 0.035722
0 0.463473 0.418354 0.016945 0.018875
0 0.580359 0.424757 0.018375 0.026597
0 0.582074 0.402965 0.014945 0.017847
0 0.566270 0.389035 0.012742 0.016986
0 0.406180 0.416028 0.018578 0.022500
0 0.526215 0.384451 0.012008 0.015681
0 0.629465 0.460306 0.026023 0.036000
0 0.569113 0.532924 0.031117 0.052625
0 0.678164 0.607326 0.076203 0.160069
0 0.844645 0.720715 0.088195 0.123347
0 0.377824 0.740674 0.069680 0.111319
0 0.533563 0.410368 0.015437 0.024819
0 0.456711 0.447826 0.018625 0.030486
0 0.291363 0.645799 0.061148 0.079375
0 0.310180 0.540194 0.021172 0.057500
0 0.367359 0.534708 0.039094 0.047556
0 0.433027 0.419479 0.017555 0.021403
0 0.429094 0.523986 0.037922 0.064806
0 0.092125 0.742340 0.118188 0.153653
