1 0.27109375 0.76328125 0.540625 0.46796875
2 0.5515625 0.43046875 0.08046875 0.1390625
2 0.7625 0.328125 0.03125 0.046875
2 0.51328125 0.553125 0.10625 0.13203125
2 0.65546875 0.2875 0.0328125 0.04453125
2 0.6890625 0.25625 0.02109375 0.0265625
4 0.7171875 0.21953125 0.03828125 0.05
4 0.65390625 0.234375 0.053125 0.078125
4 0.75625 0.184375 0.01640625 0.01953125
4 0.840625 0.28046875 0.05234375 0.10859375
0 0.67109375 0.365625 0.040625 0.05
0 0.7578125 0.2875 0.02578125 0.0359375
0 0.7078125 0.265625 0.02421875 0.0265625
0 0.4859375 0.35078125 0.04921875 0.0515625
0 0.75546875 0.228125 0.0125 0.01796875
0 0.7734375 0.23203125 0.01328125 0.01953125
0 0.796875 0.2171875 0.0140625 0.02109375
0 0.80546875 0.290625 0.01875 0.02109375
0 0.8375 0.196875 0.01015625 0.0125
0 0.815625 0.2109375 0.01015625 0.0140625