0 0.803652 0.822299 0.098211 0.156125
1 0.571254 0.421542 0.024539 0.051972
1 0.402184 0.416410 0.022008 0.031431
1 0.374398 0.712493 0.079031 0.143708
0 0.251840 0.736667 0.086055 0.109083
0 0.178129 0.698090 0.079320 0.119736
0 0.343813 0.573785 0.045078 0.061597
0 0.436395 0.516049 0.031758 0.050042
0 0.453090 0.452771 0.020805 0.029403
0 0.415496 0.450764 0.022805 0.031639
0 0.380539 0.444750 0.026562 0.036528
0 0.458730 0.432944 0.018039 0.025389
0 0.580352 0.399972 0.012953 0.021917
0 0.561785 0.375722 0.012945 0.018194
0 0.465496 0.408882 0.017539 0.026292
0 0.437176 0.407097 0.017039 0.022722
0 0.426398 0.393062 0.012531 0.018708
0 0.451461 0.387500 0.013531 0.020944
0 0.475523 0.385493 0.013531 0.017819
0 0.548953 0.383708 0.012531 0.019611
0 0.534289 0.407319 0.014781 0.024056
0 0.619875 0.454326 0.024562 0.034319
0 0.623133 0.530736 0.039094 0.060583
0 0.702699 0.561250 0.049367 0.069056
0 0.864973 0.723903 0.109648 0.168139
