1 0.65625 0.615625 0.1765625 0.3859375
2 0.4140625 0.4640625 0.16484375 0.26953125
2 0.8453125 0.17421875 0.03828125 0.07109375
4 0.4984375 0.534375 0.22734375 0.40703125
4 0.7234375 0.50390625 0.309375 0.60859375
4 0.96484375 0.19765625 0.06875 0.140625
0 0.2140625 0.4203125 0.12265625 0.109375
0 0.06171875 0.434375 0.1234375 0.1125
0 0.3109375 0.83125 0.18671875 0.2515625
0 0.4296875 0.26328125 0.06875 0.0734375
0 0.49765625 0.27578125 0.0671875 0.0765625
0 0.88828125 0.41171875 0.046875 0.115625
0 0.6984375 0.125 0.03359375 0.03359375
0 0.65 0.16484375 0.03828125 0.0484375
0 0.684375 0.17578125 0.0484375 0.059375
0 0.790625 0.1015625 0.03046875 0.0359375
0 0.9375 0.0515625 0.0203125 0.028125
0 0.93984375 0.30703125 0.0640625 0.08359375
0 0.8484375 0.096875 0.03125 0.0375
0 0.9234375 0.18203125 0.03046875 0.0609375
0 0.90078125 0.05 0.0203125 0.028125
0 0.809375 0.07265625 0.02421875 0.02890625
0 0.8796875 0.15703125 0.03046875 0.053125
0 0.890625 0.221875 0.04765625 0.065625
0 0.821875 0.196875 0.04765625 0.040625
0 0.83671875 0.08125 0.0265625 0.03203125
0 0.9625 0.03671875 0.01640625 0.0234375
0 0.98671875 0.02421875 0.015625 0.02109375
0 0.871875 0.1703125 0.01953125 0.0515625
0 0.0375 0.403125 0.0671875 0.05
0 0.878125 0.2546875 0.01953125 0.07109375
0 0.9484375 0.10390625 0.0265625 0.0390625
0 0.9703125 0.01796875 0.0125 0.01953125