2 0.190625 0.51328125 0.128125 0.1375
2 0.25390625 0.45390625 0.0671875 0.06640625
4 0.4296875 0.74453125 0.41953125 0.50859375
4 0.7375 0.3359375 0.08515625 0.13359375
4 0.678125 0.2359375 0.0421875 0.06953125
4 0.709375 0.22734375 0.03828125 0.084375
4 0.4390625 0.353125 0.05390625 0.06640625
4 0.75390625 0.18359375 0.0171875 0.01640625
4 0.6078125 0.27265625 0.0375 0.065625
4 0.821875 0.17734375 0.01328125 0.02890625
4 0.865625 0.24453125 0.04140625 0.08046875
0 0.2921875 0.6609375 0.1203125 0.14453125
0 0.4328125 0.40546875 0.06015625 0.0609375
0 0.65625 0.28828125 0.028125 0.02890625
0 0.57109375 0.4375 0.053125 0.06953125
0 0.659375 0.446875 0.0578125 0.0765625
0 0.19375 0.875 0.10703125 0.2140625
0 0.625 0.39140625 0.04453125 0.05859375
0 0.7859375 0.31015625 0.01640625 0.03203125
0 0.771875 0.23046875 0.0125 0.01953125
0 0.80703125 0.20703125 0.0125 0.01953125
0 0.6109375 0.290625 0.03046875 0.03046875
0 0.8078125 0.2421875 0.01796875 0.0234375
0 0.83515625 0.22421875 0.015625 0.02109375
0 0.73671875 0.26484375 0.025 0.02109375
0 0.83359375 0.19453125 0.009375 0.01640625
0 0.28671875 0.17890625 0.0171875 0.01953125
0 0.8078125 0.284375 0.01640625 0.0234375
0 0.834375 0.253125 0.02265625 0.025