2 0.54609375 0.65859375 0.090625 0.14453125
2 0.8984375 0.34140625 0.02734375 0.053125
2 0.8875 0.2921875 0.01328125 0.0234375
4 0.6921875 0.60234375 0.2109375 0.384375
4 0.8453125 0.34609375 0.03671875 0.078125
4 0.80390625 0.25703125 0.015625 0.01640625
4 0.8609375 0.2609375 0.0109375 0.021875
4 0.8796875 0.265625 0.01015625 0.01796875
0 0.0390625 0.6859375 0.078125 0.10859375
0 0.8 0.40859375 0.03046875 0.04140625
0 0.8671875 0.278125 0.01015625 0.01640625
0 0.909375 0.278125 0.009375 0.015625
0 0.91875 0.3265625 0.01484375 0.025
0 0.8984375 0.3078125 0.0140625 0.02109375
0 0.915625 0.29375 0.01171875 0.015625