1 0.8203125 0.3109375 0.1078125 0.2390625
2 0.6609375 0.2671875 0.05703125 0.08203125
2 0.746875 0.25625 0.0671875 0.1265625
2 0.69375 0.2421875 0.04453125 0.07890625
4 0.4921875 0.65 0.47890625 0.69453125
4 0.109375 0.721875 0.21875 0.2765625
4 0.94140625 0.14296875 0.0734375 0.13359375
4 0.834375 0.0390625 0.028125 0.04453125
4 0.975 0.08203125 0.04765625 0.13359375
4 0.8546875 0.2140625 0.14296875 0.20546875
0 0.1921875 0.33046875 0.09296875 0.09140625
0 0.184375 0.86484375 0.16171875 0.24609375
0 0.353125 0.21875 0.0609375 0.065625
0 0.31015625 0.32421875 0.0875 0.09609375
0 0.3203125 0.51171875 0.09140625 0.1484375
0 0.1109375 0.6125 0.1640625 0.20546875
0 0.5078125 0.178125 0.05859375 0.0640625
0 0.74609375 0.0703125 0.028125 0.034375
0 0.6921875 0.12265625 0.03984375 0.04609375
0 0.5578125 0.3109375 0.07578125 0.06953125
0 0.6140625 0.28359375 0.07421875 0.053125
0 0.675 0.1015625 0.0328125 0.04140625
0 0.80625 0.04296875 0.025 0.03046875
0 0.8828125 0.025 0.01953125 0.028125
0 0.8921875 0.0859375 0.034375 0.05
0 0.7234375 0.2015625 0.03828125 0.046875
0 0.9875 0.20234375 0.0234375 0.06796875
0 0.8421875 0.103125 0.0296875 0.0234375
0 0.75546875 0.17890625 0.059375 0.04140625