1 0.8421875 0.32265625 0.3 0.3515625
2 0.3734375 0.578125 0.0546875 0.13203125
4 0.85703125 0.35625 0.1390625 0.284375
4 0.73203125 0.16953125 0.0578125 0.08359375
4 0.54140625 0.52265625 0.3125 0.4625
4 0.765625 0.34609375 0.1453125 0.2640625
4 0.9484375 0.234375 0.0828125 0.1265625
4 0.83125 0.10546875 0.03359375 0.025
4 0.9859375 0.0828125 0.02734375 0.034375
4 0.9140625 0.11875 0.02109375 0.07109375
4 0.88125 0.19453125 0.08046875 0.0640625
0 0.04140625 0.88125 0.0828125 0.18203125
0 0.50625 0.91328125 0.18671875 0.17109375
0 0.85390625 0.1578125 0.01875 0.0234375
0 0.075 0.96171875 0.15 0.0734375
0 0.9671875 0.1046875 0.01484375 0.01796875
0 0.82265625 0.190625 0.0234375 0.03046875
0 0.7625 0.21328125 0.02734375 0.0265625
0 0.88125 0.1546875 0.01484375 0.015625
0 0.825 0.165625 0.01484375 0.01796875
0 0.9671875 0.15390625 0.01796875 0.025
0 0.3234375 0.96953125 0.17890625 0.05859375
0 0.9875 0.1375 0.01171875 0.01953125
0 0.95 0.16328125 0.0203125 0.02109375
0 0.984375 0.178125 0.01796875 0.03046875
0 0.9921875 0.2109375 0.01328125 0.0359375
0 0.9953125 0.09140625 0.0078125 0.0140625