1 0.553125 0.6921875 0.4015625 0.60703125
1 0.41796875 0.63125 0.4046875 0.590625
4 0.84375 0.246875 0.06640625 0.13046875
4 0.85625 0.1265625 0.02421875 0.04453125
4 0.778125 0.1484375 0.04296875 0.06640625
4 0.8078125 0.115625 0.02734375 0.0234375
4 0.84375 0.159375 0.0234375 0.04140625
4 0.9375 0.09375 0.0109375 0.0265625
4 0.959375 0.184375 0.040625 0.096875
4 0.90390625 0.11953125 0.0265625 0.0390625
4 0.9828125 0.11796875 0.0234375 0.0359375
0 0.6625 0.259375 0.03828125 0.0484375
0 0.521875 0.33203125 0.06953125 0.053125
0 0.7875 0.46328125 0.06328125 0.09296875
0 0.8171875 0.39296875 0.05703125 0.08046875
0 0.9421875 0.2359375 0.028125 0.0390625
0 0.87734375 0.33515625 0.0453125 0.0625
0 0.78125 0.1859375 0.02109375 0.028125
0 0.80390625 0.24609375 0.025 0.05546875
0 0.8140625 0.16484375 0.02109375 0.03203125
0 0.9015625 0.2875 0.040625 0.0609375
0 0.8828125 0.2421875 0.01953125 0.04296875
0 0.9015625 0.225 0.0265625 0.04140625
0 0.89140625 0.1421875 0.015625 0.0234375
0 0.91328125 0.2125 0.0203125 0.03359375
0 0.87578125 0.140625 0.0140625 0.01640625
0 0.92890625 0.19296875 0.021875 0.03046875
0 0.89375 0.18984375 0.02109375 0.02890625
0 0.9359375 0.153125 0.01640625 0.02890625
0 0.909375 0.17421875 0.01796875 0.0265625