2 0.80625 0.1984375 0.03203125 0.05
2 0.90625 0.2234375 0.05390625 0.0890625
2 0.8421875 0.23125 0.03828125 0.0515625
4 0.715625 0.453125 0.24375 0.440625
4 0.24140625 0.76953125 0.4828125 0.45859375
4 0.87421875 0.0796875 0.028125 0.04609375
4 0.9390625 0.16328125 0.05859375 0.109375
4 0.8234375 0.059375 0.03046875 0.021875
4 0.89375 0.1421875 0.06171875 0.0984375
4 0.25234375 0.0171875 0.0296875 0.0265625
0 0.30390625 0.34921875 0.0828125 0.0734375
0 0.065625 0.52265625 0.13125 0.1203125
0 0.5640625 0.22890625 0.04140625 0.053125
0 0.5703125 0.4953125 0.06953125 0.1234375
0 0.84921875 0.346875 0.0421875 0.08203125
0 0.884375 0.2875 0.04453125 0.0640625
0 0.79921875 0.115625 0.0203125 0.025
0 0.6859375 0.28046875 0.04609375 0.04453125
0 0.7578125 0.221875 0.04453125 0.059375
0 0.615625 0.3421875 0.065625 0.09609375
0 0.821875 0.2625 0.034375 0.05546875
0 0.86875 0.209375 0.02890625 0.04296875
0 0.84296875 0.11171875 0.015625 0.03203125
0 0.9078125 0.084375 0.01328125 0.01953125
0 0.971875 0.1609375 0.0140625 0.05
0 0.8234375 0.103125 0.01640625 0.021875
0 0.95 0.06015625 0.01015625 0.015625
0 0.8578125 0.15625 0.01640625 0.040625