3 0.303437 0.523278 0.047891 0.063639
3 0.468695 0.394938 0.013062 0.019875
3 0.412672 0.447194 0.022984 0.031528
0 0.525969 0.396326 0.014109 0.019708
0 0.439469 0.411687 0.015359 0.019014
0 0.404781 0.630340 0.048375 0.069653
0 0.434770 0.509090 0.029023 0.050736
0 0.455602 0.433222 0.018547 0.025083
0 0.374578 0.452215 0.021766 0.031542
0 0.200840 0.650722 0.084648 0.086000
0 0.409820 0.411861 0.016719 0.018667
0 0.251590 0.738382 0.086492 0.105264
0 0.569305 0.551007 0.036953 0.065097
0 0.541086 0.453958 0.021500 0.026278
0 0.383250 0.502625 0.033375 0.043028
0 0.574512 0.448285 0.018477 0.034042
0 0.321293 0.879938 0.090367 0.141542
3 0.572832 0.391250 0.014445 0.019111
