1 0.503125 0.671875 0.4109375 0.6484375
1 0.1125 0.921875 0.21796875 0.15
2 0.796875 0.30546875 0.0453125 0.075
2 0.63359375 0.2375 0.0421875 0.05546875
2 0.77734375 0.25390625 0.040625 0.05546875
2 0.83515625 0.2625 0.0328125 0.046875
2 0.903125 0.23203125 0.04609375 0.0609375
2 0.83125 0.22109375 0.02734375 0.0390625
4 0.91328125 0.2125 0.065625 0.13046875
4 0.74921875 0.184375 0.0265625 0.0359375
4 0.8484375 0.12265625 0.02265625 0.040625
4 0.875 0.13828125 0.01640625 0.02890625
4 0.8265625 0.10859375 0.0171875 0.01953125
0 0.7046875 0.23203125 0.03359375 0.0359375
0 0.8140625 0.17265625 0.02109375 0.0265625
0 0.7328125 0.21328125 0.03125 0.03203125
0 0.78125 0.190625 0.02265625 0.02890625
0 0.7734375 0.165625 0.01796875 0.021875
0 0.63125 0.3671875 0.05546875 0.065625
0 0.2640625 0.65 0.13359375 0.171875
0 0.90625 0.128125 0.0109375 0.015625
0 0.85234375 0.15390625 0.015625 0.021875
0 0.8953125 0.1203125 0.01171875 0.02109375