2 0.59453125 0.275 0.0546875 0.0640625
2 0.95 0.2015625 0.028125 0.05
4 0.43359375 0.259375 0.153125 0.15859375
4 0.7421875 0.509375 0.1515625 0.2140625
4 0.8140625 0.2515625 0.09453125 0.16953125
4 0.784375 0.1390625 0.0359375 0.0609375
4 0.903125 0.25078125 0.0828125 0.1625
4 0.8125 0.103125 0.028125 0.0234375
4 0.878125 0.19921875 0.05859375 0.11796875
4 0.9265625 0.1484375 0.0421875 0.053125
4 0.9625 0.159375 0.03671875 0.084375
0 0.3671875 0.765625 0.16484375 0.2
0 0.54375 0.46015625 0.08515625 0.0984375
0 0.209375 0.4953125 0.10859375 0.0984375
0 0.2609375 0.4125 0.08984375 0.078125
0 0.6453125 0.36796875 0.0625 0.08359375
0 0.6359375 0.471875 0.0765625 0.10390625
0 0.65 0.2359375 0.03203125 0.0390625
0 0.74296875 0.37421875 0.059375 0.07890625
0 0.875 0.11796875 0.0109375 0.01640625
0 0.8359375 0.14609375 0.01484375 0.021875
0 0.9 0.12578125 0.0140625 0.02109375
0 0.6546875 0.2046875 0.0296875 0.0375
0 0.7515625 0.2703125 0.03984375 0.07109375
0 0.37109375 0.97890625 0.115625 0.0390625
0 0.91875 0.1140625 0.0125 0.01640625
0 0.9671875 0.1015625 0.01171875 0.01640625
0 0.984375 0.09140625 0.01484375 0.01640625