2 0.22265625 0.678125 0.196875 0.2875
2 0.578125 0.3875 0.1078125 0.153125
2 0.68515625 0.11875 0.0453125 0.059375
2 0.68046875 0.41953125 0.1125 0.175
4 0.86875 0.334375 0.16953125 0.340625
4 0.65546875 0.296875 0.1015625 0.175
4 0.56875 0.73203125 0.43125 0.53359375
4 0.9171875 0.134375 0.06953125 0.075
4 0.990625 0.153125 0.0171875 0.121875
0 0.0484375 0.84609375 0.096875 0.2140625
0 0.1734375 0.92109375 0.221875 0.15546875
0 0.3984375 0.3265625 0.0828125 0.1
0 0.52265625 0.22890625 0.059375 0.06953125
0 0.50546875 0.4765625 0.1015625 0.13046875
0 0.3703125 0.5671875 0.1234375 0.15703125
0 0.734375 0.26796875 0.06171875 0.0859375
0 0.8640625 0.08671875 0.03046875 0.040625
0 0.8 0.21171875 0.05390625 0.07890625
0 0.3671875 0.70390625 0.08828125 0.24453125
0 0.7921875 0.29375 0.03125 0.1125
0 0.9609375 0.27421875 0.03203125 0.065625
0 0.9671875 0.0375 0.0203125 0.025
0 0.9546875 0.02734375 0.015625 0.0234375
0 0.9765625 0.01484375 0.0140625 0.02109375
0 0.93828125 0.10625 0.0375 0.0484375
0 0.9703125 0.15390625 0.02890625 0.05
0 0.95625 0.17578125 0.01875 0.05703125
0 0.98203125 0.0796875 0.0234375 0.034375
0 0.9625 0.096875 0.01953125 0.0359375
0 0.8671875 0.1609375 0.03125 0.028125
0 0.8671875 0.0046875 0.03828125 0.009375
0 0.98125 0.1171875 0.01796875 0.02890625
0 0.90859375 0.175 0.1140625 0.05859375
0 0.99140625 0.1875 0.015625 0.053125