1 0.828125 0.2875 0.05234375 0.1109375
2 0.3125 0.6421875 0.12578125 0.1375
2 0.746875 0.33046875 0.0453125 0.08359375
4 0.2921875 0.384375 0.22265625 0.2015625
4 0.60078125 0.2625 0.0375 0.0609375
4 0.571875 0.5015625 0.09453125 0.1640625
4 0.6921875 0.22421875 0.04453125 0.06796875
4 0.8140625 0.190625 0.02734375 0.04609375
4 0.73125 0.209375 0.03359375 0.06640625
4 0.7765625 0.1984375 0.021875 0.04140625
4 0.86875 0.20546875 0.02578125 0.046875
4 0.703125 0.240625 0.02578125 0.0375
4 0.8171875 0.2578125 0.0515625 0.0734375
4 0.75625 0.1953125 0.02109375 0.04296875
0 0.375 0.746875 0.1390625 0.17890625
0 0.1984375 0.53125 0.103125 0.0875
0 0.021875 0.90234375 0.04296875 0.159375
0 0.6859375 0.503125 0.06171875 0.0890625
0 0.4921875 0.4984375 0.07421875 0.09453125
0 0.471875 0.3625 0.05 0.046875
0 0.68203125 0.27578125 0.0234375 0.03203125
0 0.634375 0.26328125 0.02265625 0.0265625
0 0.56484375 0.30859375 0.0328125 0.0390625
0 0.5984375 0.40859375 0.0515625 0.06640625
0 0.61484375 0.28828125 0.0296875 0.03203125
0 0.8640625 0.265625 0.025 0.040625
0 0.7359375 0.303125 0.02578125 0.0359375
0 0.76171875 0.27890625 0.025 0.03359375
0 0.734375 0.246875 0.015625 0.025
0 0.8828125 0.23515625 0.0171875 0.034375
0 0.7453125 0.228125 0.01796875 0.021875
0 0.7234375 0.23671875 0.01484375 0.02109375