2 0.3125 0.5171875 0.06875 0.0765625
2 0.43828125 0.609375 0.0734375 0.084375
2 0.50859375 0.42890625 0.0421875 0.0609375
2 0.4375 0.4515625 0.04140625 0.04140625
2 0.7796875 0.3953125 0.021875 0.03203125
2 0.68515625 0.36953125 0.015625 0.025
4 0.55 0.4 0.0328125 0.04140625
4 0.6171875 0.3625 0.046875 0.06640625
4 0.68125 0.3421875 0.02578125 0.04296875
4 0.7171875 0.41171875 0.04609375 0.07890625
4 0.728125 0.32890625 0.015625 0.03046875
4 0.70625 0.32109375 0.01328125 0.0140625
0 0.01640625 0.68359375 0.0328125 0.0609375
0 0.565625 0.4375 0.03125 0.03359375
0 0.675 0.425 0.02421875 0.03359375
0 0.63046875 0.3984375 0.01875 0.025
0 0.7640625 0.38125 0.01484375 0.02109375
0 0.7328125 0.34765625 0.01015625 0.015625
0 0.7421875 0.40625 0.01171875 0.0265625
0 0.39609375 0.315625 0.0109375 0.0140625
0 0.778125 0.3625 0.0125 0.01953125
0 0.6953125 0.35546875 0.015625 0.021875
0 0.425 0.3203125 0.00859375 0.0125