1 0.61484375 0.628125 0.1125 0.23203125
2 0.70625 0.4421875 0.03359375 0.05703125
2 0.6421875 0.4515625 0.03046875 0.04140625
2 0.6109375 0.475 0.03515625 0.05
2 0.73046875 0.41875 0.0203125 0.03203125
2 0.6828125 0.42109375 0.02109375 0.03359375
4 0.65 0.3703125 0.02109375 0.03203125
4 0.6609375 0.321875 0.0171875 0.01953125
4 0.79296875 0.3703125 0.03125 0.0734375
4 0.703125 0.33984375 0.00859375 0.015625
0 0.6125 0.40703125 0.02265625 0.028125
0 0.6828125 0.359375 0.0140625 0.01796875
0 0.734375 0.340625 0.01015625 0.015625
0 0.7640625 0.35546875 0.0125 0.01640625
0 0.6015625 0.28984375 0.009375 0.0125
0 0.77578125 0.365625 0.0078125 0.0265625
0 0.7109375 0.39765625 0.01953125 0.0265625