2 0.521875 0.42578125 0.08984375 0.1015625
2 0.6984375 0.3875 0.05546875 0.08359375
2 0.615625 0.38203125 0.06328125 0.09140625
2 0.709375 0.290625 0.05390625 0.09453125
2 0.9078125 0.21328125 0.0359375 0.07890625
4 0.43125 0.271875 0.1453125 0.1484375
4 0.79375 0.35390625 0.12734375 0.253125
4 0.61484375 0.2078125 0.084375 0.0984375
4 0.2984375 0.73046875 0.59609375 0.5359375
4 0.69375 0.209375 0.03203125 0.0515625
4 0.8109375 0.1453125 0.028125 0.0484375
4 0.85078125 0.2203125 0.0390625 0.06796875
4 0.878125 0.18515625 0.03125 0.0765625
4 0.87578125 0.11953125 0.0171875 0.0359375
4 0.7796875 0.13203125 0.02734375 0.01953125
0 0.6578125 0.603125 0.09453125 0.13203125
0 0.5328125 0.303125 0.04921875 0.05
0 0.6359375 0.44609375 0.0671875 0.09140625
0 0.3109375 0.5640625 0.13515625 0.1109375
0 0.7671875 0.19296875 0.0203125 0.025
0 0.6328125 0.2703125 0.03671875 0.040625
0 0.8 0.1734375 0.0171875 0.021875
0 0.815625 0.2203125 0.02421875 0.0265625
0 0.60625 0.25703125 0.03359375 0.0359375
0 0.859375 0.146875 0.01171875 0.015625
0 0.10859375 0.70390625 0.11875 0.08359375
0 0.50625 0.92578125 0.08046875 0.14609375
0 0.8359375 0.82109375 0.01953125 0.03046875
0 0.85625 0.315625 0.0109375 0.0390625
0 0.853125 0.1828125 0.01953125 0.015625
0 0.8078125 0.1578125 0.01953125 0.0234375
0 0.584375 0.2484375 0.01796875 0.01953125
0 0.6453125 0.23203125 0.01171875 0.01640625
0 0.84375 0.23671875 0.02578125 0.04609375
0 0.928125 0.16171875 0.0265625 0.0234375
0 0.009375 0.503125 0.01875 0.05