2 0.28046875 0.7265625 0.1421875 0.171875
2 0.49140625 0.6984375 0.1046875 0.15
2 0.58828125 0.49609375 0.0640625 0.08046875
2 0.72890625 0.45859375 0.0546875 0.071875
2 0.76953125 0.409375 0.0375 0.053125
2 0.6125 0.36640625 0.03984375 0.05
4 0.721875 0.2875 0.0296875 0.04453125
4 0.765625 0.259375 0.02109375 0.040625
4 0.825 0.25390625 0.02421875 0.03046875
4 0.915625 0.28359375 0.0453125 0.08359375
4 0.8109375 0.21875 0.015625 0.01796875
4 0.78671875 0.26640625 0.0203125 0.03046875
4 0.8734375 0.23125 0.01328125 0.02890625
0 0.8625 0.3109375 0.02265625 0.03359375
0 0.809375 0.32109375 0.02578125 0.03359375
0 0.7234375 0.31484375 0.02265625 0.02890625
0 0.884375 0.2890625 0.01328125 0.021875
0 0.853125 0.23984375 0.0109375 0.02109375
0 0.525 0.38671875 0.01640625 0.01796875
0 0.9234375 0.34453125 0.03359375 0.0640625
0 0.921875 0.23984375 0.01953125 0.01796875