2 0.72109375 0.3265625 0.053125 0.078125
2 0.5703125 0.3421875 0.07734375 0.07109375
2 0.65234375 0.31171875 0.05625 0.07890625
2 0.25 0.809375 0.2859375 0.375
2 0.7359375 0.2328125 0.04765625 0.0875
4 0.27421875 0.2828125 0.21875 0.1984375
4 0.54921875 0.1875 0.109375 0.1140625
4 0.3828125 0.68203125 0.55078125 0.63046875
4 0.6390625 0.18984375 0.040625 0.0625
4 0.8109375 0.29140625 0.11484375 0.23046875
4 0.7828125 0.0890625 0.02734375 0.021875
4 0.88671875 0.13828125 0.0296875 0.0734375
4 0.915625 0.165625 0.03515625 0.075
4 0.86015625 0.171875 0.040625 0.06640625
4 0.8 0.10703125 0.03125 0.053125
4 0.8734375 0.078125 0.01953125 0.0390625
0 0.69921875 0.503125 0.0859375 0.109375
0 0.3546875 0.340625 0.07421875 0.06796875
0 0.503125 0.296875 0.0578125 0.05546875
0 0.159375 0.690625 0.171875 0.203125
0 0.73828125 0.16796875 0.0234375 0.028125
0 0.6671875 0.37890625 0.05859375 0.08359375
0 0.3609375 0.48671875 0.12265625 0.09609375
0 0.77734375 0.1421875 0.0203125 0.0234375
0 0.51953125 0.25703125 0.046875 0.04453125
0 0.8515625 0.1078125 0.0125 0.015625
0 0.828125 0.16875 0.02265625 0.0234375
0 0.86328125 0.13515625 0.01875 0.01796875
0 0.32734375 0.08203125 0.0140625 0.01953125
0 0.7671875 0.17265625 0.0109375 0.009375
0 0.86796875 0.26484375 0.0109375 0.04296875
0 0.9125 0.1828125 0.028125 0.040625