0 0.401465 0.627597 0.049633 0.071167
0 0.236773 0.763396 0.097984 0.118153
1 0.048578 0.797583 0.096531 0.349833
4 0.341195 0.559993 0.052859 0.119292
3 0.362270 0.449764 0.025180 0.041500
4 0.588871 0.498667 0.045727 0.101750
1 0.399422 0.416604 0.024250 0.043708
1 0.302520 0.486653 0.097977 0.162833
0 0.592715 0.420854 0.013977 0.020319
0 0.704043 0.555042 0.042305 0.057528
0 0.637055 0.476014 0.030187 0.043167
0 0.542262 0.443681 0.019586 0.033778
0 0.456461 0.428757 0.020828 0.023819
0 0.423355 0.427104 0.021133 0.023819
0 0.397555 0.474354 0.030469 0.035431
0 0.438742 0.494521 0.025797 0.039292
0 0.219047 0.639062 0.066391 0.078042
