0 0.550602 0.388313 0.014703 0.018819
0 0.454504 0.431014 0.016930 0.025722
0 0.447977 0.458618 0.025750 0.029458
0 0.247949 0.737007 0.075852 0.095958
1 0.402285 0.441882 0.033805 0.066375
0 0.433586 0.385840 0.011437 0.014931
0 0.470094 0.402014 0.012125 0.018250
0 0.440848 0.407181 0.015023 0.018194
0 0.434395 0.503764 0.029633 0.043278
0 0.354312 0.466764 0.032453 0.045778
0 0.362250 0.535125 0.037047 0.049556
0 0.401938 0.592826 0.044453 0.072125
0 0.742574 0.597368 0.059945 0.086708
0 0.192562 0.668021 0.079375 0.078403
