2 0.83359375 0.37421875 0.053125 0.09296875
2 0.8453125 0.271875 0.03671875 0.05390625
4 0.74375 0.33046875 0.09765625 0.19453125
4 0.93359375 0.209375 0.053125 0.12109375
4 0.83515625 0.1296875 0.028125 0.0515625
4 0.78203125 0.12109375 0.0328125 0.025
4 0.1328125 0.384375 0.24765625 0.25703125
4 0.87734375 0.115625 0.0203125 0.0359375
0 0.315625 0.83359375 0.15234375 0.2
0 0.3921875 0.390625 0.06796875 0.075
0 0.590625 0.74375 0.11640625 0.1765625
0 0.671875 0.58359375 0.09609375 0.14140625
0 0.05 0.59453125 0.1 0.1171875
0 0.7890625 0.4703125 0.06796875 0.0984375
0 0.625 0.2765625 0.0390625 0.046875
0 0.803125 0.18671875 0.02265625 0.02890625
0 0.90390625 0.275 0.034375 0.046875
0 0.7125 0.228125 0.03515625 0.04140625
0 0.8015625 0.25234375 0.02578125 0.04296875
0 0.809375 0.3078125 0.03671875 0.05703125
0 0.68515625 0.3328125 0.034375 0.08203125
0 0.8359375 0.16875 0.01796875 0.0265625
0 0.83671875 0.22734375 0.0265625 0.0375
0 0.8640625 0.24765625 0.02578125 0.040625
0 0.8734375 0.1375 0.01328125 0.01953125
0 0.853125 0.14375 0.01484375 0.0265625
0 0.8875 0.2234375 0.02734375 0.0390625
0 0.1171875 0.95859375 0.23359375 0.08046875
0 0.896875 0.13125 0.01640625 0.0265625
0 0.8671875 0.1984375 0.025 0.03046875
0 0.921875 0.14140625 0.01640625 0.01953125
0 0.8875 0.1828125 0.02421875 0.034375
0 0.90625 0.1671875 0.015625 0.03203125
0 0.940625 0.140625 0.01796875 0.021875
0 0.9015625 0.2109375 0.01875 0.0359375