2 0.70859375 0.2921875 0.0546875 0.0875
4 0.65 0.65390625 0.22421875 0.29453125
4 0.59296875 0.1828125 0.096875 0.115625
4 0.08125 0.40859375 0.1625 0.3109375
4 0.79296875 0.2578125 0.1125 0.2015625
4 0.9046875 0.2484375 0.09609375 0.18359375
4 0.82578125 0.103125 0.0296875 0.05703125
4 0.9328125 0.14453125 0.05078125 0.0859375
4 0.875 0.190625 0.06953125 0.13359375
4 0.97578125 0.1375 0.04375 0.0890625
0 0.353125 0.603125 0.13203125 0.15
0 0.5890625 0.271875 0.04765625 0.05390625
0 0.53203125 0.265625 0.05 0.053125
0 0.5515625 0.428125 0.08359375 0.10859375
0 0.69375 0.41796875 0.07265625 0.096875
0 0.5328125 0.5640625 0.0984375 0.1390625
0 0.1875 0.478125 0.1171875 0.11796875
0 0.90234375 0.08515625 0.0109375 0.015625
0 0.728125 0.15625 0.02265625 0.034375
0 0.87421875 0.109375 0.0125 0.01953125
0 0.7421875 0.184375 0.03125 0.04296875
0 0.7515625 0.165625 0.02421875 0.028125
0 0.95625 0.1921875 0.028125 0.0375
0 0.9296875 0.090625 0.01484375 0.01640625
0 0.8046875 0.0796875 0.0109375 0.02109375
0 0.94375 0.07890625 0.0125 0.021875
0 0.96328125 0.1765625 0.028125 0.0359375