1 0.1796875 0.86015625 0.359375 0.2734375
2 0.6078125 0.65703125 0.09921875 0.18046875
2 0.55859375 0.440625 0.059375 0.0734375
2 0.55546875 0.55546875 0.08125 0.10859375
2 0.6875 0.50703125 0.0796875 0.1359375
2 0.6203125 0.38984375 0.04921875 0.0625
2 0.7671875 0.41875 0.0484375 0.06796875
4 0.2203125 0.371875 0.234375 0.22109375
4 0.3140625 0.6046875 0.16953125 0.2484375
4 0.7046875 0.3515625 0.08984375 0.16640625
4 0.66875 0.228125 0.04765625 0.059375
4 0.73125 0.209375 0.03671875 0.05
4 0.790625 0.36953125 0.0734375 0.103125
4 0.7546875 0.1828125 0.01640625 0.01796875
4 0.8375 0.17109375 0.01171875 0.021875
0 0.4140625 0.70625 0.1140625 0.13203125
0 0.3625 0.44296875 0.07421875 0.06953125
0 0.46875 0.51484375 0.08515625 0.09296875
0 0.49609375 0.321875 0.0375 0.0359375
0 0.56328125 0.3359375 0.040625 0.04453125
0 0.0609375 0.80234375 0.121875 0.1234375
0 0.6390625 0.46640625 0.0625 0.08046875
0 0.57734375 0.2890625 0.0265625 0.03046875
0 0.65390625 0.3546875 0.0296875 0.05390625
0 0.7109375 0.25859375 0.02265625 0.021875
0 0.5875 0.51015625 0.06328125 0.07890625
0 0.6578125 0.265625 0.01328125 0.0265625
0 0.8265625 0.19921875 0.009375 0.015625
0 0.75703125 0.234375 0.015625 0.02109375
0 0.7828125 0.221875 0.01015625 0.01796875
0 0.7296875 0.23515625 0.01640625 0.02109375
0 0.7453125 0.353125 0.0140625 0.0515625
0 0.75625 0.33515625 0.02265625 0.04609375