2 0.05 0.87890625 0.1 0.23359375
2 0.5921875 0.53203125 0.08359375 0.1140625
2 0.6828125 0.3421875 0.04609375 0.0734375
2 0.5203125 0.3390625 0.053125 0.06953125
4 0.16484375 0.403125 0.128125 0.11796875
4 0.77265625 0.14453125 0.0234375 0.021875
4 0.734375 0.4609375 0.15859375 0.30546875
4 0.8046875 0.190625 0.03671875 0.04140625
4 0.9125 0.23828125 0.04609375 0.1015625
4 0.8296875 0.325 0.07578125 0.10859375
4 0.825 0.390625 0.03125 0.14609375
0 0.30625 0.86171875 0.1671875 0.2125
0 0.38671875 0.58515625 0.109375 0.1265625
0 0.646875 0.66328125 0.10703125 0.1484375
0 0.51484375 0.6296875 0.1078125 0.14609375
0 0.08046875 0.590625 0.1234375 0.1140625
0 0.63828125 0.2859375 0.0390625 0.04140625
0 0.59375 0.425 0.06796875 0.08046875
0 0.153125 0.48671875 0.1078125 0.0875
0 0.753125 0.29296875 0.03046875 0.0359375
0 0.790625 0.20703125 0.0203125 0.028125
0 0.71875 0.22578125 0.01796875 0.0265625
0 0.834375 0.1703125 0.01640625 0.0234375
0 0.740625 0.234375 0.02734375 0.03046875
0 0.853125 0.17890625 0.01484375 0.0140625
0 0.721875 0.31484375 0.02890625 0.034375
0 0.8328125 0.23515625 0.028125 0.03203125
0 0.86796875 0.165625 0.0109375 0.015625
0 0.88125 0.23828125 0.01796875 0.03203125
0 0.79375 0.18359375 0.01328125 0.01953125