2 0.75625 0.221875 0.04453125 0.059375
2 0.8046875 0.20078125 0.03203125 0.0515625
2 0.88203125 0.28828125 0.04375 0.065625
2 0.840625 0.23125 0.03828125 0.0515625
2 0.90625 0.22421875 0.05390625 0.090625
2 0.8765625 0.078125 0.02734375 0.04609375
2 0.86875 0.209375 0.028125 0.04296875
4 0.71015625 0.4609375 0.246875 0.453125
4 0.2296875 0.7765625 0.459375 0.44375
4 0.9390625 0.1640625 0.05859375 0.1109375
4 0.8234375 0.059375 0.03046875 0.021875
4 0.89375 0.1421875 0.06171875 0.1015625
4 0.25234375 0.01796875 0.0296875 0.028125
0 0.346875 0.3296875 0.07578125 0.07109375
0 0.58125 0.22109375 0.03828125 0.05
0 0.1421875 0.48046875 0.1328125 0.10859375
0 0.5625 0.50234375 0.06953125 0.1265625
0 0.846875 0.34765625 0.04375 0.08203125
0 0.6828125 0.28203125 0.04765625 0.04453125
0 0.803125 0.11328125 0.01953125 0.0234375
0 0.6109375 0.346875 0.06640625 0.1
0 0.8203125 0.2625 0.03671875 0.053125
0 0.846875 0.10625 0.01640625 0.0234375
0 0.85625 0.1578125 0.0171875 0.0375
0 0.971875 0.1609375 0.0140625 0.05
0 0.909375 0.0828125 0.01171875 0.01796875
0 0.8265625 0.1 0.0140625 0.021875