2 0.559375 0.7546875 0.18203125 0.32109375
2 0.15 0.32734375 0.13359375 0.159375
2 0.0375 0.3296875 0.07421875 0.15390625
2 0.2515625 0.47265625 0.0796875 0.1984375
2 0.7140625 0.2609375 0.078125 0.1140625
2 0.753125 0.22734375 0.0734375 0.1265625
4 0.2890625 0.109375 0.1859375 0.21796875
4 0.409375 0.509375 0.29609375 0.571875
4 0.6359375 0.59609375 0.20078125 0.34453125
4 0.8640625 0.20546875 0.1578125 0.31640625
4 0.62421875 0.040625 0.0515625 0.08125
4 0.9609375 0.09375 0.075 0.1875
4 0.5796875 0.03515625 0.046875 0.0703125
0 0.0984375 0.6734375 0.18046875 0.20859375
0 0.10625 0.9203125 0.2125 0.15625
0 0.6125 0.1 0.05078125 0.0609375
0 0.49921875 0.15625 0.065625 0.084375
0 0.78046875 0.453125 0.0921875 0.14609375
0 0.7515625 0.0328125 0.0359375 0.04609375
0 0.68125 0.328125 0.084375 0.12109375
0 0.5703125 0.309375 0.03046875 0.10546875
0 0.621875 0.225 0.0765625 0.103125
0 0.6671875 0.20390625 0.0625 0.09140625
0 0.596875 0.40703125 0.08359375 0.103125
0 0.7328125 0.146875 0.04921875 0.0515625
0 0.85859375 0.0390625 0.0484375 0.0359375
0 0.70078125 0.171875 0.046875 0.07109375
0 0.56484375 0.43515625 0.0234375 0.084375
0 0.73828125 0.0109375 0.0265625 0.021875
0 0.88828125 0.03125 0.028125 0.0375
0 0.915625 0.03203125 0.02109375 0.0390625
0 0.7796875 0.1421875 0.04375 0.0734375
0 0.278125 0.36328125 0.03359375 0.04609375
0 0.8109375 0.0078125 0.03671875 0.015625
0 0.75625 0.121875 0.040625 0.053125