1 0.6625 0.54375 0.271875 0.509375
2 0.89140625 0.1640625 0.053125 0.08359375
2 0.20546875 0.86875 0.303125 0.25703125
2 0.90859375 0.1390625 0.04375 0.078125
4 0.06875 0.2875 0.1375 0.2625
4 0.68125 0.06328125 0.0875 0.1265625
4 0.3265625 0.72421875 0.54296875 0.5484375
4 0.94375 0.0796875 0.07734375 0.14296875
4 0.85546875 0.015625 0.0421875 0.03046875
4 0.9921875 0.0796875 0.01484375 0.12890625
0 0.44921875 0.4234375 0.1171875 0.08359375
0 0.26328125 0.559375 0.11875 0.0984375
0 0.559375 0.36015625 0.0890625 0.10390625
0 0.8125 0.16328125 0.05 0.0625
0 0.66796875 0.284375 0.06875 0.06953125
0 0.825 0.38671875 0.059375 0.1125
0 0.046875 0.809375 0.09375 0.21953125
0 0.75078125 0.2109375 0.0546875 0.071875
0 0.871875 0.325 0.06796875 0.103125
0 0.0296875 0.69296875 0.059375 0.08046875
0 0.6953125 0.10859375 0.0375 0.04140625
0 0.90859375 0.26953125 0.0609375 0.0890625
0 0.953125 0.209375 0.04609375 0.071875
0 0.9640625 0.175 0.0421875 0.053125
0 0.8375 0.05859375 0.028125 0.0390625
0 0.90234375 0.0125 0.0171875 0.025
0 0.86953125 0.04609375 0.0265625 0.03046875
0 0.8640625 0.121875 0.0359375 0.046875
0 0.9328125 0.2890625 0.04296875 0.05546875
0 0.6140625 0.1796875 0.0546875 0.059375
0 0.8921875 0.09375 0.02890625 0.04296875
0 0.8453125 0.034375 0.02265625 0.034375
0 0.98125 0.09375 0.01171875 0.02890625
0 0.865625 0.01484375 0.0203125 0.02890625