2 0.54375 0.36328125 0.0328125 0.04296875
2 0.68671875 0.34453125 0.0328125 0.04453125
2 0.7265625 0.43125 0.04140625 0.084375
4 0.5984375 0.5421875 0.22109375 0.3265625
4 0.7859375 0.47421875 0.11484375 0.22890625
4 0.6421875 0.30703125 0.07421875 0.0859375
4 0.821875 0.34296875 0.07265625 0.1
4 0.8859375 0.290625 0.03828125 0.0734375
4 0.74375 0.3640625 0.08203125 0.06640625
4 0.8625 0.3890625 0.04140625 0.08046875
4 0.921875 0.26484375 0.025 0.05390625
4 0.8890625 0.23203125 0.01875 0.0390625
0 0.21015625 0.53671875 0.0875 0.07890625
0 0.3953125 0.64765625 0.11796875 0.1265625
0 0.6734375 0.684375 0.08671875 0.13203125
0 0.24375 0.921875 0.19921875 0.15390625
0 0.48203125 0.44765625 0.059375 0.05703125
0 0.571875 0.37734375 0.03984375 0.040625
0 0.78125 0.30234375 0.01640625 0.02109375
0 0.859375 0.30078125 0.01875 0.034375
0 0.9046875 0.35078125 0.025 0.034375
0 0.8140625 0.278125 0.01640625 0.03359375
0 0.84375 0.271875 0.01171875 0.01640625
0 0.8609375 0.26484375 0.01015625 0.015625
0 0.9015625 0.36171875 0.03828125 0.05703125