1 0.69375 0.45859375 0.165625 0.38046875
1 0.1171875 0.7421875 0.234375 0.50625
2 0.4140625 0.89765625 0.20546875 0.1984375
4 0.2140625 0.66484375 0.428125 0.66796875
4 0.515625 0.778125 0.26015625 0.4390625
4 0.3125 0.13125 0.18515625 0.20703125
4 0.3640625 0.1046875 0.08125 0.15390625
4 0.74609375 0.371875 0.2171875 0.43046875
4 0.884375 0.203125 0.12578125 0.275
4 0.959375 0.10703125 0.07265625 0.15546875
0 0.2328125 0.27109375 0.09140625 0.0859375
0 0.46640625 0.2078125 0.0671875 0.0765625
0 0.4890625 0.359375 0.0984375 0.1390625
0 0.025 0.45625 0.05 0.125
0 0.60546875 0.2765625 0.0734375 0.096875
0 0.60625 0.134375 0.05234375 0.0609375
0 0.746875 0.0296875 0.03203125 0.0375
0 0.81328125 0.02578125 0.028125 0.0375
0 0.5703125 0.11328125 0.04609375 0.059375
0 0.575 0.45 0.09453125 0.1390625
0 0.7203125 0.06796875 0.03671875 0.053125
0 0.6703125 0.690625 0.06171875 0.2
0 0.478125 0.53828125 0.11171875 0.16796875
0 0.6921875 0.053125 0.03203125 0.0484375
0 0.0140625 0.5921875 0.028125 0.1125
0 0.7203125 0.16875 0.04296875 0.03203125
0 0.7609375 0.140625 0.04140625 0.04140625
0 0.80234375 0.11015625 0.0515625 0.04609375
0 0.8734375 0.00546875 0.02421875 0.0109375
0 0.88828125 0.04921875 0.0359375 0.040625
0 0.8015625 0.14296875 0.04609375 0.04140625
0 0.878125 0.265625 0.05390625 0.146875
0 0.9359375 0.01328125 0.02421875 0.0265625
0 0.83046875 0.0828125 0.040625 0.034375
0 0.909375 0.0421875 0.03203125 0.04609375
0 0.85703125 0.06171875 0.0296875 0.0265625
0 0.8203125 0.0078125 0.025 0.015625
0 0.66328125 0.20234375 0.0484375 0.0375