4 0.265625 0.66953125 0.53125 0.65546875
4 0.6828125 0.48125 0.26484375 0.4875
4 0.484375 0.18828125 0.140625 0.165625
4 0.8328125 0.3171875 0.1265625 0.2875
4 0.6859375 0.25546875 0.1734375 0.14140625
4 0.859375 0.071875 0.0265625 0.046875
4 0.940625 0.1578125 0.06171875 0.10390625
4 0.9359375 0.11015625 0.05859375 0.084375
4 0.8078125 0.09375 0.04453125 0.08203125
4 0.9078125 0.215625 0.06171875 0.0984375
4 0.77109375 0.096875 0.0328125 0.07109375
4 0.71875 0.134375 0.02890625 0.04296875
4 0.9765625 0.084375 0.02578125 0.05546875
4 0.8296875 0.05625 0.02109375 0.02109375
4 0.5453125 0.1828125 0.01875 0.109375
0 0.5703125 0.23046875 0.04609375 0.046875
0 0.4390625 0.909375 0.19921875 0.178125
0 0.3046875 0.3515625 0.075 0.075
0 0.0140625 0.50546875 0.02734375 0.0609375
0 0.68515625 0.18671875 0.0375 0.0375
0 0.7796875 0.15078125 0.0265625 0.03203125
0 0.3140625 0.3796875 0.05703125 0.0484375
0 0.5546875 0.409375 0.053125 0.09609375
0 0.840625 0.16953125 0.02890625 0.03046875
0 0.85 0.115625 0.01796875 0.0265625
0 0.8984375 0.128125 0.01796875 0.034375
0 0.97578125 0.14921875 0.0140625 0.040625
0 0.903125 0.265625 0.02265625 0.04453125
0 0.9 0.16796875 0.0265625 0.021875
0 0.79375 0.2015625 0.02734375 0.021875
0 0.9296875 0.0671875 0.01171875 0.0125
0 0.98671875 0.125 0.0171875 0.021875
0 0.85625 0.09765625 0.01640625 0.0234375
0 0.70625 0.15390625 0.025 0.01640625