4 0.6984375 0.459375 0.2640625 0.4859375
4 0.3171875 0.2421875 0.19921875 0.2015625
4 0.53828125 0.4609375 0.315625 0.471875
4 0.18046875 0.70546875 0.3609375 0.5859375
4 0.8484375 0.2953125 0.128125 0.2875
4 0.36875 0.88046875 0.2109375 0.2359375
4 0.7640625 0.1921875 0.1375 0.1125
4 0.9609375 0.1296875 0.0625 0.10390625
4 0.921875 0.18828125 0.06015625 0.08203125
4 0.36796875 0.221875 0.1 0.1609375
0 0.3359375 0.3625 0.09921875 0.0859375
0 0.840625 0.103125 0.02109375 0.028125
0 0.7703125 0.1171875 0.02578125 0.03203125
0 0.8828125 0.13203125 0.02421875 0.03359375
0 0.8875 0.07890625 0.01640625 0.021875
0 0.9140625 0.109375 0.02109375 0.02890625
0 0.546875 0.815625 0.15234375 0.24609375
0 0.8546875 0.08359375 0.01484375 0.021875
0 0.915625 0.14765625 0.02890625 0.0234375
0 0.9171875 0.23828125 0.01953125 0.034375
0 0.92578125 0.13984375 0.0265625 0.0234375
0 0.9234375 0.0578125 0.01484375 0.0265625
0 0.9328125 0.046875 0.00859375 0.015625
0 0.9015625 0.053125 0.01015625 0.015625
0 0.8953125 0.0609375 0.01484375 0.021875
0 0.93125 0.1015625 0.01328125 0.021875
0 0.9515625 0.04296875 0.01171875 0.0140625
0 0.99296875 0.12890625 0.0125 0.0359375