0 0.426969 0.515250 0.031906 0.053750
0 0.474293 0.392472 0.012602 0.015750
0 0.440352 0.377125 0.010500 0.012444
0 0.447234 0.397424 0.014000 0.018208
0 0.326977 0.882556 0.097547 0.156944
0 0.279863 0.563278 0.049555 0.051250
0 0.333191 0.586167 0.045914 0.058222
1 0.558730 0.363306 0.017102 0.040444
1 0.418934 0.421542 0.028555 0.055250
0 0.461137 0.414576 0.014742 0.019875
0 0.566273 0.419674 0.018469 0.027986
0 0.548777 0.389951 0.013023 0.017625
0 0.448105 0.464243 0.023789 0.033347
0 0.392258 0.486382 0.028000 0.038819
0 0.456082 0.435132 0.020711 0.026875
0 0.377719 0.438861 0.026844 0.043306
