1 0.53203125 0.6171875 0.209375 0.30703125
2 0.5171875 0.878125 0.15546875 0.2390625
4 0.47734375 0.41015625 0.1078125 0.1265625
4 0.76328125 0.4125 0.071875 0.13359375
4 0.590625 0.7609375 0.09453125 0.2
4 0.81875 0.37265625 0.04296875 0.09609375
4 0.8078125 0.3046875 0.01953125 0.04296875
4 0.203125 0.89453125 0.40546875 0.20859375
4 0.7640625 0.2953125 0.01640625 0.01796875
4 0.87890625 0.34140625 0.0328125 0.06953125
4 0.8484375 0.34296875 0.03125 0.06953125
0 0.69453125 0.65625 0.071875 0.10390625
0 0.38984375 0.6890625 0.1 0.121875
0 0.6421875 0.3859375 0.02890625 0.03359375
0 0.65 0.5625 0.0328125 0.09140625
0 0.503125 0.4515625 0.04296875 0.04453125
0 0.4390625 0.596875 0.02421875 0.06953125
0 0.725 0.415625 0.01015625 0.03203125