0 0.034563 0.921069 0.065906 0.157861
0 0.564918 0.426854 0.017914 0.029208
0 0.624281 0.457014 0.023906 0.039194
0 0.910434 0.808840 0.102648 0.151931
3 0.404480 0.406799 0.014680 0.028014
0 0.534617 0.408715 0.013469 0.018292
0 0.554949 0.400007 0.013477 0.016542
0 0.386457 0.501347 0.030148 0.042000
4 0.409988 0.447840 0.025258 0.051847
1 0.376953 0.420889 0.052641 0.093583
1 0.251254 0.541215 0.148258 0.208181
0 0.694891 0.562465 0.051609 0.066319
0 0.596969 0.580431 0.042281 0.074611
0 0.462770 0.420597 0.015977 0.023444
0 0.431246 0.419257 0.018133 0.020764
0 0.447336 0.463965 0.018781 0.032653
0 0.344336 0.488083 0.028594 0.040889
0 0.416164 0.554917 0.038141 0.051667
0 0.273816 0.700549 0.074664 0.098458
0 0.293152 0.983229 0.091852 0.033542
