0 0.359035 0.461042 0.033445 0.046667
0 0.552160 0.391743 0.015242 0.020764
0 0.441910 0.408153 0.016539 0.022139
1 0.404652 0.439729 0.032258 0.062792
0 0.454496 0.429431 0.015242 0.024083
0 0.448777 0.457278 0.024977 0.033111
0 0.434984 0.384569 0.012359 0.013222
0 0.471141 0.400972 0.013297 0.017833
0 0.205191 0.650403 0.077898 0.080528
0 0.261875 0.707521 0.073656 0.091069
0 0.437141 0.498292 0.027937 0.041389
0 0.405180 0.578819 0.045297 0.071500
0 0.365383 0.525014 0.035141 0.046667
0 0.769094 0.631958 0.068078 0.093917
