1 0.20859375 0.72421875 0.2328125 0.5015625
2 0.05390625 0.71015625 0.1078125 0.26796875
4 0.725 0.4359375 0.23828125 0.48359375
4 0.028125 0.2765625 0.05625 0.265625
4 0.2875 0.6546875 0.38984375 0.6515625
4 0.47109375 0.79765625 0.321875 0.4015625
4 0.759375 0.0296875 0.05546875 0.059375
4 0.95546875 0.134375 0.065625 0.1484375
4 0.8828125 0.1890625 0.1203125 0.18359375
0 0.05703125 0.4578125 0.1140625 0.1265625
0 0.6421875 0.109375 0.04140625 0.046875
0 0.5171875 0.375 0.0765625 0.13046875
0 0.7203125 0.1078125 0.03671875 0.04609375
0 0.3484375 0.29921875 0.08359375 0.0734375
0 0.325 0.25546875 0.075 0.0859375
0 0.6609375 0.721875 0.065625 0.1984375
0 0.5765625 0.46953125 0.07578125 0.13359375
0 0.51328125 0.5328125 0.0703125 0.134375
0 0.61015625 0.2953125 0.059375 0.090625
0 0.803125 0.06015625 0.03046875 0.040625
0 0.5625 0.1828125 0.05234375 0.07109375
0 0.40625 0.92109375 0.1953125 0.15546875
0 0.8390625 0.04296875 0.02421875 0.03359375
0 0.55625 0.15 0.0515625 0.0640625
0 0.0953125 0.56640625 0.09140625 0.125
0 0.74375 0.0703125 0.02890625 0.034375
0 0.878125 0.02109375 0.021875 0.028125
0 0.76484375 0.17265625 0.0375 0.0484375
0 0.8296875 0.028125 0.0171875 0.0265625
0 0.790625 0.046875 0.02421875 0.03359375
0 0.725 0.19375 0.04765625 0.03203125
0 0.67265625 0.22421875 0.053125 0.034375
0 0.95625 0.01484375 0.0390625 0.02890625
0 0.89375 0.078125 0.02890625 0.0375
0 0.92109375 0.078125 0.0296875 0.0390625
0 0.87734375 0.084375 0.03125 0.02890625
0 0.9046875 0.009375 0.01796875 0.01796875
0 0.809375 0.15 0.03671875 0.04140625
0 0.7984375 0.1796875 0.05390625 0.04296875
0 0.990625 0.11015625 0.0171875 0.059375