0 0.552715 0.363812 0.009055 0.013208
0 0.520648 0.367028 0.009422 0.014500
4 0.541391 0.369285 0.010328 0.024153
0 0.336316 0.915049 0.101945 0.155347
0 0.218262 0.785604 0.102852 0.118125
0 0.405762 0.622972 0.055523 0.084139
0 0.253309 0.594660 0.056430 0.069569
0 0.340684 0.550160 0.045508 0.074431
0 0.430797 0.525076 0.029125 0.059875
0 0.316109 0.509708 0.032766 0.048556
2 0.379824 0.568771 0.027305 0.066347
0 0.393449 0.429153 0.020039 0.025389
0 0.424684 0.428771 0.015992 0.026903
0 0.449203 0.440521 0.019406 0.026153
0 0.465941 0.415507 0.017055 0.029931
0 0.439715 0.410764 0.018336 0.021222
4 0.460074 0.376090 0.013430 0.026903
3 0.453996 0.366049 0.005117 0.022736
3 0.406672 0.458146 0.029422 0.051542
3 0.366059 0.452840 0.030914 0.046236
1 0.441207 0.365292 0.021320 0.047000
1 0.413277 0.386132 0.031977 0.061403
0 0.485660 0.367937 0.008320 0.011375
0 0.467004 0.372111 0.004695 0.015167
0 0.479371 0.375333 0.012367 0.009472
0 0.476281 0.387653 0.013859 0.015917
0 0.452613 0.388785 0.014711 0.022736
0 0.433957 0.387458 0.009383 0.019333
0 0.711590 0.934465 0.131977 0.124597
0 0.891355 0.929611 0.156555 0.140778
0 0.692020 0.529125 0.049148 0.064722
0 0.636500 0.542076 0.047328 0.067958
0 0.558059 0.503264 0.030258 0.049917
0 0.624180 0.456722 0.024812 0.039278
0 0.538586 0.426771 0.021016 0.033486
0 0.588313 0.412924 0.018656 0.027042
0 0.576355 0.398431 0.015039 0.023833
0 0.550719 0.396340 0.015219 0.024792
0 0.526902 0.381840 0.011414 0.020292
