1 0.5515625 0.63203125 0.2109375 0.396875
2 0.7078125 0.115625 0.07578125 0.10390625
2 0.83515625 0.2125 0.08125 0.125
4 0.6078125 0.5171875 0.3234375 0.63203125
4 0.4734375 0.0953125 0.2 0.190625
4 0.065625 0.4421875 0.13125 0.284375
0 0.2515625 0.68515625 0.190625 0.24296875
0 0.725 0.84765625 0.190625 0.27109375
0 0.3890625 0.8796875 0.2375 0.2375
0 0.0171875 0.89453125 0.03359375 0.20859375
0 0.8125 0.428125 0.10390625 0.1609375
0 0.78125 0.08203125 0.06015625 0.071875
0 0.60703125 0.171875 0.084375 0.084375
0 0.90546875 0.32578125 0.1 0.134375
0 0.978125 0.41015625 0.04140625 0.2015625
0 0.884375 0.03046875 0.04921875 0.0609375
0 0.44765625 0.50625 0.0578125 0.1734375
0 0.6046875 0.11953125 0.0734375 0.08046875
0 0.8015625 0.2609375 0.075 0.11640625
0 0.171875 0.978125 0.15546875 0.040625
0 0.87734375 0.19140625 0.0640625 0.1
0 0.9125 0.165625 0.06171875 0.0984375
0 0.77578125 0.2890625 0.028125 0.125
0 0.75625 0.5046875 0.0375 0.140625
0 0.98125 0.0921875 0.03515625 0.065625
0 0.96015625 0.12734375 0.0625 0.0765625
0 0.9765625 0.1671875 0.04609375 0.0875
0 0.775 0.01953125 0.034375 0.0390625
0 0.953125 0.2421875 0.09140625 0.140625
0 0.81328125 0.028125 0.0515625 0.05625
0 0.88125 0.0125 0.05 0.025