2 0.2234375 0.4578125 0.1015625 0.115625
2 0.62421875 0.3546875 0.0515625 0.084375
4 0.2703125 0.3171875 0.16328125 0.1875
4 0.5265625 0.228125 0.08046875 0.1234375
4 0.61015625 0.26484375 0.040625 0.059375
4 0.6421875 0.20625 0.040625 0.0515625
4 0.63359375 0.15546875 0.04375 0.03359375
4 0.85390625 0.26484375 0.0609375 0.140625
4 0.725 0.1625 0.03515625 0.0609375
4 0.82265625 0.23046875 0.0609375 0.1109375
4 0.5546875 0.27265625 0.0453125 0.05390625
0 0.33125 0.79921875 0.14453125 0.1875
0 0.1921875 0.7265625 0.13515625 0.15859375
0 0.475 0.3125 0.04453125 0.05
0 0.5671875 0.5453125 0.08359375 0.1125
0 0.45625 0.5 0.07890625 0.1
0 0.4359375 0.92421875 0.16328125 0.1484375
0 0.7640625 0.3140625 0.0390625 0.053125
0 0.75078125 0.43671875 0.0578125 0.0875
0 0.6921875 0.309375 0.0390625 0.053125
0 0.66953125 0.24140625 0.028125 0.0359375
0 0.71875 0.3671875 0.04765625 0.06796875
0 0.72890625 0.2796875 0.0328125 0.04296875
0 0.63203125 0.23671875 0.0296875 0.034375
0 0.76640625 0.2515625 0.0265625 0.0390625
0 0.7453125 0.20390625 0.01796875 0.028125
0 0.70703125 0.203125 0.0171875 0.028125
0 0.721875 0.21328125 0.0265625 0.0375
0 0.56640625 0.26875 0.021875 0.04609375
0 0.7921875 0.178125 0.0171875 0.025
0 0.465625 0.2015625 0.01953125 0.03046875
0 0.78515625 0.240625 0.0171875 0.025