1 0.7609375 0.35234375 0.1296875 0.2484375
2 0.56171875 0.4640625 0.10625 0.16953125
2 0.86171875 0.221875 0.0546875 0.10703125
2 0.690625 0.24921875 0.05 0.06796875
2 0.725 0.22109375 0.0421875 0.0609375
2 0.75 0.1234375 0.028125 0.03359375
2 0.90859375 0.16328125 0.0453125 0.08203125
4 0.265625 0.75 0.53125 0.496875
4 0.65546875 0.09765625 0.0671875 0.10390625
4 0.81171875 0.053125 0.025 0.0484375
4 0.921875 0.140625 0.07109375 0.13046875
4 0.609375 0.1484375 0.04765625 0.0859375
4 0.7703125 0.03515625 0.0234375 0.0234375
4 0.83359375 0.07265625 0.028125 0.034375
0 0.5828125 0.69140625 0.11328125 0.18046875
0 0.04375 0.434375 0.0875 0.1125
0 0.42421875 0.2578125 0.05625 0.059375
0 0.55 0.2296875 0.04921875 0.05703125
0 0.3125 0.2765625 0.06015625 0.0640625
0 0.05703125 0.69609375 0.1140625 0.128125
0 0.371875 0.31640625 0.0765625 0.09140625
0 0.35859375 0.4921875 0.115625 0.090625
0 0.64765625 0.38359375 0.0734375 0.09453125
0 0.578125 0.346875 0.06640625 0.075
0 0.64921875 0.178125 0.0375 0.04609375
0 0.634375 0.296875 0.0640625 0.075
0 0.57421875 0.159375 0.028125 0.04296875
0 0.7234375 0.11875 0.021875 0.0265625
0 0.82578125 0.32734375 0.0140625 0.08203125
0 0.7734375 0.09375 0.01328125 0.0234375
0 0.840625 0.18515625 0.0296875 0.04609375
0 0.76796875 0.1921875 0.0234375 0.04609375
0 0.7828125 0.1828125 0.0296875 0.04609375
0 0.86328125 0.15390625 0.028125 0.03359375