2 0.584375 0.2578125 0.05234375 0.07109375
2 0.7734375 0.2375 0.04375 0.06953125
2 0.6859375 0.20703125 0.04140625 0.053125
4 0.71015625 0.13046875 0.05625 0.09453125
4 0.8546875 0.278125 0.1046875 0.21640625
4 0.134375 0.7890625 0.26875 0.41875
4 0.765625 0.08828125 0.034375 0.0265625
4 0.7765625 0.15546875 0.03046875 0.053125
4 0.784375 0.11171875 0.03046875 0.0484375
4 0.9296875 0.18125 0.06640625 0.14609375
0 0.2046875 0.46796875 0.10625 0.096875
0 0.58359375 0.525 0.0953125 0.1390625
0 0.425 0.69453125 0.12734375 0.175
0 0.46953125 0.33203125 0.06875 0.06953125
0 0.4046875 0.56171875 0.09921875 0.1265625
0 0.2859375 0.378125 0.08203125 0.078125
0 0.690625 0.4078125 0.06484375 0.090625
0 0.8140625 0.40234375 0.05703125 0.0875
0 0.553125 0.43359375 0.07578125 0.096875
0 0.6328125 0.3625 0.06171875 0.08046875
0 0.71328125 0.290625 0.05 0.0640625
0 0.3375 0.96953125 0.14453125 0.05859375
0 0.778125 0.30859375 0.04609375 0.06953125
0 0.6546875 0.20546875 0.02890625 0.0390625
0 0.728125 0.1703125 0.02734375 0.034375
0 0.809375 0.134375 0.021875 0.025
0 0.803125 0.27109375 0.0171875 0.05859375
0 0.84609375 0.12734375 0.0171875 0.0265625
0 0.878125 0.11484375 0.01328125 0.02109375
0 0.85625 0.11015625 0.01328125 0.02109375
0 0.90078125 0.096875 0.0125 0.01640625
0 0.6125 0.1125 0.015625 0.01640625
0 0.2421875 0.90625 0.05703125 0.18203125
0 0.86796875 0.16171875 0.025 0.0265625
0 0.8875 0.14375 0.02578125 0.0515625
0 0.90703125 0.140625 0.015625 0.0390625
0 0.9140625 0.0890625 0.01171875 0.01640625
0 0.9703125 0.11640625 0.02421875 0.028125
0 0.8390625 0.171875 0.02421875 0.0234375
0 0.94921875 0.1 0.0234375 0.03359375