2 0.540625 0.775 0.12734375 0.1890625
2 0.07109375 0.8046875 0.1421875 0.3484375
2 0.653125 0.31875 0.0484375 0.07890625
2 0.7765625 0.38984375 0.05390625 0.07890625
2 0.6953125 0.2140625 0.02890625 0.04140625
2 0.859375 0.25390625 0.04609375 0.096875
2 0.77734375 0.2296875 0.028125 0.040625
4 0.109375 0.36015625 0.21796875 0.24609375
4 0.4734375 0.23125 0.096875 0.1375
4 0.6125 0.203125 0.046875 0.05859375
4 0.55546875 0.28046875 0.0484375 0.06640625
4 0.7125 0.153125 0.0359375 0.06796875
4 0.49140625 0.28828125 0.05625 0.059375
4 0.878125 0.153125 0.028125 0.04609375
4 0.6390625 0.13984375 0.04375 0.03203125
0 0.3875 0.34296875 0.05546875 0.05859375
0 0.3359375 0.59609375 0.10546875 0.128125
0 0.44375 0.6578125 0.11328125 0.1484375
0 0.52265625 0.434375 0.0671875 0.0890625
0 0.625 0.46796875 0.06953125 0.09453125
0 0.7140625 0.28125 0.0375 0.0484375
0 0.75078125 0.3234375 0.04375 0.0609375
0 0.59609375 0.24140625 0.03125 0.0390625
0 0.78359375 0.2828125 0.0359375 0.0484375
0 0.63125 0.25 0.03359375 0.04140625
0 0.725 0.203125 0.02265625 0.03359375
0 0.7828125 0.1703125 0.0171875 0.0265625
0 0.684375 0.2 0.0203125 0.03046875
0 0.80546875 0.45625 0.034375 0.05390625
0 0.80625 0.146875 0.01796875 0.03359375
0 0.74375 0.25546875 0.03203125 0.04140625
0 0.82109375 0.24140625 0.03125 0.04140625
0 0.89921875 0.30546875 0.0640625 0.05859375