0 0.221594 0.628326 0.075375 0.085847
0 0.272926 0.695500 0.077211 0.089167
0 0.343469 0.806736 0.079078 0.117778
0 0.581379 0.587257 0.041992 0.072236
1 0.813402 0.627069 0.207523 0.319333
0 0.412078 0.606674 0.046656 0.067181
0 0.388203 0.494069 0.029969 0.041472
1 0.676262 0.570889 0.123352 0.253694
3 0.575215 0.390819 0.014258 0.028806
0 0.438746 0.500542 0.030289 0.050972
0 0.411316 0.409944 0.015258 0.018250
0 0.440328 0.409472 0.015391 0.017833
3 0.415832 0.442028 0.020992 0.030694
3 0.469723 0.392681 0.011664 0.017417
3 0.312797 0.515854 0.046063 0.062208
0 0.458293 0.431458 0.018664 0.024472
0 0.378508 0.448458 0.021922 0.031111
0 0.581340 0.459250 0.020898 0.036000
0 0.527992 0.402479 0.014094 0.021597
0 0.548484 0.387076 0.010687 0.016125
0 0.545375 0.466882 0.021875 0.027069
