2 0.44609375 0.4765625 0.1 0.13359375
4 0.70625 0.12421875 0.05234375 0.08203125
4 0.82265625 0.3578125 0.1171875 0.1625
4 0.85 0.18828125 0.08984375 0.1515625
4 0.92578125 0.1953125 0.071875 0.1515625
4 0.040625 0.784375 0.08046875 0.2640625
4 0.8265625 0.05859375 0.03046875 0.021875
4 0.9796875 0.1125 0.0390625 0.0890625
0 0.1890625 0.44609375 0.10078125 0.096875
0 0.59453125 0.49375 0.1 0.1234375
0 0.66640625 0.603125 0.1015625 0.15703125
0 0.6703125 0.32421875 0.06171875 0.0765625
0 0.7703125 0.13828125 0.02265625 0.02890625
0 0.7296875 0.3453125 0.0609375 0.08203125
0 0.43125 0.25703125 0.0546875 0.0640625
0 0.7359375 0.2609375 0.0484375 0.0640625
0 0.84375 0.09453125 0.01484375 0.01953125
0 0.859375 0.10546875 0.01796875 0.01640625
0 0.81015625 0.27109375 0.04375 0.046875
0 0.93359375 0.06875 0.0171875 0.0234375
0 0.9703125 0.15859375 0.021875 0.05
0 0.790625 0.284375 0.02421875 0.0265625
0 0.80625 0.1984375 0.01171875 0.0390625
0 0.91640625 0.0765625 0.0171875 0.025
0 0.90078125 0.08515625 0.0140625 0.015625