0 0.570250 0.388736 0.013531 0.017639
0 0.555516 0.500472 0.029172 0.051861
0 0.348152 0.838840 0.094289 0.143681
0 0.679266 0.921188 0.102250 0.157625
0 0.612805 0.438451 0.024062 0.035819
0 0.571906 0.431236 0.016844 0.027806
0 0.552961 0.398889 0.014438 0.019778
0 0.748137 0.764049 0.086617 0.150236
0 0.441762 0.493493 0.029570 0.041431
0 0.588445 0.417604 0.018047 0.022986
1 0.543246 0.372965 0.012336 0.023514
1 0.466711 0.363875 0.013234 0.025667
1 0.365516 0.457701 0.030375 0.044375
0 0.476848 0.380326 0.010023 0.014708
0 0.452289 0.392132 0.011031 0.016042
0 0.426602 0.392354 0.012281 0.016486
0 0.467199 0.405722 0.014289 0.020944
0 0.403547 0.418861 0.018297 0.024944
0 0.415574 0.445597 0.022305 0.032083
0 0.453168 0.445819 0.021805 0.036083
0 0.323348 0.510646 0.040852 0.049014
0 0.367832 0.531139 0.040102 0.049000
0 0.424094 0.548285 0.033828 0.049458
0 0.103074 0.958667 0.147414 0.082667
