4 0.455562 0.382986 0.015000 0.029444
3 0.447953 0.369063 0.004250 0.019097
3 0.388297 0.487257 0.034922 0.056514
4 0.537555 0.361826 0.011656 0.019347
0 0.524793 0.369535 0.009977 0.014514
0 0.473363 0.395125 0.013430 0.015528
2 0.287441 0.759708 0.048242 0.111639
0 0.163656 0.702264 0.097391 0.113278
0 0.356160 0.793687 0.091023 0.131069
0 0.291992 0.651299 0.060984 0.105181
0 0.270145 0.567153 0.040961 0.066333
0 0.410770 0.593847 0.049148 0.077667
0 0.377773 0.447861 0.025516 0.032639
0 0.414934 0.449847 0.025523 0.032639
0 0.442246 0.464174 0.025523 0.035014
0 0.458699 0.434521 0.019477 0.029847
0 0.430156 0.425174 0.019250 0.024681
0 0.542867 0.379556 0.011922 0.019806
0 0.529199 0.394875 0.015680 0.021889
0 0.563594 0.381861 0.009328 0.018889
0 0.570266 0.391076 0.012563 0.020264
0 0.592746 0.416069 0.018398 0.023722
0 0.538719 0.431035 0.017875 0.030625
0 0.579855 0.450958 0.026039 0.038222
0 0.622285 0.451535 0.025133 0.037542
0 0.570965 0.543687 0.041867 0.061486
0 0.631492 0.546118 0.037313 0.063097
0 0.977078 0.939319 0.045844 0.114889
0 0.621480 0.692556 0.062805 0.113278
3 0.343187 0.477111 0.036484 0.048944
1 0.435305 0.368660 0.024172 0.050153
1 0.402398 0.396125 0.037156 0.066861
0 0.467094 0.364681 0.008062 0.013528
0 0.483437 0.372049 0.011641 0.013931
0 0.463734 0.376819 0.004922 0.013139
0 0.476609 0.384778 0.010969 0.014722
0 0.426016 0.395528 0.011859 0.019500
0 0.446387 0.394931 0.014992 0.018306
