0 0.455227 0.380750 0.011312 0.015722
1 0.391941 0.458424 0.037586 0.074403
1 0.450367 0.361285 0.014359 0.027319
0 0.441375 0.376236 0.008844 0.013417
0 0.475750 0.388354 0.012906 0.017542
0 0.468277 0.406792 0.014211 0.020889
0 0.448410 0.393000 0.013055 0.020111
0 0.429699 0.390167 0.012180 0.016500
0 0.435648 0.414778 0.016828 0.021917
0 0.452324 0.445208 0.019727 0.028611
0 0.443844 0.477819 0.028281 0.037639
0 0.424918 0.535188 0.034805 0.051819
0 0.343336 0.477951 0.039016 0.063681
0 0.338258 0.572576 0.044812 0.060597
0 0.379957 0.660368 0.058008 0.099014
0 0.160195 0.895389 0.118656 0.153194
0 0.114512 0.757965 0.116492 0.113931
0 0.850711 0.734097 0.087047 0.124722
0 0.670988 0.515833 0.040273 0.051583
0 0.546055 0.379139 0.012703 0.020111
