2 0.13984375 0.7953125 0.1859375 0.20703125
4 0.55625 0.5125 0.2828125 0.421875
4 0.671875 0.20703125 0.06640625 0.0890625
4 0.76015625 0.353125 0.134375 0.24453125
4 0.93046875 0.26875 0.075 0.159375
4 0.85 0.35859375 0.12265625 0.25859375
4 0.9515625 0.11171875 0.01484375 0.034375
4 0.809375 0.1328125 0.03203125 0.0234375
4 0.8796875 0.134375 0.02109375 0.040625
4 0.86328125 0.2125 0.075 0.05859375
4 0.990625 0.13828125 0.01640625 0.05703125
0 0.109375 0.93984375 0.2046875 0.11796875
0 0.675 0.27578125 0.0375 0.04296875
0 0.4921875 0.91796875 0.18359375 0.1609375
0 0.80625 0.1953125 0.0203125 0.0265625
0 0.7546875 0.2328125 0.02578125 0.0234375
0 0.93125 0.1359375 0.01328125 0.01953125
0 0.97890625 0.22734375 0.03125 0.034375
0 0.77109375 0.209375 0.021875 0.028125
0 0.3171875 0.97265625 0.16796875 0.0515625
0 0.83203125 0.196875 0.015625 0.0265625
0 0.86796875 0.17734375 0.0125 0.015625