4 0.458746 0.378132 0.014430 0.027514
2 0.363895 0.595472 0.019117 0.064722
0 0.311559 0.971681 0.109227 0.046917
0 0.176852 0.841424 0.120141 0.155347
0 0.395750 0.652917 0.060984 0.089000
0 0.237379 0.613271 0.075539 0.080903
0 0.332039 0.578479 0.055516 0.082514
0 0.428520 0.532368 0.037320 0.055014
0 0.307918 0.517799 0.038227 0.045319
0 0.391000 0.436306 0.021125 0.033083
3 0.451113 0.366986 0.005852 0.015611
3 0.363398 0.457681 0.031578 0.044611
3 0.401453 0.464375 0.029484 0.047583
0 0.424035 0.435194 0.019445 0.029361
0 0.447977 0.445604 0.017563 0.031597
0 0.463766 0.419403 0.016094 0.028250
0 0.436789 0.412889 0.016937 0.024167
0 0.432191 0.389292 0.007742 0.018583
0 0.451117 0.391889 0.012125 0.020806
0 0.475687 0.388917 0.011500 0.017833
0 0.479660 0.378326 0.010664 0.009292
0 0.465543 0.372188 0.005852 0.014875
0 0.485199 0.367917 0.009617 0.014500
1 0.411176 0.391521 0.032617 0.064681
1 0.439195 0.364382 0.021750 0.043875
4 0.540414 0.365167 0.012812 0.026194
0 0.525785 0.378458 0.011320 0.017083
0 0.549063 0.390229 0.013031 0.022403
0 0.571805 0.392125 0.013672 0.022389
0 0.580992 0.404653 0.015375 0.022389
0 0.535395 0.416417 0.021148 0.028472
0 0.614090 0.446229 0.021352 0.032653
0 0.551090 0.479632 0.027336 0.044042
0 0.615477 0.515514 0.038656 0.055056
0 0.671004 0.506590 0.039930 0.057708
0 0.766203 0.772653 0.126516 0.173139
0 0.641508 0.788028 0.101031 0.168278
