1 0.753125 0.384375 0.090625 0.20546875
1 0.703125 0.3546875 0.09140625 0.15703125
2 0.60625 0.40234375 0.05078125 0.06796875
2 0.6109375 0.28828125 0.03046875 0.0375
2 0.6640625 0.28515625 0.02578125 0.03203125
2 0.8328125 0.31015625 0.03515625 0.05703125
2 0.86015625 0.265625 0.0234375 0.0390625
2 0.5734375 0.28984375 0.028125 0.03203125
4 0.2203125 0.86875 0.2546875 0.259375
4 0.7234375 0.22265625 0.03984375 0.065625
4 0.84296875 0.17734375 0.0203125 0.034375
4 0.84453125 0.225 0.0375 0.0640625
4 0.8015625 0.1875 0.01953125 0.04453125
4 0.784375 0.19296875 0.02265625 0.0390625
4 0.74921875 0.20703125 0.01875 0.03359375
4 0.7921875 0.1890625 0.0390625 0.046875
4 0.753125 0.1828125 0.01640625 0.01796875
0 0.2921875 0.43671875 0.07421875 0.06796875
0 0.49765625 0.49921875 0.075 0.09296875
0 0.49140625 0.37421875 0.05 0.0515625
0 0.54609375 0.31875 0.0359375 0.0375
0 0.728125 0.2515625 0.02109375 0.025
0 0.65625 0.25390625 0.01796875 0.025
0 0.7546875 0.2375 0.0171875 0.021875
0 0.77890625 0.225 0.0140625 0.021875
0 0.8109375 0.20859375 0.009375 0.01640625
0 0.671875 0.2640625 0.02109375 0.025
0 0.5890625 0.2921875 0.01640625 0.0265625