0 0.524078 0.373465 0.010312 0.015708
4 0.538293 0.364437 0.011930 0.020681
3 0.397199 0.471097 0.031867 0.054306
3 0.449613 0.366396 0.004398 0.019153
4 0.457637 0.378312 0.015164 0.028903
0 0.420328 0.552590 0.042781 0.059875
0 0.293355 0.536410 0.034586 0.063097
0 0.385555 0.439646 0.023516 0.032819
0 0.418184 0.440625 0.021977 0.029306
0 0.445875 0.452736 0.023734 0.034778
0 0.463020 0.424993 0.015820 0.027736
0 0.435770 0.419333 0.019336 0.026556
0 0.428848 0.390028 0.011648 0.018750
0 0.316109 0.595465 0.040047 0.080903
0 0.213715 0.645632 0.070086 0.090625
0 0.112680 0.927993 0.141078 0.144014
2 0.341594 0.644014 0.025484 0.080917
0 0.577250 0.399257 0.013844 0.021208
0 0.532105 0.406062 0.015758 0.024347
0 0.603906 0.431854 0.017969 0.027236
0 0.545066 0.455944 0.022242 0.035611
0 0.646027 0.478986 0.030930 0.046083
0 0.596613 0.480167 0.027836 0.040056
0 0.597813 0.640778 0.064625 0.106806
0 0.688836 0.644014 0.064625 0.110028
0 0.722059 0.971681 0.094664 0.056639
0 0.449832 0.392181 0.009664 0.020694
0 0.473676 0.393153 0.012086 0.017972
0 0.478074 0.379681 0.011648 0.013667
0 0.465219 0.374014 0.003516 0.011722
0 0.484113 0.371861 0.009664 0.012111
0 0.380281 0.700646 0.071906 0.122986
1 0.407859 0.391007 0.033844 0.058208
1 0.437414 0.366396 0.020875 0.044931
3 0.354457 0.465625 0.034727 0.048056
0 0.569367 0.388264 0.013406 0.019111
0 0.545289 0.386424 0.012078 0.018069
