2 0.64140625 0.58984375 0.0953125 0.1625
2 0.6296875 0.2953125 0.034375 0.0515625
4 0.44375 0.57890625 0.31484375 0.446875
4 0.2625 0.36796875 0.21796875 0.20859375
4 0.7578125 0.3890625 0.10390625 0.20859375
4 0.81875 0.25546875 0.04375 0.078125
4 0.7703125 0.19453125 0.0234375 0.046875
0 0.315625 0.46484375 0.06328125 0.07109375
0 0.746875 0.23984375 0.01875 0.0265625
0 0.69453125 0.33515625 0.034375 0.04609375
0 0.6890625 0.40078125 0.040625 0.065625
0 0.759375 0.28515625 0.02421875 0.02890625
0 0.7734375 0.22734375 0.0171875 0.02109375
0 0.771875 0.2734375 0.01640625 0.028125
0 0.7953125 0.2921875 0.0234375 0.02109375
0 0.790625 0.2171875 0.01328125 0.01796875
0 0.840625 0.2515625 0.0078125 0.021875
0 0.76640625 0.209375 0.0140625 0.01796875
0 0.803125 0.20703125 0.01953125 0.01640625
0 0.84921875 0.2359375 0.0171875 0.021875