1 0.7984375 0.4 0.13359375 0.26640625
2 0.36640625 0.74375 0.1546875 0.2125
4 0.62734375 0.596875 0.2640625 0.49453125
4 0.31640625 0.27890625 0.2046875 0.20859375
4 0.54140625 0.22890625 0.0734375 0.1359375
4 0.73125 0.146875 0.0453125 0.07109375
4 0.8234375 0.12578125 0.02109375 0.034375
4 0.928125 0.20625 0.06640625 0.13203125
4 0.80625 0.09375 0.021875 0.0234375
4 0.57890625 0.39140625 0.071875 0.096875
4 0.95859375 0.165625 0.0515625 0.12109375
0 0.40078125 0.55859375 0.1203125 0.1359375
0 0.090625 0.83125 0.18046875 0.234375
0 0.14609375 0.9375 0.196875 0.121875
0 0.41171875 0.96328125 0.1609375 0.07109375
0 0.721875 0.30234375 0.04609375 0.059375
0 0.75234375 0.19375 0.03125 0.034375
0 0.671875 0.334375 0.0515625 0.04453125
0 0.846875 0.26171875 0.0390625 0.0484375
0 0.8390625 0.20703125 0.0296875 0.0359375
0 0.81171875 0.228125 0.03125 0.04140625
0 0.8671875 0.23515625 0.03359375 0.04609375
0 0.90390625 0.115625 0.0125 0.01640625
0 0.3296875 0.096875 0.01796875 0.01953125
0 0.7875 0.25625 0.0328125 0.0515625
0 0.86328125 0.1328125 0.0140625 0.02109375
0 0.8859375 0.2140625 0.0234375 0.0390625
0 0.80078125 0.27421875 0.053125 0.0515625
0 0.88125 0.175 0.025 0.03046875
0 0.89375 0.165625 0.01953125 0.03046875
0 0.8890625 0.12109375 0.01484375 0.021875
0 0.859375 0.18828125 0.0265625 0.03203125