1 0.1203125 0.66796875 0.240625 0.3703125
1 0.38671875 0.7609375 0.25625 0.471875
2 0.7875 0.19609375 0.03671875 0.0609375
2 0.80078125 0.26015625 0.046875 0.065625
2 0.1921875 0.79375 0.18046875 0.37890625
2 0.8171875 0.18203125 0.02734375 0.04453125
4 0.4953125 0.646875 0.47265625 0.703125
4 0.234375 0.71484375 0.26484375 0.540625
4 0.8765625 0.2421875 0.09765625 0.20390625
4 0.821875 0.03828125 0.02421875 0.0234375
0 0.53046875 0.25703125 0.0546875 0.05859375
0 0.18359375 0.4546875 0.1140625 0.0875
0 0.3046875 0.32734375 0.08515625 0.09296875
0 0.690625 0.18046875 0.03671875 0.04453125
0 0.8328125 0.3703125 0.06875 0.090625
0 0.75625 0.50546875 0.0640625 0.13046875
0 0.7546875 0.14375 0.03203125 0.034375
0 0.64609375 0.16875 0.0390625 0.0484375
0 0.678125 0.2796875 0.06015625 0.05703125
0 0.7484375 0.2390625 0.04921875 0.0609375
0 0.75546875 0.31640625 0.0515625 0.08046875
0 0.81328125 0.115625 0.0234375 0.02890625
0 0.80234375 0.10234375 0.01875 0.0265625
0 0.765625 0.1203125 0.025 0.02890625
0 0.8265625 0.1703125 0.02578125 0.0375
0 0.878125 0.08046875 0.0171875 0.025
0 0.91640625 0.0625 0.0140625 0.01953125
0 0.91953125 0.04765625 0.015625 0.015625
0 0.8734375 0.1328125 0.02265625 0.0234375
0 0.8265625 0.240625 0.015625 0.04296875