2 0.4796875 0.63515625 0.16484375 0.25390625
2 0.36640625 0.28984375 0.090625 0.10703125
2 0.48125 0.45859375 0.11171875 0.15546875
2 0.5875 0.37734375 0.084375 0.10390625
2 0.66875 0.4171875 0.10546875 0.1765625
4 0.4375 0.18046875 0.16796875 0.1890625
4 0.8125 0.4015625 0.20546875 0.4
4 0.9203125 0.27265625 0.1140625 0.23203125
4 0.8609375 0.0390625 0.04453125 0.06640625
4 0.79140625 0.228125 0.15625 0.2109375
4 0.9171875 0.10859375 0.0421875 0.075
4 0.97578125 0.165625 0.046875 0.146875
4 0.984375 0.065625 0.02890625 0.05859375
0 0.1 0.775 0.19921875 0.23046875
0 0.3421875 0.584375 0.13984375 0.1640625
0 0.0296875 0.5515625 0.059375 0.10859375
0 0.81796875 0.09296875 0.025 0.03359375
0 0.90703125 0.05234375 0.0203125 0.0265625
0 0.69453125 0.284375 0.05 0.1
0 0.9578125 0.0125 0.01328125 0.021875
0 0.88125 0.0609375 0.0234375 0.03359375
0 0.9875 0.01171875 0.01171875 0.01796875
0 0.87890625 0.15625 0.0234375 0.065625
0 0.946875 0.103125 0.02109375 0.0390625
0 0.9609375 0.08203125 0.02265625 0.025
0 0.9765625 0.078125 0.01328125 0.03046875
0 0.75390625 0.26171875 0.0796875 0.14296875