1 0.30390625 0.28203125 0.1109375 0.15859375
1 0.21015625 0.91875 0.2984375 0.15703125
2 0.20390625 0.70859375 0.15625 0.18359375
2 0.325 0.77890625 0.16875 0.2140625
2 0.540625 0.54921875 0.125 0.190625
2 0.7359375 0.371875 0.06171875 0.07890625
2 0.675 0.44140625 0.0734375 0.09453125
2 0.64765625 0.36171875 0.059375 0.07109375
2 0.725 0.296875 0.0484375 0.05859375
4 0.1796875 0.34765625 0.35859375 0.29609375
4 0.7265625 0.153125 0.05859375 0.08046875
4 0.8453125 0.3171875 0.11953125 0.2375
4 0.9078125 0.21171875 0.1171875 0.15390625
4 0.93125 0.0796875 0.0359375 0.040625
4 0.7984375 0.096875 0.03125 0.0234375
0 0.2640625 0.45546875 0.09609375 0.09453125
0 0.559375 0.296875 0.05390625 0.05390625
0 0.66796875 0.21484375 0.0296875 0.034375
0 0.0203125 0.528125 0.040625 0.08359375
0 0.73515625 0.209375 0.028125 0.028125
0 0.521875 0.4703125 0.07734375 0.09296875
0 0.7859375 0.1734375 0.02734375 0.0359375
0 0.8375 0.15 0.0203125 0.028125
0 0.775 0.3234375 0.03515625 0.05546875
0 0.85625 0.12890625 0.01484375 0.01953125
0 0.78203125 0.25546875 0.0359375 0.046875
0 0.88125 0.13046875 0.0125 0.01953125
0 0.8390625 0.18984375 0.02578125 0.0265625
0 0.92109375 0.1 0.0140625 0.021875
0 0.73984375 0.1796875 0.0265625 0.0265625
0 0.884375 0.115625 0.01171875 0.01640625
0 0.8140625 0.21328125 0.04140625 0.03203125
0 0.8234375 0.2078125 0.02265625 0.01796875