0 0.022094 0.929924 0.044188 0.107486
0 0.548949 0.389757 0.013773 0.017319
0 0.566922 0.421111 0.018141 0.028667
0 0.462781 0.415438 0.016797 0.022097
0 0.447582 0.396389 0.012367 0.016972
0 0.441168 0.377312 0.010258 0.012819
1 0.419652 0.418785 0.027211 0.050764
1 0.559227 0.364736 0.018141 0.041806
0 0.333141 0.856257 0.095297 0.150486
0 0.336523 0.581583 0.043531 0.059333
0 0.284281 0.557507 0.048375 0.052458
0 0.428391 0.512986 0.031844 0.051611
0 0.394426 0.483604 0.025992 0.041569
0 0.378008 0.438819 0.026203 0.039417
0 0.449176 0.462917 0.024523 0.031056
0 0.456566 0.435444 0.020492 0.023889
