0 0.554371 0.400111 0.013914 0.019361
0 0.571520 0.394757 0.011664 0.018319
0 0.609918 0.516243 0.033258 0.051958
3 0.585617 0.404778 0.017297 0.031444
0 0.273035 0.567965 0.055570 0.065375
0 0.426773 0.546854 0.033047 0.051847
0 0.673172 0.882326 0.101453 0.202458
3 0.337688 0.487729 0.037422 0.052708
3 0.424992 0.427250 0.018797 0.024778
1 0.848090 0.767097 0.303820 0.465806
0 0.563223 0.535056 0.031914 0.040611
0 0.322875 0.605014 0.053875 0.067611
0 0.399129 0.471201 0.028773 0.034569
0 0.445688 0.472757 0.025859 0.041819
0 0.389676 0.432431 0.019445 0.026500
0 0.462438 0.419271 0.015750 0.022597
0 0.391574 0.656854 0.051789 0.074236
0 0.533422 0.426201 0.020609 0.030764
