1 0.0390625 0.40625 0.046875 0.065625
1 0.0640625 0.33828125 0.03203125 0.04609375
1 0.1015625 0.35390625 0.03671875 0.05
1 0.08359375 0.346875 0.071875 0.0640625
1 0.0765625 0.34296875 0.01953125 0.04140625
1 0.0046875 0.334375 0.009375 0.04296875
2 0.509375 0.64375 0.13515625 0.13203125
2 0.578125 0.5140625 0.08828125 0.096875
2 0.94453125 0.596875 0.1078125 0.1375
4 0.459375 0.528125 0.17109375 0.15546875
0 0.66171875 0.82265625 0.15625 0.18203125
0 0.740625 0.50546875 0.08359375 0.078125
0 0.97421875 0.71171875 0.05 0.14609375
0 0.94375 0.459375 0.06953125 0.06953125
0 0.08125 0.63359375 0.03359375 0.04453125
0 0.17421875 0.4078125 0.0421875 0.0375