0 0.454355 0.444931 0.020680 0.036389
0 0.452582 0.390354 0.011695 0.015597
0 0.428254 0.390722 0.011070 0.016333
0 0.615270 0.441944 0.024711 0.038667
0 0.442051 0.491069 0.027664 0.039028
0 0.325816 0.509243 0.041195 0.050792
0 0.370473 0.528222 0.038492 0.049194
0 0.425508 0.543465 0.033688 0.050792
0 0.114996 0.944674 0.149664 0.110653
0 0.354152 0.815625 0.086680 0.138583
0 0.695258 0.952993 0.104141 0.094014
0 0.769469 0.800660 0.097906 0.164069
0 0.557941 0.507639 0.031398 0.055167
0 0.574023 0.435917 0.016703 0.029083
0 0.467410 0.405021 0.015039 0.018931
0 0.589777 0.420597 0.018273 0.026917
0 0.570457 0.390431 0.012008 0.018556
0 0.553734 0.400264 0.013922 0.022278
1 0.366719 0.456097 0.030375 0.043306
1 0.543848 0.373771 0.012930 0.025125
0 0.435770 0.410403 0.016492 0.023028
0 0.416555 0.444743 0.022344 0.030819
1 0.467133 0.361146 0.013234 0.025125
0 0.477750 0.379958 0.011906 0.016333
0 0.404652 0.416535 0.017758 0.022653
