1 0.75 0.37265625 0.07109375 0.1234375
1 0.83125 0.346875 0.04609375 0.096875
2 0.503125 0.54375 0.07421875 0.0984375
2 0.6671875 0.48671875 0.05078125 0.06796875
4 0.5015625 0.396875 0.04765625 0.05859375
4 0.64765625 0.328125 0.0296875 0.04609375
4 0.71875 0.284375 0.02109375 0.0484375
4 0.8375 0.25 0.0125 0.03046875
4 0.78203125 0.265625 0.0203125 0.04609375
4 0.74375 0.2578125 0.01484375 0.015625
4 0.8234375 0.25546875 0.01484375 0.03359375
4 0.78515625 0.33984375 0.0375 0.09296875
4 0.8515625 0.28125 0.02265625 0.04609375
0 0.18125 0.7953125 0.165625 0.17109375
0 0.3109375 0.528125 0.07890625 0.071875
0 0.60859375 0.375 0.03125 0.0359375
0 0.7171875 0.521875 0.04921875 0.075
0 0.6609375 0.42109375 0.040625 0.05
0 0.6796875 0.340625 0.02265625 0.02890625
0 0.7984375 0.41640625 0.03125 0.04140625
0 0.715625 0.321875 0.01640625 0.021875
0 0.7078125 0.38359375 0.01796875 0.028125
0 0.753125 0.29453125 0.01171875 0.01640625
0 0.771875 0.296875 0.01015625 0.01796875
0 0.7953125 0.28125 0.0140625 0.01796875
0 0.8578125 0.33046875 0.01015625 0.03046875
0 0.44609375 0.421875 0.03125 0.01796875
0 0.81015625 0.26953125 0.0125 0.0140625
0 0.7421875 0.30703125 0.01171875 0.01640625