1 0.368430 0.491278 0.048719 0.094639
0 0.436141 0.382118 0.011172 0.015208
0 0.449410 0.388299 0.011898 0.017792
0 0.472832 0.396299 0.013195 0.018819
0 0.419895 0.399646 0.014648 0.019847
0 0.442379 0.402361 0.013195 0.021139
0 0.463844 0.418854 0.014359 0.024236
0 0.426184 0.429896 0.019430 0.023403
0 0.376687 0.438062 0.018594 0.011514
0 0.444461 0.471104 0.023391 0.036014
0 0.307914 0.515938 0.050375 0.074403
0 0.432090 0.519285 0.035586 0.046347
0 0.400609 0.614625 0.051422 0.078056
0 0.273098 0.681444 0.071273 0.086611
0 0.612629 0.447278 0.022555 0.034222
0 0.669918 0.514910 0.036086 0.052931
0 0.908645 0.804424 0.120539 0.149486
0 0.295414 0.913292 0.112250 0.171833
1 0.444895 0.364542 0.014383 0.026861
