0 0.662879 0.845639 0.099398 0.173444
0 0.442434 0.491660 0.026086 0.043069
0 0.807691 0.704160 0.088273 0.123042
0 0.330117 0.592326 0.048359 0.072764
0 0.568676 0.510646 0.033508 0.051319
0 0.393238 0.678132 0.055789 0.085986
0 0.679594 0.524674 0.040000 0.059569
1 0.132734 0.640722 0.265469 0.347167
0 0.390918 0.479292 0.027008 0.041417
0 0.454500 0.437292 0.020516 0.039611
0 0.624828 0.462868 0.025156 0.034653
4 0.092461 0.915201 0.184922 0.169597
3 0.295273 0.519861 0.040391 0.062639
1 0.363047 0.454479 0.031875 0.053403
0 0.417375 0.448764 0.018656 0.029861
0 0.428199 0.426618 0.016555 0.022597
