2 0.125 0.76015625 0.1875 0.2234375
2 0.53515625 0.41484375 0.1 0.14609375
2 0.534375 0.55625 0.09375 0.15390625
4 0.696875 0.490625 0.25703125 0.48203125
4 0.9 0.234375 0.1046875 0.2125
4 0.7125 0.1140625 0.0703125 0.1
4 0.8921875 0.05078125 0.02578125 0.05390625
4 0.809375 0.0546875 0.03515625 0.0265625
4 0.8421875 0.1703125 0.04140625 0.07890625
4 0.73125 0.10703125 0.03359375 0.0859375
4 0.92578125 0.04296875 0.0171875 0.0359375
4 0.940625 0.1296875 0.03984375 0.0734375
0 0.4875 0.89453125 0.16953125 0.20859375
0 0.48515625 0.26875 0.059375 0.0625
0 0.1828125 0.89921875 0.21796875 0.1984375
0 0.39765625 0.528125 0.125 0.1515625
0 0.04765625 0.5515625 0.0953125 0.125
0 0.84375 0.39140625 0.04765625 0.0890625
0 0.790625 0.125 0.02421875 0.028125
0 0.7765625 0.22890625 0.04609375 0.053125
0 0.7046875 0.25625 0.05703125 0.05390625
0 0.8171875 0.26875 0.040625 0.07109375
0 0.86640625 0.09375 0.0171875 0.0234375
0 0.90390625 0.0890625 0.0171875 0.025
0 0.98515625 0.15078125 0.028125 0.034375
0 0.93671875 0.06484375 0.015625 0.0265625
0 0.91640625 0.0765625 0.015625 0.028125
0 0.8828125 0.096875 0.0171875 0.021875
0 0.9078125 0.121875 0.0234375 0.02109375
0 0.284375 0.05078125 0.028125 0.02890625
0 0.93828125 0.09453125 0.01875 0.01640625
0 0.7015625 0.14375 0.04609375 0.040625