2 0.5765625 0.45859375 0.08125 0.1359375
2 0.4578125 0.2390625 0.05390625 0.05859375
2 0.609375 0.34609375 0.06171875 0.078125
2 0.6765625 0.271875 0.05546875 0.09609375
4 0.64375 0.1625 0.03359375 0.046875
4 0.815625 0.27890625 0.10546875 0.221875
4 0.74375 0.22109375 0.06640625 0.1109375
4 0.79140625 0.11796875 0.0203125 0.03046875
4 0.76875 0.07890625 0.02109375 0.021875
4 0.8171875 0.16171875 0.08125 0.0734375
0 0.3390625 0.559375 0.11171875 0.1375
0 0.03125 0.47421875 0.0625 0.09296875
0 0.17265625 0.8859375 0.2109375 0.225
0 0.6015625 0.234375 0.03984375 0.0484375
0 0.71875 0.171875 0.02265625 0.03203125
0 0.46328125 0.30390625 0.0578125 0.0640625
0 0.746875 0.1421875 0.01953125 0.0265625
0 0.43046875 0.28828125 0.046875 0.05390625
0 0.6796875 0.17265625 0.0265625 0.03203125
0 0.6796875 0.15 0.02265625 0.021875
0 0.8875 0.21484375 0.0265625 0.04296875
0 0.8375 0.10859375 0.01796875 0.025
0 0.809375 0.12109375 0.0140625 0.01640625
0 0.875 0.24296875 0.0234375 0.06640625
0 0.86015625 0.0953125 0.0140625 0.0265625
0 0.8109375 0.103125 0.0125 0.01796875
0 0.7875 0.19375 0.04296875 0.059375