2 0.43359375 0.73359375 0.084375 0.121875
2 0.2671875 0.52734375 0.0671875 0.059375
2 0.6328125 0.40390625 0.02109375 0.03046875
2 0.784375 0.390625 0.01796875 0.02890625
4 0.46171875 0.44140625 0.04375 0.05546875
4 0.5625 0.390625 0.0609375 0.075
4 0.3484375 0.5046875 0.07109375 0.0875
4 0.65 0.359375 0.03359375 0.046875
4 0.70859375 0.34375 0.01875 0.03203125
4 0.65625 0.37890625 0.01875 0.028125
4 0.7296875 0.4015625 0.040625 0.0609375
0 0.3984375 0.53359375 0.05859375 0.053125
0 0.540625 0.45234375 0.03125 0.034375
0 0.5546875 0.5234375 0.0453125 0.05546875
0 0.696875 0.41640625 0.01796875 0.028125
0 0.70625 0.36875 0.0125 0.015625
0 0.753125 0.39921875 0.0078125 0.02109375
0 0.76953125 0.3796875 0.0140625 0.01796875
0 0.725 0.3609375 0.00859375 0.0140625
0 0.734375 0.34921875 0.00703125 0.0125
0 0.7484375 0.3453125 0.00703125 0.0125