2 0.190625 0.46328125 0.10703125 0.12109375
2 0.6671875 0.38203125 0.05546875 0.0890625
2 0.77265625 0.3359375 0.0421875 0.06953125
2 0.73203125 0.19765625 0.01875 0.0265625
2 0.765625 0.275 0.03125 0.046875
2 0.86953125 0.1921875 0.0265625 0.0484375
2 0.7984375 0.234375 0.01953125 0.04453125
2 0.875 0.15703125 0.03125 0.03359375
2 0.7828125 0.2171875 0.01796875 0.02890625
4 0.4640625 0.25 0.07734375 0.10859375
4 0.83046875 0.246875 0.053125 0.11953125
4 0.696875 0.14453125 0.021875 0.021875
4 0.821875 0.121875 0.01328125 0.02890625
0 0.2203125 0.853125 0.16796875 0.22109375
0 0.35546875 0.55859375 0.0921875 0.121875
0 0.259375 0.3984375 0.07109375 0.06953125
0 0.53125 0.303125 0.04140625 0.04609375
0 0.5734375 0.25859375 0.03125 0.0359375
0 0.5890625 0.465625 0.0640625 0.0875
0 0.5546875 0.3984375 0.05703125 0.06953125
0 0.4796875 0.29296875 0.0421875 0.05
0 0.684375 0.29609375 0.0375 0.046875
0 0.7234375 0.26015625 0.03046875 0.0375
0 0.6796875 0.209375 0.01953125 0.025
0 0.66484375 0.23046875 0.025 0.03046875
0 0.846875 0.165625 0.0125 0.0125
0 0.6421875 0.2140625 0.02109375 0.025
0 0.715625 0.184375 0.01328125 0.01796875
0 0.8171875 0.18984375 0.01875 0.02890625
0 0.8296875 0.1796875 0.0109375 0.015625