0 0.435285 0.511819 0.031633 0.053250
0 0.401547 0.641000 0.051734 0.078222
0 0.241008 0.750347 0.092719 0.105694
0 0.194148 0.658361 0.087672 0.091333
0 0.311418 0.909056 0.096742 0.151361
0 0.574020 0.444521 0.019602 0.033181
1 0.749066 0.561000 0.147133 0.232917
0 0.381957 0.505347 0.031914 0.043306
3 0.469047 0.395972 0.013297 0.021944
3 0.412047 0.448611 0.022672 0.030361
3 0.301102 0.531118 0.048375 0.071069
0 0.526848 0.395826 0.014930 0.019903
3 0.572730 0.390396 0.013289 0.020319
1 0.643449 0.520153 0.093117 0.189917
0 0.373555 0.455083 0.023516 0.031361
0 0.456699 0.436667 0.019039 0.029361
0 0.408687 0.412285 0.017078 0.020403
0 0.438359 0.413285 0.016516 0.020403
0 0.566789 0.538451 0.034062 0.056819
0 0.540664 0.450528 0.020062 0.025306
