1 0.35234375 0.8515625 0.25 0.29140625
1 0.4125 0.83125 0.13046875 0.2515625
1 0.1578125 0.89609375 0.11015625 0.128125
2 0.45234375 0.646875 0.11875 0.1859375
2 0.6125 0.621875 0.09453125 0.140625
2 0.290625 0.64609375 0.13125 0.1640625
2 0.7296875 0.46015625 0.05625 0.10703125
4 0.31875 0.35 0.1828125 0.16953125
4 0.02890625 0.50703125 0.0578125 0.21953125
4 0.80859375 0.2546875 0.046875 0.0984375
4 0.753125 0.2859375 0.03046875 0.05
4 0.753125 0.184375 0.0171875 0.01796875
4 0.85625 0.165625 0.01640625 0.02109375
0 0.54921875 0.34375 0.0421875 0.04296875
0 0.25078125 0.503125 0.0828125 0.08359375
0 0.5203125 0.4734375 0.0625 0.08046875
0 0.60859375 0.29140625 0.0296875 0.03046875
0 0.703125 0.390625 0.04296875 0.059375
0 0.784375 0.3078125 0.0265625 0.0375
0 0.8421875 0.190625 0.00859375 0.015625
0 0.7515625 0.2203125 0.03046875 0.0234375
0 0.1375 0.9640625 0.19921875 0.06953125
0 0.8109375 0.42265625 0.01796875 0.034375
0 0.8125 0.19921875 0.01015625 0.0125
0 0.8234375 0.1921875 0.0078125 0.0125
0 0.84140625 0.303125 0.03125 0.03046875