1 0.441785 0.368951 0.017820 0.028569
0 0.430445 0.386236 0.013500 0.017528
0 0.443812 0.394757 0.013766 0.018236
0 0.456570 0.379396 0.010937 0.014875
0 0.469258 0.401590 0.014984 0.022319
0 0.413508 0.406875 0.015797 0.020889
0 0.437750 0.410090 0.015359 0.025569
0 0.459426 0.428750 0.017102 0.028333
0 0.416852 0.445000 0.022547 0.029722
0 0.363102 0.460208 0.025859 0.029722
0 0.438043 0.495625 0.027992 0.043889
0 0.417754 0.561972 0.040867 0.059222
0 0.274148 0.552021 0.059344 0.096042
0 0.370059 0.714799 0.070211 0.103903
0 0.590840 0.419493 0.019320 0.028375
0 0.624152 0.459056 0.024352 0.034833
0 0.715832 0.573021 0.052070 0.066681
0 0.692648 0.906771 0.124844 0.186458
0 0.177937 0.847576 0.110453 0.139736
1 0.344848 0.524722 0.062211 0.111972
0 0.363102 0.460208 0.025859 0.029722
0 0.430445 0.386236 0.013500 0.017528
0 0.443812 0.394757 0.013766 0.018236
0 0.456570 0.379396 0.010937 0.014875
0 0.469258 0.401590 0.014984 0.022319
0 0.413508 0.406875 0.015797 0.020889
0 0.437750 0.410090 0.015359 0.025569
0 0.459426 0.428750 0.017102 0.028333
0 0.438043 0.495625 0.027992 0.043889
0 0.417754 0.561972 0.040867 0.059222
0 0.416852 0.445000 0.022547 0.029722
0 0.274148 0.552021 0.059344 0.096042
0 0.370059 0.714799 0.070211 0.103903
0 0.590840 0.419493 0.019320 0.028375
0 0.624152 0.459056 0.024352 0.034833
0 0.715832 0.573021 0.052070 0.066681
0 0.692648 0.906771 0.124844 0.186458
0 0.177937 0.847576 0.110453 0.139736
1 0.344848 0.524722 0.062211 0.111972
1 0.441785 0.368951 0.017820 0.028569
