0 0.659684 0.495722 0.035867 0.055389
4 0.538777 0.363521 0.011070 0.020931
0 0.524910 0.376563 0.010508 0.015458
0 0.547551 0.388160 0.012320 0.023181
0 0.572187 0.392667 0.013047 0.022556
0 0.580699 0.403458 0.014492 0.025444
0 0.534055 0.411507 0.019016 0.028014
0 0.608781 0.439201 0.019562 0.031875
0 0.547551 0.468188 0.024633 0.040264
0 0.608781 0.499910 0.036953 0.048319
4 0.457734 0.377361 0.014312 0.025083
3 0.450473 0.366118 0.004352 0.018069
3 0.399648 0.466618 0.028422 0.047208
3 0.358672 0.460167 0.033187 0.046111
1 0.438023 0.365194 0.020125 0.047944
1 0.410016 0.389167 0.035062 0.069333
0 0.484289 0.369618 0.008922 0.007375
0 0.464684 0.373312 0.005805 0.012542
0 0.479207 0.380132 0.010789 0.015125
0 0.475473 0.391750 0.014523 0.019917
0 0.450160 0.391931 0.012445 0.021028
0 0.623758 0.710354 0.085562 0.129458
0 0.727520 0.708736 0.083742 0.132694
0 0.430352 0.387875 0.009750 0.019556
0 0.437301 0.415167 0.018258 0.023972
0 0.464059 0.422549 0.019914 0.024708
0 0.446219 0.448729 0.020328 0.032819
0 0.421223 0.437299 0.020539 0.025458
0 0.388129 0.437667 0.021164 0.028389
0 0.427152 0.538833 0.041867 0.058250
0 0.304734 0.527507 0.039141 0.055014
0 0.321570 0.578479 0.058250 0.069569
0 0.391656 0.673951 0.063719 0.098708
0 0.230551 0.625403 0.070992 0.079278
0 0.152277 0.889965 0.127430 0.152097
2 0.354793 0.619736 0.019117 0.077667
