2 0.46796875 0.26015625 0.071875 0.090625
2 0.4546875 0.428125 0.090625 0.1265625
2 0.58515625 0.33125 0.0703125 0.090625
2 0.81328125 0.296875 0.075 0.14140625
4 0.1 0.30078125 0.19921875 0.27109375
4 0.246875 0.80390625 0.4578125 0.3890625
4 0.83984375 0.24921875 0.128125 0.2375
4 0.7109375 0.4296875 0.10703125 0.215625
4 0.771875 0.06640625 0.04765625 0.09140625
4 0.71796875 0.07734375 0.0453125 0.0765625
4 0.89921875 0.096875 0.053125 0.09609375
4 0.82265625 0.071875 0.028125 0.0515625
0 0.353125 0.521875 0.11796875 0.14140625
0 0.59375 0.6734375 0.1078125 0.1859375
0 0.53359375 0.490625 0.1015625 0.140625
0 0.1453125 0.709375 0.20078125 0.19609375
0 0.0140625 0.465625 0.02734375 0.08046875
0 0.6546875 0.275 0.05234375 0.06953125
0 0.7609375 0.265625 0.04140625 0.065625
0 0.68125 0.15703125 0.03203125 0.0390625
0 0.71640625 0.23046875 0.046875 0.05859375
0 0.65 0.371875 0.06953125 0.096875
0 0.7765625 0.10546875 0.02421875 0.03359375
0 0.7484375 0.19765625 0.03828125 0.0515625
0 0.94296875 0.128125 0.0203125 0.0359375
0 0.85625 0.04375 0.01328125 0.015625
0 0.9125 0.178125 0.02265625 0.0484375
0 0.9234375 0.159375 0.028125 0.04296875
0 0.82734375 0.0625 0.0203125 0.03359375
0 0.865625 0.09921875 0.01953125 0.03203125
0 0.89296875 0.20703125 0.0234375 0.053125
0 0.93125 0.084375 0.01875 0.0359375
0 0.77890625 0.2171875 0.015625 0.040625
0 0.584375 0.29609375 0.05234375 0.053125