1 0.5359375 0.6703125 0.49296875 0.65390625
1 0.8328125 0.39375 0.19921875 0.3515625
1 0.42890625 0.775 0.2796875 0.44453125
2 0.134375 0.8640625 0.26875 0.265625
4 0.73203125 0.10546875 0.0515625 0.078125
4 0.9421875 0.2328125 0.08359375 0.2125
4 0.8515625 0.1515625 0.05859375 0.10859375
4 0.4890625 0.4125 0.17734375 0.19140625
4 0.571875 0.35546875 0.34140625 0.303125
4 0.98671875 0.146875 0.025 0.15859375
4 0.9796875 0.07109375 0.03984375 0.0640625
0 0.3375 0.56796875 0.13671875 0.1609375
0 0.775 0.084375 0.03203125 0.034375
0 0.08125 0.7703125 0.1625 0.25390625
0 0.9265625 0.03203125 0.01875 0.025
0 0.771875 0.23046875 0.06484375 0.096875
0 0.96484375 0.028125 0.01875 0.025
0 0.94765625 0.1 0.0328125 0.04140625
0 0.8921875 0.13984375 0.02890625 0.0515625
0 0.96953125 0.1078125 0.0171875 0.040625
0 0.9859375 0.00546875 0.01796875 0.0109375
0 0.70234375 0.0109375 0.01875 0.01953125
0 0.98828125 0.0796875 0.021875 0.040625