0 0.434371 0.385444 0.011164 0.016500
0 0.406098 0.627493 0.053633 0.078708
0 0.413988 0.405681 0.014133 0.021917
0 0.352793 0.476521 0.032477 0.042764
0 0.392937 0.487750 0.030375 0.039556
0 0.440605 0.496042 0.027664 0.041167
0 0.443445 0.400056 0.014094 0.022278
0 0.450531 0.462889 0.022250 0.032611
0 0.459551 0.428674 0.018648 0.032625
0 0.426020 0.427340 0.021352 0.028875
0 0.583184 0.407819 0.016539 0.024056
0 0.628898 0.748806 0.076219 0.153972
0 0.568898 0.429479 0.019844 0.031014
0 0.615660 0.451931 0.024961 0.032083
0 0.605438 0.490958 0.025563 0.043833
0 0.660172 0.492826 0.036391 0.057208
0 0.259238 0.725056 0.081695 0.100889
1 0.383855 0.437493 0.026461 0.037958
1 0.552570 0.386438 0.016234 0.033153
0 0.471047 0.397562 0.012906 0.019347
1 0.470617 0.357833 0.012328 0.023000
0 0.480418 0.374743 0.010148 0.017264
0 0.457359 0.383250 0.010734 0.015722
