2 0.9484375 0.18828125 0.03046875 0.0515625
4 0.50859375 0.21640625 0.121875 0.1359375
4 0.703125 0.55703125 0.1796875 0.23359375
4 0.8 0.24765625 0.103125 0.18203125
4 0.8984375 0.24453125 0.08828125 0.171875
4 0.7984375 0.11875 0.03125 0.05703125
4 0.80625 0.0875 0.03046875 0.021875
4 0.871875 0.18984375 0.06171875 0.1234375
4 0.9203125 0.13671875 0.03828125 0.05703125
4 0.96328125 0.14296875 0.0421875 0.0890625
0 0.2328125 0.88046875 0.21328125 0.2359375
0 0.4765625 0.5 0.10078125 0.11640625
0 0.60625 0.3828125 0.06953125 0.09296875
0 0.42421875 0.3625 0.0703125 0.071875
0 0.590625 0.49609375 0.0796875 0.1140625
0 0.71875 0.38203125 0.0640625 0.0890625
0 0.88125 0.09921875 0.0109375 0.015625
0 0.40078125 0.32890625 0.0640625 0.06640625
0 0.665625 0.2234375 0.04296875 0.053125
0 0.7296875 0.27265625 0.04609375 0.0765625
0 0.6921875 0.196875 0.02890625 0.03359375
0 0.84765625 0.125 0.0140625 0.021875
0 0.9078125 0.103125 0.01328125 0.015625
0 0.684375 0.17578125 0.02578125 0.034375
0 0.92421875 0.090625 0.0109375 0.02109375
0 0.6546875 0.44375 0.05390625 0.0484375
0 0.96640625 0.08828125 0.0125 0.02109375
0 0.64609375 0.484375 0.0703125 0.13203125
0 0.9453125 0.08046875 0.009375 0.0140625