0 0.534805 0.406889 0.017016 0.021778
0 0.529105 0.390861 0.016164 0.019972
0 0.472320 0.391639 0.010781 0.017861
0 0.437531 0.380097 0.010781 0.014806
0 0.443773 0.396653 0.012984 0.017417
0 0.411922 0.443118 0.019047 0.024458
0 0.433242 0.413854 0.017891 0.023958
0 0.285320 0.962375 0.116844 0.075250
0 0.850855 0.743715 0.099367 0.126792
0 0.698148 0.648340 0.057297 0.092125
1 0.415188 0.389139 0.022047 0.046083
0 0.434680 0.529076 0.031750 0.051181
0 0.321437 0.608854 0.054188 0.067736
0 0.195031 0.651903 0.072813 0.077528
0 0.596953 0.598486 0.046328 0.076944
0 0.394457 0.423986 0.017992 0.022583
0 0.539426 0.437333 0.020320 0.029806
0 0.454590 0.449076 0.022352 0.026181
1 0.609828 0.419729 0.044594 0.082319
0 0.360273 0.467076 0.026812 0.031986
0 0.402223 0.471965 0.027164 0.039514
0 0.555219 0.374069 0.010203 0.013611
0 0.568406 0.389806 0.013437 0.018444
