2 0.3453125 0.61171875 0.125 0.140625
2 0.540625 0.446875 0.08671875 0.096875
4 0.0890625 0.38125 0.178125 0.265625
4 0.7296875 0.4671875 0.20546875 0.39609375
4 0.70625 0.16171875 0.06875 0.090625
4 0.7984375 0.1375 0.040625 0.05859375
4 0.84375 0.30234375 0.11796875 0.25703125
4 0.9109375 0.2390625 0.10546875 0.16953125
4 0.84296875 0.1125 0.0359375 0.046875
4 0.8078125 0.32890625 0.11953125 0.20546875
0 0.06875 0.5640625 0.13671875 0.121875
0 0.2796875 0.396875 0.08125 0.0765625
0 0.3046875 0.8296875 0.17265625 0.215625
0 0.49375 0.62109375 0.11953125 0.153125
0 0.4328125 0.3640625 0.0703125 0.071875
0 0.61875 0.24375 0.04140625 0.04296875
0 0.690625 0.2296875 0.03515625 0.040625
0 0.621875 0.46796875 0.03828125 0.09140625
0 0.6578125 0.2203125 0.0328125 0.0375
0 0.73125 0.278125 0.03515625 0.034375
0 0.79375 0.1765625 0.01953125 0.028125
0 0.8640625 0.1390625 0.01640625 0.021875
0 0.746875 0.16640625 0.015625 0.025
0 0.771875 0.1875 0.02734375 0.03046875
0 0.76875 0.2515625 0.03671875 0.046875
0 0.759375 0.1734375 0.01953125 0.028125
0 0.89140625 0.1625 0.0171875 0.01953125
0 0.6296875 0.38515625 0.04296875 0.04609375
0 0.6328125 0.3671875 0.05 0.08203125
0 0.89375 0.11171875 0.0109375 0.015625
0 0.884375 0.12890625 0.01328125 0.01640625
0 0.8390625 0.153125 0.01640625 0.025
0 0.68125 0.3109375 0.03828125 0.03046875
0 0.9109375 0.1140625 0.0125 0.0140625
0 0.6359375 0.346875 0.0421875 0.0390625
0 0.7875 0.10078125 0.01015625 0.01796875
0 0.9640625 0.1828125 0.01796875 0.03203125