1 0.8734375 0.2546875 0.20234375 0.359375
2 0.5328125 0.84453125 0.1484375 0.228125
2 0.4546875 0.6828125 0.1140625 0.15390625
2 0.39375 0.56953125 0.11015625 0.1609375
2 0.9015625 0.259375 0.03828125 0.07890625
4 0.715625 0.17421875 0.04765625 0.084375
4 0.5546875 0.27265625 0.05078125 0.08203125
4 0.83125 0.33515625 0.10234375 0.19609375
4 0.778125 0.153125 0.0328125 0.059375
4 0.85078125 0.125 0.01875 0.03359375
4 0.8125 0.26875 0.06796875 0.13203125
4 0.81875 0.153125 0.02109375 0.0390625
0 0.1390625 0.53671875 0.10859375 0.1015625
0 0.6640625 0.4578125 0.06640625 0.090625
0 0.421875 0.3890625 0.065625 0.075
0 0.6953125 0.3359375 0.04453125 0.05546875
0 0.65625 0.22734375 0.02265625 0.02890625
0 0.6921875 0.246875 0.03203125 0.0375
0 0.5953125 0.41953125 0.06328125 0.08046875
0 0.74375 0.22109375 0.02578125 0.03046875
0 0.78515625 0.1921875 0.028125 0.0375
0 0.7671875 0.2765625 0.02890625 0.04453125
0 0.853125 0.159375 0.01484375 0.02109375
0 0.0359375 0.1375 0.021875 0.021875
0 0.8515625 0.21015625 0.02265625 0.03203125
0 0.8 0.17265625 0.02734375 0.0265625