1 0.738035 0.548715 0.137727 0.219514
0 0.400879 0.650215 0.052352 0.075653
0 0.184879 0.665347 0.088039 0.086861
3 0.468176 0.396181 0.012602 0.019861
3 0.410648 0.450354 0.022953 0.031847
3 0.297176 0.530215 0.050055 0.068681
0 0.407570 0.413278 0.016234 0.018417
0 0.438082 0.413778 0.014555 0.018417
3 0.571109 0.388347 0.012875 0.018917
0 0.526180 0.393819 0.013156 0.019917
0 0.540035 0.445826 0.018477 0.024375
0 0.572371 0.441847 0.018195 0.030361
0 0.564109 0.529188 0.033594 0.055736
1 0.637285 0.509875 0.089586 0.185139
0 0.302277 0.928597 0.101102 0.142806
0 0.234266 0.764069 0.096266 0.109222
0 0.455441 0.435924 0.017914 0.025875
0 0.371320 0.455604 0.023797 0.032403
0 0.433605 0.515549 0.032477 0.054736
0 0.379855 0.508090 0.031352 0.043792
