0 0.008539 0.950347 0.017078 0.096083
1 0.552570 0.388042 0.016844 0.035278
1 0.384906 0.436431 0.027969 0.039028
0 0.480242 0.375208 0.010531 0.018167
0 0.457836 0.382160 0.010828 0.014958
0 0.471371 0.395521 0.013227 0.020319
0 0.434383 0.384833 0.012031 0.014972
0 0.444004 0.399000 0.015039 0.023000
0 0.459945 0.426264 0.018047 0.030472
0 0.451523 0.458611 0.021656 0.027806
0 0.427164 0.425194 0.018641 0.026194
0 0.414531 0.404618 0.013828 0.020319
0 0.441598 0.491493 0.026461 0.039042
0 0.395137 0.486146 0.030977 0.042236
0 0.584715 0.410132 0.016539 0.024958
0 0.570051 0.432625 0.021305 0.032528
0 0.608688 0.497646 0.029172 0.044375
0 0.665828 0.499243 0.040000 0.063625
0 0.642086 0.794347 0.087828 0.174694
0 0.265668 0.713097 0.077586 0.101583
0 0.408066 0.617931 0.050820 0.071639
0 0.355438 0.473583 0.032172 0.039556
0 0.618313 0.456479 0.024359 0.035819
1 0.471371 0.358097 0.013227 0.023528
