1 0.425 0.64609375 0.14296875 0.2609375
2 0.0875 0.846875 0.175 0.284375
2 0.696875 0.565625 0.09609375 0.14296875
2 0.7515625 0.34765625 0.05234375 0.065625
2 0.3765625 0.51640625 0.08046875 0.2140625
2 0.66171875 0.34296875 0.065625 0.0890625
4 0.471875 0.565625 0.23828125 0.42109375
4 0.734375 0.171875 0.04609375 0.0609375
4 0.8484375 0.303125 0.10859375 0.215625
4 0.73984375 0.47421875 0.115625 0.190625
4 0.18125 0.38828125 0.31640625 0.26796875
4 0.67734375 0.21875 0.0328125 0.04609375
4 0.7921875 0.1171875 0.03046875 0.0234375
4 0.91953125 0.1625 0.0453125 0.075
4 0.821875 0.1359375 0.02890625 0.05
4 0.8796875 0.11328125 0.02109375 0.0484375
4 0.86796875 0.14140625 0.01875 0.03359375
4 0.896875 0.103125 0.01640625 0.034375
4 0.78359375 0.25234375 0.040625 0.07109375
4 0.9609375 0.16328125 0.03515625 0.0765625
0 0.5921875 0.2421875 0.03671875 0.040625
0 0.5703125 0.30546875 0.04609375 0.053125
0 0.709375 0.23359375 0.03046875 0.03046875
0 0.6546875 0.215625 0.01484375 0.03046875
0 0.5515625 0.278125 0.04609375 0.0484375
0 0.665625 0.440625 0.06640625 0.103125
0 0.61171875 0.40390625 0.0453125 0.08359375
0 0.7890625 0.18828125 0.02265625 0.0265625
0 0.721875 0.309375 0.03671875 0.05546875
0 0.74296875 0.29140625 0.0359375 0.05
0 0.70546875 0.33046875 0.0328125 0.0640625
0 0.7859375 0.17265625 0.02109375 0.02890625
0 0.88125 0.184375 0.02265625 0.02890625
0 0.9046875 0.27890625 0.01796875 0.04140625
0 0.76640625 0.2796875 0.0296875 0.0484375
0 0.60546875 0.35546875 0.03125 0.028125
0 0.91953125 0.234375 0.028125 0.04140625
0 0.9125 0.2546875 0.0296875 0.04609375
0 0.9015625 0.196875 0.02109375 0.0390625
0 0.84296875 0.15078125 0.015625 0.0234375
0 0.89140625 0.16171875 0.0203125 0.02890625
0 0.85625 0.19453125 0.01875 0.0140625
0 0.8375 0.1640625 0.015625 0.021875
0 0.8359375 0.20078125 0.01484375 0.01796875