2 0.1609375 0.7296875 0.21328125 0.3125
2 0.3484375 0.7390625 0.17421875 0.31640625
2 0.55 0.40390625 0.10859375 0.146875
2 0.7046875 0.290625 0.05546875 0.0859375
2 0.74609375 0.253125 0.0640625 0.0875
2 0.896875 0.1375 0.03671875 0.05859375
4 0.29765625 0.2265625 0.2359375 0.23046875
4 0.678125 0.08828125 0.090625 0.13203125
4 0.8453125 0.23671875 0.09453125 0.19296875
4 0.4171875 0.29296875 0.12265625 0.15546875
4 0.628125 0.296875 0.10546875 0.1359375
4 0.7734375 0.09921875 0.04296875 0.065625
4 0.6765625 0.5078125 0.2234375 0.35703125
4 0.95625 0.225 0.084375 0.15859375
4 0.9640625 0.1078125 0.07109375 0.090625
4 0.878125 0.03125 0.0390625 0.0625
4 0.615625 0.7359375 0.403125 0.525
0 0.34375 0.58046875 0.14765625 0.15546875
0 0.47734375 0.49375 0.1046875 0.12109375
0 0.81953125 0.50703125 0.0734375 0.14140625
0 0.64375 0.20234375 0.05234375 0.065625
0 0.784375 0.33203125 0.0625 0.09453125
0 0.7859375 0.128125 0.03515625 0.04296875
0 0.94375 0.034375 0.01875 0.0234375
0 0.9015625 0.22421875 0.03046875 0.07109375
0 0.8671875 0.06640625 0.02578125 0.03046875
0 0.7921875 0.225 0.028125 0.06953125
0 0.9203125 0.134375 0.01640625 0.04609375
0 0.91875 0.2109375 0.01328125 0.075
0 0.91875 0.18515625 0.01328125 0.0234375
0 0.9828125 0.009375 0.03359375 0.01796875
0 0.9734375 0.00859375 0.01640625 0.01640625
0 0.940625 0.00703125 0.01640625 0.0140625