1 0.428125 0.89765625 0.39453125 0.1984375
2 0.43125 0.6015625 0.18046875 0.3859375
4 0.51875 0.5359375 0.35390625 0.5140625
4 0.0359375 0.38125 0.071875 0.24609375
4 0.8578125 0.365625 0.16328125 0.325
4 0.815625 0.125 0.046875 0.06640625
4 0.9578125 0.234375 0.08203125 0.165625
4 0.77109375 0.33828125 0.1609375 0.28203125
4 0.8609375 0.078125 0.034375 0.025
4 0.9 0.17265625 0.08984375 0.07109375
4 0.9578125 0.0734375 0.01953125 0.04453125
4 0.92734375 0.22421875 0.14375 0.1984375
0 0.2234375 0.421875 0.09921875 0.090625
0 0.27421875 0.671875 0.15625 0.18359375
0 0.52890625 0.89921875 0.19375 0.1984375
0 0.91875 0.115625 0.015625 0.01953125
0 0.9875 0.134375 0.0203125 0.0265625
0 0.896875 0.1234375 0.01328125 0.021875
0 0.975 0.3015625 0.02734375 0.04140625
0 0.9671875 0.14453125 0.02109375 0.025
0 0.9453125 0.115625 0.01328125 0.01953125
0 0.9046875 0.13125 0.01484375 0.01796875
0 0.8671875 0.14921875 0.01796875 0.0234375
0 0.96328125 0.08984375 0.0125 0.02109375
0 0.9703125 0.103125 0.0109375 0.015625