2 0.6140625 0.50078125 0.08671875 0.140625
2 0.44296875 0.36796875 0.06875 0.075
2 0.8 0.42265625 0.0640625 0.109375
2 0.696875 0.33359375 0.04921875 0.0640625
2 0.4703125 0.5140625 0.09375 0.10859375
2 0.81015625 0.30078125 0.0421875 0.0625
2 0.7578125 0.28203125 0.0390625 0.05
2 0.73828125 0.21953125 0.028125 0.03359375
2 0.69609375 0.21640625 0.03125 0.0359375
2 0.84140625 0.22109375 0.0234375 0.0359375
2 0.8578125 0.23828125 0.01796875 0.05390625
4 0.5890625 0.28125 0.05234375 0.0765625
4 0.65859375 0.19140625 0.053125 0.0859375
4 0.8953125 0.26328125 0.07109375 0.15390625
4 0.790625 0.1203125 0.021875 0.0234375
4 0.92421875 0.0953125 0.0125 0.02890625
4 0.95625 0.165625 0.03671875 0.0875
4 0.95 0.090625 0.01875 0.03203125
0 0.425 0.7078125 0.13046875 0.165625
0 0.2375 0.38671875 0.075 0.06796875
0 0.0375 0.5859375 0.075 0.121875
0 0.753125 0.19453125 0.021875 0.028125
0 0.81875 0.16484375 0.01640625 0.02109375
0 0.840625 0.1453125 0.01328125 0.02109375
0 0.934375 0.153125 0.01171875 0.015625
0 0.0078125 0.94375 0.015625 0.109375
0 0.671875 0.21875 0.02109375 0.02890625
0 0.81484375 0.17890625 0.0171875 0.025
0 0.86484375 0.15703125 0.015625 0.021875
0 0.7828125 0.17109375 0.0171875 0.01953125
0 0.9390625 0.29375 0.01875 0.0375
0 0.9078125 0.171875 0.01796875 0.0234375
0 0.8890625 0.18203125 0.021875 0.03046875
0 0.88125 0.146875 0.01328125 0.01953125