1 0.54296875 0.459375 0.3109375 0.47109375
4 0.2390625 0.271875 0.23203125 0.23203125
4 0.6984375 0.4609375 0.2640625 0.4890625
4 0.18671875 0.70078125 0.3734375 0.59296875
4 0.36796875 0.88046875 0.2109375 0.2359375
4 0.84765625 0.29609375 0.128125 0.2859375
4 0.765625 0.19140625 0.134375 0.1109375
4 0.9609375 0.128125 0.06015625 0.1015625
4 0.96015625 0.06640625 0.0453125 0.046875
0 0.54609375 0.81796875 0.153125 0.24453125
0 0.7515625 0.12734375 0.02578125 0.034375
0 0.1828125 0.421875 0.10390625 0.0734375
0 0.8265625 0.11171875 0.0234375 0.02890625
0 0.88671875 0.13046875 0.0234375 0.03359375
0 0.87890625 0.084375 0.0171875 0.021875
0 0.915625 0.1078125 0.021875 0.02890625
0 0.8453125 0.08828125 0.01640625 0.0234375
0 0.94765625 0.0453125 0.0109375 0.0125
0 0.925 0.04921875 0.01796875 0.015625
0 0.96328125 0.028125 0.0125 0.015625
0 0.9265625 0.140625 0.0265625 0.025
0 0.9171875 0.24140625 0.02109375 0.04140625
0 0.8890625 0.065625 0.01640625 0.025
0 0.91875 0.0625 0.01484375 0.021875
0 0.89765625 0.05546875 0.0109375 0.01640625
0 0.9296875 0.04921875 0.009375 0.015625
0 0.91484375 0.1484375 0.0296875 0.025
0 0.99609375 0.04375 0.00625 0.015625
0 0.99375 0.128125 0.01171875 0.03359375