2 0.5171875 0.74765625 0.18828125 0.32890625
2 0.059375 0.278125 0.07734375 0.1375
2 0.34375 0.1390625 0.07109375 0.096875
2 0.615625 0.18828125 0.0703125 0.1015625
2 0.2546875 0.4328125 0.08984375 0.19609375
2 0.7078125 0.2140625 0.07578125 0.10859375
2 0.01875 0.2796875 0.03671875 0.1515625
2 0.30546875 0.16171875 0.053125 0.084375
2 0.934375 0.096875 0.05546875 0.12109375
4 0.8296875 0.1859375 0.16015625 0.321875
4 0.6 0.58125 0.20546875 0.35390625
4 0.46640625 0.0484375 0.11875 0.096875
4 0.4390625 0.13984375 0.08046875 0.1015625
4 0.4140625 0.45546875 0.2875 0.54453125
0 0.1015625 0.89609375 0.20234375 0.20546875
0 0.0828125 0.646875 0.165625 0.209375
0 0.675 0.278125 0.08203125 0.10859375
0 0.596875 0.3578125 0.08515625 0.1125
0 0.62421875 0.053125 0.0484375 0.0625
0 0.6953125 0.021875 0.03828125 0.04296875
0 0.74921875 0.4296875 0.09375 0.14296875
0 0.56171875 0.271875 0.0171875 0.096875
0 0.659375 0.15859375 0.07109375 0.08359375
0 0.56484375 0.3859375 0.0265625 0.0890625
0 0.6984375 0.1296875 0.04609375 0.065625
0 0.725 0.10625 0.04140625 0.0484375
0 0.7359375 0.18125 0.05234375 0.1125
0 0.834375 0.02109375 0.0421875 0.01953125