0 0.124973 0.918285 0.145633 0.127819
0 0.217809 0.631069 0.076461 0.077667
0 0.319297 0.587375 0.055516 0.090611
0 0.386195 0.690937 0.067359 0.113264
0 0.421695 0.550167 0.040047 0.058250
0 0.296539 0.528312 0.031859 0.059875
0 0.385961 0.439035 0.024578 0.028875
0 0.420539 0.439222 0.022078 0.027778
0 0.445844 0.453660 0.021875 0.035181
0 0.462402 0.422750 0.019164 0.028139
0 0.437719 0.419965 0.021031 0.027764
0 0.451363 0.392007 0.012914 0.016292
0 0.430848 0.391083 0.007289 0.012222
0 0.474375 0.391646 0.012703 0.016292
0 0.478230 0.379236 0.009992 0.011472
0 0.465105 0.372201 0.005414 0.009264
0 0.484270 0.370347 0.011242 0.011472
1 0.408039 0.388681 0.034156 0.061472
1 0.437410 0.366090 0.023742 0.047403
3 0.355660 0.463847 0.031867 0.050361
3 0.397730 0.472917 0.031867 0.055917
3 0.450426 0.365722 0.006461 0.017778
4 0.457508 0.378500 0.013953 0.024806
4 0.539172 0.363444 0.010125 0.019306
0 0.524773 0.374903 0.009391 0.015389
0 0.546074 0.386028 0.013258 0.016694
0 0.568441 0.387340 0.012336 0.019319
0 0.577184 0.399618 0.013992 0.020292
0 0.533004 0.406319 0.017305 0.028472
0 0.605535 0.431688 0.022461 0.028153
0 0.546168 0.459674 0.022273 0.033708
0 0.600199 0.488146 0.029461 0.046153
0 0.652301 0.484215 0.035711 0.053347
0 0.705219 0.654528 0.070078 0.121361
0 0.606918 0.659382 0.062805 0.105181
2 0.347055 0.630264 0.021844 0.089000
