2 0.253125 0.590625 0.15 0.2015625
2 0.30390625 0.7421875 0.178125 0.2265625
2 0.56875 0.21015625 0.04921875 0.065625
2 0.85 0.2765625 0.04453125 0.071875
2 0.8390625 0.1875 0.0421875 0.06640625
4 0.6390625 0.49453125 0.2265625 0.45
4 0.5328125 0.1421875 0.10859375 0.13203125
4 0.696875 0.0890625 0.04609375 0.08359375
4 0.765625 0.35546875 0.1375 0.278125
4 0.8234375 0.0453125 0.03125 0.05703125
4 0.8796875 0.11953125 0.06484375 0.11640625
4 0.7703125 0.03359375 0.03515625 0.025
4 0.94765625 0.109375 0.0484375 0.1
4 0.890625 0.0203125 0.01875 0.0375
0 0.51875 0.38984375 0.0859375 0.0984375
0 0.0640625 0.76640625 0.128125 0.2546875
0 0.3984375 0.48828125 0.10078125 0.12890625
0 0.275 0.31953125 0.08046875 0.0859375
0 0.7703125 0.11640625 0.025 0.03046875
0 0.79375 0.17109375 0.03515625 0.04453125
0 0.75 0.109375 0.02421875 0.02890625
0 0.75703125 0.2 0.0390625 0.05
0 0.81015625 0.08828125 0.0265625 0.0375
0 0.59375 0.30390625 0.04765625 0.0359375
0 0.2765625 0.509375 0.06328125 0.05
0 0.7140625 0.24296875 0.0421875 0.05
0 0.896875 0.04296875 0.0140625 0.01953125
0 0.86796875 0.0515625 0.015625 0.025
0 0.875 0.240625 0.04375 0.059375
0 0.584375 0.184375 0.0359375 0.040625
0 0.83125 0.3234375 0.01015625 0.071875
0 0.59453125 0.184375 0.015625 0.0359375
0 0.90859375 0.1828125 0.0296875 0.04609375
0 0.9015625 0.20703125 0.03359375 0.053125
0 0.8359375 0.13984375 0.02890625 0.0375
0 0.5890625 0.3265625 0.05859375 0.08046875
0 0.1921875 0.95546875 0.21484375 0.0859375
0 0.9515625 0.04765625 0.03046875 0.0265625
0 0.909375 0.12265625 0.0109375 0.0515625
0 0.91328125 0.034375 0.015625 0.01953125
0 0.91875 0.09765625 0.01796875 0.0375
0 0.8484375 0.16640625 0.03828125 0.0609375