1 0.7203125 0.5765625 0.1390625 0.296875
2 0.1546875 0.78359375 0.21484375 0.28046875
2 0.91640625 0.36328125 0.0546875 0.0734375
2 0.8859375 0.2765625 0.03984375 0.05859375
4 0.7625 0.49609375 0.22265625 0.45859375
4 0.684375 0.17421875 0.0765625 0.12109375
4 0.57734375 0.53203125 0.1796875 0.31953125
4 0.9515625 0.253125 0.0953125 0.1484375
4 0.803125 0.1078125 0.03828125 0.02890625
4 0.49296875 0.4765625 0.1234375 0.2109375
4 0.934375 0.090625 0.01875 0.04453125
4 0.915625 0.103125 0.02421875 0.046875
4 0.8390625 0.128125 0.025 0.028125
4 0.96640625 0.07890625 0.0140625 0.0359375
4 0.8359375 0.140625 0.03203125 0.05
0 0.378125 0.378125 0.07578125 0.06953125
0 0.4578125 0.73828125 0.12734375 0.17890625
0 0.7375 0.23203125 0.03203125 0.04140625
0 0.190625 0.528125 0.1203125 0.1125
0 0.4578125 0.3015625 0.05234375 0.0609375
0 0.63203125 0.28671875 0.046875 0.05390625
0 0.1296875 0.49296875 0.0875 0.09453125
0 0.8078125 0.1984375 0.02578125 0.0359375
0 0.609375 0.2640625 0.03984375 0.05
0 0.884375 0.4421875 0.04296875 0.09609375
0 0.90390625 0.1453125 0.015625 0.0234375
0 0.87109375 0.16015625 0.0234375 0.02890625
0 0.6625 0.37890625 0.05234375 0.1
0 0.79921875 0.26171875 0.053125 0.0234375
0 0.85 0.175 0.02265625 0.028125
0 0.8296875 0.253125 0.03203125 0.0375
0 0.7921875 0.184375 0.02109375 0.03203125
0 0.8953125 0.2109375 0.02578125 0.0390625
0 0.9546875 0.15625 0.01953125 0.02890625
0 0.9015625 0.24296875 0.01640625 0.021875
0 0.91796875 0.18125 0.0203125 0.015625
0 0.8703125 0.31640625 0.00703125 0.04453125