2 0.13125 0.6015625 0.12890625 0.11953125
2 0.684375 0.490625 0.05390625 0.08203125
2 0.8046875 0.3703125 0.03515625 0.0484375
2 0.7828125 0.25546875 0.01796875 0.03359375
2 0.928125 0.259375 0.02421875 0.04296875
4 0.5140625 0.74609375 0.32734375 0.503125
4 0.5828125 0.334375 0.05390625 0.06953125
4 0.71328125 0.275 0.0328125 0.06640625
4 0.8171875 0.20625 0.01640625 0.01796875
4 0.8609375 0.21953125 0.02109375 0.028125
0 0.5515625 0.3953125 0.04921875 0.0515625
0 0.7234375 0.3796875 0.0390625 0.0484375
0 0.13984375 0.953125 0.1515625 0.090625
0 0.58125 0.478125 0.06796875 0.0765625
0 0.83203125 0.33984375 0.025 0.0375
0 0.85234375 0.2796875 0.01875 0.0265625
0 0.8921875 0.27421875 0.01796875 0.0265625
0 0.8359375 0.240625 0.01171875 0.0140625
0 0.878125 0.2171875 0.009375 0.01796875
0 0.79296875 0.26875 0.015625 0.0265625
0 0.8125 0.240625 0.00859375 0.01640625
0 0.4703125 0.20390625 0.01171875 0.0140625
0 0.90625 0.2609375 0.0125 0.021875
0 0.8453125 0.2265625 0.01015625 0.0140625
0 0.85625 0.2390625 0.01328125 0.01640625