0 0.552410 0.394465 0.011758 0.015931
3 0.580543 0.400694 0.017633 0.023389
0 0.460562 0.423979 0.016797 0.025375
1 0.769281 0.707326 0.231953 0.440847
0 0.619262 0.711868 0.063852 0.121764
0 0.385344 0.437965 0.021281 0.027375
0 0.396285 0.480312 0.028555 0.040319
3 0.328684 0.496486 0.040586 0.057722
3 0.422211 0.433438 0.020156 0.031347
0 0.443457 0.484299 0.027711 0.045292
0 0.421063 0.565417 0.035547 0.055250
0 0.304191 0.636083 0.064383 0.070167
0 0.376219 0.702271 0.058047 0.085653
0 0.556047 0.501465 0.026875 0.035819
0 0.255203 0.589056 0.060469 0.068667
0 0.595652 0.488528 0.029945 0.042806
0 0.530852 0.414375 0.016797 0.024889
