2 0.4984375 0.815625 0.16015625 0.27890625
2 0.3015625 0.4359375 0.090625 0.11640625
2 0.675 0.42578125 0.06171875 0.11796875
4 0.4265625 0.3328125 0.1375 0.14609375
4 0.6703125 0.253125 0.05546875 0.078125
4 0.2828125 0.6578125 0.184375 0.26796875
4 0.72421875 0.496875 0.0890625 0.15703125
4 0.69609375 0.36328125 0.084375 0.11796875
4 0.77421875 0.225 0.025 0.0390625
4 0.60625 0.30859375 0.04140625 0.053125
4 0.7578125 0.2078125 0.01640625 0.01796875
4 0.80625 0.2125 0.01953125 0.03359375
4 0.86015625 0.1921875 0.009375 0.0234375
4 0.7390625 0.3203125 0.0390625 0.059375
0 0.371875 0.784375 0.12578125 0.14609375
0 0.41796875 0.58828125 0.090625 0.10703125
0 0.34609375 0.4796875 0.08125 0.0734375
0 0.5390625 0.60625 0.0875 0.115625
0 0.50859375 0.5125 0.071875 0.0890625
0 0.690625 0.5796875 0.075 0.10703125
0 0.640625 0.49921875 0.06484375 0.08203125
0 0.778125 0.43671875 0.03828125 0.06796875
0 0.571875 0.4609375 0.05859375 0.08046875
0 0.584375 0.546875 0.06796875 0.0875
0 0.67109375 0.3078125 0.025 0.02890625
0 0.5796875 0.30625 0.015625 0.0375
0 0.60625 0.425 0.05078125 0.0640625
0 0.71875 0.25859375 0.01328125 0.01953125
0 0.759375 0.3671875 0.03203125 0.0484375
0 0.8265625 0.36015625 0.02890625 0.0375
0 0.64375 0.39453125 0.01953125 0.05
0 0.740625 0.2484375 0.0140625 0.01953125
0 0.778125 0.25390625 0.01328125 0.021875
0 0.7796875 0.34765625 0.03046875 0.040625
0 0.8375 0.2234375 0.01171875 0.0140625
0 0.8046875 0.23671875 0.01484375 0.02109375
0 0.8546875 0.31640625 0.02421875 0.03359375
0 0.8484375 0.246875 0.01171875 0.01640625
0 0.76875 0.30390625 0.02109375 0.03046875
0 0.81953125 0.23046875 0.0109375 0.021875
0 0.8453125 0.21796875 0.00859375 0.0109375
0 0.746875 0.271875 0.01796875 0.021875
0 0.8328125 0.33203125 0.0234375 0.028125
0 0.79296875 0.2359375 0.009375 0.0140625
0 0.784375 0.2921875 0.01484375 0.0234375
0 0.7875 0.328125 0.03203125 0.04296875
0 0.74375 0.3890625 0.01640625 0.053125
0 0.8640625 0.23828125 0.01328125 0.015625