0 0.443754 0.398417 0.014211 0.021139
0 0.542859 0.441181 0.019047 0.032083
0 0.761715 0.773444 0.099164 0.154750
0 0.887172 0.781528 0.118219 0.157056
1 0.408098 0.597938 0.054133 0.093569
1 0.596355 0.466153 0.036086 0.073778
1 0.412004 0.405736 0.019852 0.027806
0 0.444988 0.373014 0.010883 0.014694
0 0.477910 0.379847 0.010883 0.016500
0 0.559070 0.398264 0.015875 0.023028
0 0.669043 0.514028 0.037336 0.054806
0 0.595867 0.420021 0.018297 0.026292
0 0.455574 0.381271 0.011742 0.018819
0 0.432008 0.386292 0.013344 0.017528
0 0.468410 0.400736 0.013633 0.023722
0 0.461738 0.420840 0.015086 0.022181
0 0.392992 0.429604 0.023781 0.032486
0 0.424246 0.434118 0.018711 0.027069
0 0.458477 0.435410 0.017844 0.025514
0 0.447875 0.479049 0.025563 0.040097
0 0.372441 0.522264 0.035086 0.045444
0 0.165859 0.864146 0.120562 0.150597
0 0.254832 0.605181 0.040852 0.081972
0 0.321996 0.615882 0.054883 0.073958
0 0.522211 0.370979 0.010656 0.016708
0 0.527535 0.385451 0.013789 0.018931
0 0.558340 0.375618 0.012320 0.017819
0 0.568992 0.386944 0.011906 0.018194
