2 0.728125 0.4890625 0.04296875 0.06953125
2 0.546875 0.4453125 0.034375 0.034375
4 0.55625 0.57578125 0.121875 0.215625
4 0.603125 0.475 0.04765625 0.08359375
4 0.7109375 0.33125 0.02421875 0.04296875
4 0.6859375 0.353125 0.02578125 0.03203125
4 0.74140625 0.371875 0.0203125 0.040625
4 0.80625 0.365625 0.03984375 0.0640625
4 0.7453125 0.321875 0.01640625 0.03203125
4 0.6453125 0.37265625 0.0203125 0.03203125
4 0.76953125 0.31171875 0.0140625 0.0234375
0 0.2515625 0.55703125 0.07578125 0.0640625
0 0.65703125 0.509375 0.0390625 0.053125
0 0.684375 0.428125 0.0265625 0.03359375
0 0.5984375 0.4015625 0.0234375 0.025
0 0.6515625 0.45078125 0.0296875 0.0375
0 0.46875 0.44296875 0.03515625 0.03359375
0 0.721875 0.43515625 0.028125 0.0375
0 0.496875 0.565625 0.03046875 0.071875
0 0.7578125 0.396875 0.01953125 0.025
0 0.5015625 0.44296875 0.03359375 0.0359375
0 0.640625 0.396875 0.02421875 0.02890625
0 0.7625 0.365625 0.0125 0.01796875
0 0.728125 0.35234375 0.01171875 0.01796875
0 0.7921875 0.31484375 0.00703125 0.01796875
0 0.765625 0.33046875 0.01171875 0.01640625
0 0.8046875 0.3828125 0.0203125 0.02890625
0 0.64140625 0.3671875 0.0125 0.02109375
0 0.746875 0.34140625 0.01015625 0.01640625
0 0.009375 0.7578125 0.01875 0.0625