0 0.612043 0.464257 0.028523 0.038681
0 0.532730 0.405146 0.014945 0.020903
0 0.413602 0.603590 0.044094 0.066375
0 0.441387 0.483125 0.030867 0.048083
0 0.408750 0.456729 0.025578 0.029792
0 0.391406 0.494090 0.030281 0.035542
0 0.342312 0.561514 0.042625 0.053306
0 0.197004 0.625875 0.074086 0.105361
0 0.160012 0.904174 0.132523 0.170847
0 0.460645 0.428007 0.017992 0.024458
1 0.037789 0.814840 0.075578 0.331153
0 0.600152 0.428187 0.019367 0.026125
0 0.543543 0.449097 0.022633 0.030306
0 0.577688 0.404278 0.014703 0.021778
0 0.668961 0.847576 0.085094 0.172347
0 0.318965 0.506111 0.060227 0.076944
0 0.687305 0.528271 0.040859 0.058014
