0 0.458477 0.436812 0.018375 0.027875
0 0.589543 0.413500 0.017398 0.023083
0 0.593098 0.441160 0.020086 0.030486
0 0.650988 0.486500 0.030133 0.044417
0 0.317754 0.600806 0.052070 0.064722
0 0.325168 0.518389 0.020320 0.057944
0 0.148254 0.681250 0.096102 0.128694
0 0.596316 0.616021 0.043930 0.080486
0 0.776734 0.771819 0.143234 0.282861
0 0.398613 0.667410 0.057148 0.092569
0 0.436293 0.501076 0.034289 0.059458
0 0.402000 0.470229 0.025828 0.035375
0 0.379777 0.511993 0.034711 0.043653
0 0.528910 0.392604 0.013227 0.019597
0 0.536750 0.425049 0.019109 0.027875
0 0.570312 0.394347 0.014203 0.020472
