1 0.13515625 0.91484375 0.2671875 0.165625
1 0.27109375 0.77265625 0.540625 0.4484375
2 0.5328125 0.553125 0.109375 0.184375
2 0.7234375 0.36640625 0.0515625 0.0859375
2 0.5171875 0.453125 0.07265625 0.0890625
2 0.7078125 0.3015625 0.04765625 0.06640625
2 0.65 0.23984375 0.034375 0.0484375
2 0.77265625 0.31015625 0.0375 0.05390625
2 0.846875 0.271875 0.04609375 0.0640625
2 0.7078125 0.2328125 0.02890625 0.034375
2 0.7375 0.19609375 0.02421875 0.03359375
2 0.7703125 0.26015625 0.03046875 0.04296875
2 0.79453125 0.18515625 0.01875 0.0234375
2 0.76875 0.20078125 0.0203125 0.0265625
2 0.73125 0.21796875 0.0234375 0.03046875
2 0.8421875 0.15625 0.02109375 0.02890625
4 0.86015625 0.24140625 0.0734375 0.128125
4 0.81796875 0.14375 0.021875 0.040625
4 0.78671875 0.13125 0.01875 0.02109375
0 0.7546875 0.18125 0.0171875 0.02109375
0 0.7875 0.1578125 0.01171875 0.015625
0 0.91875 0.17109375 0.01328125 0.01953125