0 0.451016 0.391493 0.014125 0.020236
0 0.233285 0.618118 0.070992 0.087375
0 0.327941 0.574431 0.052789 0.071194
0 0.303367 0.526694 0.043687 0.056639
0 0.423969 0.539646 0.042781 0.056625
2 0.362984 0.613264 0.022750 0.077667
0 0.389375 0.435694 0.023188 0.030722
0 0.422355 0.436076 0.019602 0.026986
0 0.447855 0.447875 0.019180 0.033333
0 0.437109 0.415847 0.021703 0.026972
4 0.540727 0.364326 0.013109 0.022292
0 0.525621 0.377333 0.011023 0.017222
0 0.547758 0.391007 0.011969 0.022292
0 0.572551 0.392701 0.015961 0.019597
0 0.581668 0.402660 0.015961 0.023986
0 0.533887 0.414993 0.019570 0.028375
0 0.611500 0.442521 0.022797 0.032764
0 0.550129 0.474944 0.026602 0.041556
0 0.663082 0.498076 0.038570 0.058097
0 0.609691 0.508389 0.037430 0.053028
0 0.748910 0.743521 0.091930 0.163431
0 0.636500 0.745146 0.083734 0.127819
0 0.463133 0.420715 0.016438 0.027736
0 0.431520 0.390181 0.009695 0.021361
0 0.395750 0.655340 0.060984 0.087375
0 0.475461 0.389806 0.012859 0.021361
0 0.478730 0.377632 0.010117 0.011986
0 0.466188 0.373132 0.007375 0.014986
0 0.484734 0.371069 0.009484 0.013861
1 0.410656 0.389056 0.033719 0.064056
1 0.438477 0.367139 0.019812 0.048694
3 0.359242 0.458743 0.033297 0.050569
3 0.401809 0.465111 0.032039 0.049833
3 0.451437 0.365646 0.003578 0.017986
4 0.457762 0.377632 0.014117 0.025486
0 0.164289 0.877833 0.125609 0.148861
0 0.295629 0.990292 0.081008 0.019417
