1 0.415625 0.81484375 0.2765625 0.365625
2 0.6453125 0.3296875 0.090625 0.12890625
2 0.57421875 0.41171875 0.0890625 0.1125
2 0.7015625 0.4 0.09296875 0.1359375
2 0.77578125 0.209375 0.0765625 0.1265625
2 0.64765625 0.1546875 0.053125 0.06796875
2 0.83046875 0.1859375 0.040625 0.05546875
4 0.52265625 0.71015625 0.490625 0.5765625
4 0.25 0.68359375 0.5 0.63046875
4 0.875 0.34375 0.16484375 0.28203125
4 0.95625 0.2015625 0.08671875 0.1859375
0 0.378125 0.3359375 0.09765625 0.08046875
0 0.4609375 0.25234375 0.071875 0.0734375
0 0.759375 0.09453125 0.03203125 0.0390625
0 0.5125 0.471875 0.03671875 0.11796875
0 0.65546875 0.19609375 0.053125 0.05859375
0 0.77421875 0.134375 0.0390625 0.0484375
0 0.9078125 0.1390625 0.0375 0.05
0 0.984375 0.06796875 0.02890625 0.03359375
0 0.9828125 0.00703125 0.0328125 0.0140625