1 0.603973 0.463097 0.061133 0.131972
0 0.452152 0.445972 0.018664 0.028611
0 0.433027 0.420257 0.015867 0.021986
0 0.401648 0.421090 0.017500 0.020319
0 0.446906 0.395167 0.011437 0.015750
1 0.455059 0.373708 0.014586 0.029028
0 0.550039 0.480208 0.024781 0.042333
1 0.679723 0.490326 0.087680 0.156458
0 0.366586 0.531278 0.039188 0.052750
0 0.149125 0.909326 0.138828 0.159125
3 0.401652 0.462972 0.025430 0.038556
3 0.465441 0.400972 0.014477 0.021556
3 0.272078 0.561035 0.059125 0.079431
0 0.378414 0.735604 0.069172 0.097181
3 0.566742 0.381660 0.013219 0.019347
0 0.123000 0.746465 0.115687 0.118958
0 0.534059 0.425271 0.016523 0.022125
0 0.523566 0.382590 0.013805 0.017625
0 0.563711 0.424215 0.016719 0.030375
0 0.427855 0.546056 0.040555 0.067194
0 0.360707 0.467535 0.027992 0.034431
