0 0.617980 0.446104 0.026648 0.036736
0 0.939305 0.868931 0.121391 0.200639
0 0.605551 0.647250 0.052789 0.097083
0 0.621480 0.521035 0.040961 0.064736
0 0.566867 0.524271 0.039141 0.064736
0 0.575562 0.444368 0.023219 0.033681
0 0.537176 0.426653 0.021023 0.031306
0 0.589312 0.413507 0.017234 0.022375
0 0.569086 0.389167 0.013938 0.024111
0 0.528559 0.393618 0.015773 0.022597
0 0.542188 0.379063 0.012469 0.018264
0 0.563461 0.380799 0.012953 0.021292
0 0.524707 0.369826 0.010758 0.019347
4 0.536629 0.360917 0.011617 0.021083
2 0.269871 0.804208 0.034586 0.121361
0 0.144082 0.724111 0.100117 0.105167
0 0.284711 0.658576 0.068266 0.103569
0 0.344328 0.825243 0.085562 0.142403
0 0.408039 0.605181 0.054609 0.077667
0 0.263316 0.567153 0.049148 0.069583
0 0.375020 0.451125 0.025930 0.029889
0 0.411582 0.452750 0.024102 0.029528
0 0.441758 0.466799 0.022891 0.033125
0 0.458875 0.438528 0.021875 0.026278
0 0.430516 0.427007 0.020250 0.022681
0 0.425352 0.397479 0.011953 0.024125
0 0.446313 0.397840 0.016203 0.024847
0 0.471934 0.396222 0.012352 0.017278
0 0.476289 0.385236 0.011344 0.016194
0 0.463629 0.378757 0.007086 0.016208
0 0.482973 0.373535 0.011742 0.010792
0 0.466062 0.366514 0.008703 0.011167
1 0.401352 0.396937 0.037266 0.066264
1 0.435406 0.367681 0.026438 0.045861
3 0.339148 0.483278 0.037312 0.058750
3 0.385629 0.491993 0.038586 0.059514
3 0.447668 0.366917 0.003195 0.020083
4 0.454809 0.381319 0.015773 0.029944
