1 0.9296875 0.50703125 0.13984375 0.3140625
2 0.1109375 0.82109375 0.21953125 0.278125
2 0.89453125 0.6390625 0.1625 0.2859375
2 0.4078125 0.21953125 0.11640625 0.153125
2 0.7546875 0.07578125 0.06015625 0.084375
2 0.85 0.23203125 0.08046875 0.11953125
2 0.9484375 0.2796875 0.090625 0.14296875
2 0.965625 0.153125 0.05625 0.06640625
4 0.62578125 0.525 0.3171875 0.6109375
4 0.43828125 0.109375 0.2109375 0.21875
4 0.88515625 0.04921875 0.065625 0.0984375
0 0.1765625 0.43671875 0.13984375 0.14609375
0 0.378125 0.6265625 0.1703125 0.203125
0 0.353125 0.903125 0.24453125 0.19140625
0 0.71171875 0.1609375 0.0703125 0.08046875
0 0.8078125 0.29296875 0.059375 0.1140625
0 0.8171875 0.4625 0.08125 0.15859375
0 0.90625 0.3453125 0.09609375 0.12109375
0 0.8921875 0.2125 0.0578125 0.096875
0 0.77109375 0.51484375 0.034375 0.134375
0 0.9828125 0.12734375 0.0328125 0.0734375
0 0.9765625 0.23125 0.04453125 0.13203125
0 0.925 0.1765625 0.05625 0.071875
0 0.9921875 0.01328125 0.01484375 0.0265625
0 0.371875 0.18046875 0.065625 0.096875
0 0.484375 0.453125 0.04140625 0.209375