2 0.39609375 0.54609375 0.128125 0.20859375
2 0.71875 0.315625 0.0328125 0.04609375
2 0.72109375 0.36875 0.0390625 0.059375
2 0.8109375 0.31875 0.04296875 0.09296875
2 0.78125 0.30703125 0.02421875 0.0390625
2 0.76875 0.278125 0.02421875 0.0359375
2 0.7296875 0.2484375 0.02265625 0.03046875
4 0.703125 0.21875 0.03984375 0.0625
4 0.74921875 0.203125 0.028125 0.053125
4 0.821875 0.3015625 0.06328125 0.128125
4 0.86875 0.240625 0.03671875 0.07890625
0 0.628125 0.28359375 0.02734375 0.03359375
0 0.584375 0.4375 0.05546875 0.06953125
0 0.3359375 0.46484375 0.06640625 0.05703125
0 0.7828125 0.215625 0.009375 0.0140625
0 0.7625 0.23828125 0.0125 0.02109375
0 0.73984375 0.234375 0.0171875 0.0234375
0 0.8046875 0.215625 0.01015625 0.015625
0 0.078125 0.203125 0.028125 0.015625