0 0.674152 0.522417 0.038727 0.051833
0 0.433598 0.512056 0.031023 0.047694
1 0.328480 0.547715 0.069055 0.126903
1 0.439426 0.369653 0.017820 0.032167
0 0.483437 0.372528 0.009453 0.015361
0 0.459945 0.372896 0.008375 0.013681
0 0.454883 0.382014 0.011750 0.016556
0 0.608602 0.440097 0.021922 0.030694
0 0.428625 0.388972 0.016203 0.019917
0 0.441922 0.398215 0.014719 0.019681
0 0.469168 0.406090 0.014461 0.021569
0 0.408633 0.409819 0.019359 0.024889
0 0.434527 0.412729 0.017492 0.027375
0 0.457273 0.435944 0.019125 0.029028
0 0.411199 0.452326 0.024023 0.032764
0 0.433598 0.512056 0.031023 0.047694
0 0.250016 0.574264 0.069141 0.106000
0 0.410145 0.593424 0.048430 0.068681
0 0.583176 0.409611 0.013992 0.023639
0 0.610879 0.684688 0.067320 0.122542
0 0.094590 0.947479 0.150492 0.105042
0 0.346648 0.796424 0.086500 0.126903
0 0.353465 0.469542 0.029398 0.034833
0 0.674152 0.522417 0.038727 0.051833
1 0.328480 0.547715 0.069055 0.126903
1 0.439426 0.369653 0.017820 0.032167
0 0.483437 0.372528 0.009453 0.015361
0 0.459945 0.372896 0.008375 0.013681
0 0.454883 0.382014 0.011750 0.016556
0 0.428625 0.388972 0.016203 0.019917
0 0.441922 0.398215 0.014719 0.019681
0 0.469168 0.406090 0.014461 0.021569
0 0.408633 0.409819 0.019359 0.024889
0 0.434527 0.412729 0.017492 0.027375
0 0.457273 0.435944 0.019125 0.029028
0 0.411199 0.452326 0.024023 0.032764
0 0.250016 0.574264 0.069141 0.106000
0 0.410145 0.593424 0.048430 0.068681
0 0.583176 0.409611 0.013992 0.023639
0 0.353465 0.469542 0.029398 0.034833
0 0.346648 0.796424 0.086500 0.126903
0 0.094590 0.947479 0.150492 0.105042
0 0.610879 0.684688 0.067320 0.122542
0 0.608602 0.440097 0.021922 0.030694
