0 0.354594 0.475951 0.030094 0.032347
3 0.404754 0.411257 0.017961 0.028208
0 0.423645 0.434688 0.018430 0.022819
0 0.462141 0.423701 0.016562 0.019069
0 0.468090 0.407944 0.015398 0.017417
1 0.438695 0.394458 0.020531 0.041056
1 0.578242 0.383597 0.027766 0.058472
1 0.549656 0.374472 0.021437 0.051000
0 0.686301 0.622632 0.057242 0.087431
0 0.093211 0.961458 0.152375 0.077083
0 0.244000 0.603604 0.059484 0.069681
3 0.448957 0.445889 0.021461 0.034417
3 0.298773 0.631389 0.059016 0.085028
0 0.584043 0.458910 0.024070 0.033653
0 0.394371 0.481965 0.026133 0.033597
