1 0.388648 0.431549 0.026344 0.035931
0 0.435598 0.382681 0.011023 0.012472
0 0.471937 0.393826 0.011031 0.017819
0 0.566793 0.383354 0.010273 0.016486
0 0.528699 0.383576 0.011273 0.017819
0 0.458402 0.380681 0.010023 0.015583
0 0.481082 0.373771 0.009773 0.016931
0 0.682465 0.517535 0.043305 0.068514
0 0.398508 0.479813 0.029078 0.038319
0 0.461035 0.423229 0.017289 0.029403
0 0.453141 0.454417 0.021047 0.029417
0 0.443992 0.484042 0.025312 0.034306
0 0.416926 0.402736 0.016289 0.024056
0 0.428957 0.421667 0.017289 0.025389
0 0.359914 0.469563 0.030578 0.042764
0 0.415051 0.593361 0.048070 0.067750
0 0.284055 0.680361 0.068422 0.087778
1 0.281457 0.962979 0.139445 0.074042
0 0.033328 0.907090 0.066656 0.145514
0 0.701520 0.929875 0.123852 0.140250
0 0.622488 0.519069 0.030742 0.048500
0 0.625930 0.467153 0.027422 0.039139
0 0.445121 0.397167 0.014539 0.022722
0 0.574688 0.442139 0.021656 0.032722
0 0.588578 0.414868 0.016234 0.024375
1 0.555559 0.392729 0.018039 0.036569
