2 0.24296875 0.85625 0.1734375 0.22890625
2 0.228125 0.65703125 0.15234375 0.20859375
2 0.5875 0.49296875 0.0796875 0.10859375
2 0.1875 0.48359375 0.09765625 0.1
2 0.528125 0.43203125 0.07265625 0.09140625
2 0.1953125 0.41328125 0.0828125 0.06796875
2 0.88359375 0.2375 0.0421875 0.08359375
4 0.6515625 0.19453125 0.03515625 0.0609375
4 0.7875 0.340625 0.121875 0.23203125
4 0.75 0.13203125 0.03671875 0.06640625
4 0.709375 0.11484375 0.03671875 0.02890625
4 0.7953125 0.115625 0.02734375 0.05390625
4 0.77265625 0.22734375 0.090625 0.09296875
4 0.9125 0.1625 0.03515625 0.06640625
0 0.4796875 0.315625 0.05546875 0.065625
0 0.653125 0.3265625 0.04765625 0.0609375
0 0.596875 0.25859375 0.03984375 0.05
0 0.71015625 0.16953125 0.01875 0.025
0 0.75 0.17890625 0.02421875 0.03046875
0 0.78125 0.1625 0.01796875 0.025
0 0.7390625 0.253125 0.02265625 0.04140625
0 0.8984375 0.12578125 0.02734375 0.0234375
0 0.8171875 0.196875 0.0203125 0.04140625
0 0.85234375 0.209375 0.025 0.0359375
0 0.7984375 0.1390625 0.01484375 0.01953125
0 0.8375 0.178125 0.0234375 0.02890625
0 0.8578125 0.11875 0.0140625 0.01796875
0 0.34453125 0.98125 0.115625 0.034375