4 0.1140625 0.4375 0.22734375 0.271875
4 0.5203125 0.50859375 0.24609375 0.35859375
4 0.771875 0.37578125 0.09375 0.17890625
4 0.759375 0.1984375 0.02734375 0.05
4 0.8234375 0.25078125 0.04140625 0.0734375
0 0.0609375 0.60234375 0.121875 0.1046875
0 0.0640625 0.86328125 0.12734375 0.2234375
0 0.6765625 0.53984375 0.08203125 0.14296875
0 0.725 0.2484375 0.02265625 0.03046875
0 0.709375 0.378125 0.034375 0.05859375
0 0.7140625 0.31796875 0.02890625 0.04140625
0 0.5703125 0.32109375 0.04296875 0.046875
0 0.7703125 0.2765625 0.02109375 0.028125
0 0.7578125 0.234375 0.01796875 0.021875
0 0.803125 0.28359375 0.02265625 0.01953125
0 0.7796875 0.221875 0.01484375 0.01953125
0 0.78125 0.265625 0.01640625 0.0265625
0 0.8453125 0.246875 0.00703125 0.021875
0 0.853125 0.2328125 0.01953125 0.02109375
0 0.790625 0.21015625 0.01015625 0.015625