0 0.591797 0.421750 0.017500 0.025972
0 0.430836 0.386417 0.011016 0.016667
0 0.707340 0.943882 0.113648 0.112236
0 0.374770 0.701604 0.064398 0.097181
0 0.727285 0.586187 0.054383 0.066431
0 0.419895 0.557542 0.040320 0.055944
0 0.438438 0.409528 0.016875 0.025139
0 0.276824 0.547514 0.059320 0.090250
0 0.438434 0.492479 0.026086 0.039569
0 0.627336 0.461806 0.024687 0.034444
0 0.363398 0.458299 0.025313 0.028625
0 0.417164 0.443028 0.022266 0.027361
0 0.460500 0.428056 0.016250 0.027222
0 0.413984 0.406611 0.016094 0.020972
0 0.470191 0.401403 0.014758 0.022222
0 0.444859 0.394125 0.013125 0.016806
0 0.456852 0.380028 0.010234 0.015556
1 0.347840 0.521757 0.059617 0.110875
1 0.442352 0.369264 0.016172 0.027917
0 0.190648 0.822118 0.103000 0.130097
0 0.707340 0.943882 0.113648 0.112236
0 0.190648 0.822118 0.103000 0.130097
0 0.591797 0.421750 0.017500 0.025972
1 0.442352 0.369264 0.016172 0.027917
1 0.347840 0.521757 0.059617 0.110875
0 0.456852 0.380028 0.010234 0.015556
0 0.430836 0.386417 0.011016 0.016667
0 0.444859 0.394125 0.013125 0.016806
0 0.470191 0.401403 0.014758 0.022222
0 0.413984 0.406611 0.016094 0.020972
0 0.460500 0.428056 0.016250 0.027222
0 0.417164 0.443028 0.022266 0.027361
0 0.363398 0.458299 0.025313 0.028625
0 0.627336 0.461806 0.024687 0.034444
0 0.438434 0.492479 0.026086 0.039569
0 0.276824 0.547514 0.059320 0.090250
0 0.438438 0.409528 0.016875 0.025139
0 0.419895 0.557542 0.040320 0.055944
0 0.727285 0.586187 0.054383 0.066431
0 0.374770 0.701604 0.064398 0.097181
