1 0.53828125 0.734375 0.3484375 0.521875
2 0.759375 0.53984375 0.07421875 0.1234375
4 0.8609375 0.303125 0.05390625 0.103125
4 0.73046875 0.415625 0.1140625 0.1875
4 0.903125 0.2703125 0.034375 0.07109375
4 0.21640625 0.76640625 0.4328125 0.4640625
4 0.5625 0.475 0.17265625 0.1359375
4 0.8046875 0.24375 0.03046875 0.05390625
4 0.79453125 0.396875 0.01875 0.0609375
4 0.9265625 0.25078125 0.02265625 0.0515625
4 0.78671875 0.490625 0.053125 0.115625
4 0.8203125 0.21796875 0.01640625 0.01953125
0 0.846875 0.43359375 0.0421875 0.0609375
0 0.575 0.36171875 0.03984375 0.0375
0 0.77265625 0.29375 0.0203125 0.0265625
0 0.85703125 0.246875 0.0125 0.0125
0 0.7734375 0.265625 0.02265625 0.021875
0 0.7328125 0.29453125 0.01953125 0.025
0 0.825 0.265625 0.01953125 0.02109375
0 0.5453125 0.40859375 0.05078125 0.05