1 0.459375 0.82734375 0.26796875 0.340625
1 0.30625 0.67578125 0.19453125 0.434375
2 0.0765625 0.715625 0.153125 0.25
2 0.146875 0.61171875 0.13359375 0.165625
4 0.365625 0.61640625 0.31171875 0.55546875
4 0.5515625 0.12734375 0.09140625 0.1234375
4 0.7203125 0.44296875 0.20390625 0.428125
4 0.73125 0.103125 0.03828125 0.053125
4 0.771875 0.059375 0.04296875 0.0875
4 0.8625 0.25390625 0.10859375 0.2359375
4 0.821875 0.08515625 0.025 0.040625
4 0.67109375 0.046875 0.034375 0.0375
4 0.9328125 0.17109375 0.0703125 0.125
4 0.82578125 0.0328125 0.03125 0.065625
0 0.4171875 0.26171875 0.06015625 0.065625
0 0.09140625 0.40703125 0.1015625 0.1
0 0.1734375 0.4390625 0.1046875 0.10546875
0 0.51953125 0.2484375 0.0578125 0.071875
0 0.6171875 0.19453125 0.0453125 0.053125
0 0.375 0.946875 0.1765625 0.10390625
0 0.6296875 0.7328125 0.09453125 0.1875
0 0.5671875 0.503125 0.096875 0.121875
0 0.65546875 0.15234375 0.034375 0.040625
0 0.5390625 0.384375 0.06484375 0.115625
0 0.56015625 0.19140625 0.04375 0.053125
0 0.71796875 0.14375 0.034375 0.040625
0 0.6125 0.3234375 0.06015625 0.08359375
0 0.61640625 0.42890625 0.0359375 0.103125
0 0.7703125 0.11796875 0.02734375 0.03359375
0 0.884375 0.0515625 0.01484375 0.01953125
0 0.86640625 0.06328125 0.0140625 0.0234375
0 0.85234375 0.296875 0.0671875 0.13046875
0 0.921875 0.0265625 0.0109375 0.01640625
0 0.709375 0.2328125 0.03984375 0.02890625
0 0.6703125 0.25390625 0.04453125 0.03046875
0 0.8046875 0.56640625 0.0296875 0.0640625