1 0.5796875 0.5796875 0.23203125 0.4234375
2 0.2546875 0.7921875 0.2140625 0.3265625
2 0.6078125 0.3046875 0.06171875 0.084375
2 0.784375 0.321875 0.08046875 0.159375
2 0.86484375 0.2171875 0.0546875 0.10703125
2 0.76796875 0.184375 0.040625 0.046875
4 0.41484375 0.196875 0.1703125 0.20859375
4 0.27265625 0.22109375 0.1234375 0.18046875
4 0.48828125 0.246875 0.0703125 0.09140625
4 0.88515625 0.184375 0.0953125 0.178125
4 0.76484375 0.03046875 0.034375 0.028125
4 0.6125 0.153125 0.04765625 0.06640625
4 0.8390625 0.03203125 0.02578125 0.053125
0 0.140625 0.434375 0.1203125 0.12109375
0 0.4484375 0.45234375 0.10703125 0.12109375
0 0.01875 0.83359375 0.0375 0.1609375
0 0.2375 0.61328125 0.14296875 0.165625
0 0.5515625 0.35546875 0.07421875 0.09453125
0 0.7234375 0.47265625 0.06171875 0.1234375
0 0.65859375 0.35 0.06875 0.06640625
0 0.7328125 0.2109375 0.040625 0.053125
0 0.77109375 0.11015625 0.0265625 0.03203125
0 0.70625 0.3171875 0.06015625 0.08203125
0 0.684375 0.25078125 0.05234375 0.0625
0 0.796875 0.2234375 0.0484375 0.046875
0 0.4796875 0.528125 0.03359375 0.109375
0 0.8015625 0.0953125 0.021875 0.02890625
0 0.83828125 0.07109375 0.01875 0.028125
0 0.8578125 0.0625 0.01640625 0.01953125
0 0.6921875 0.2125 0.02265625 0.01953125
0 0.771875 0.0828125 0.01875 0.02109375
0 0.7890625 0.08125 0.01640625 0.0265625
0 0.9359375 0.146875 0.0125 0.040625
0 0.78515625 0.165625 0.03125 0.04296875
0 0.8140625 0.15390625 0.03046875 0.04453125