2 0.5125 0.60546875 0.12421875 0.196875
2 0.371875 0.56484375 0.1296875 0.184375
2 0.23984375 0.6734375 0.175 0.2359375
2 0.478125 0.490625 0.07890625 0.12890625
2 0.5453125 0.38515625 0.096875 0.1015625
2 0.659375 0.33671875 0.0421875 0.084375
2 0.6234375 0.3625 0.05546875 0.06953125
2 0.9109375 0.24765625 0.04765625 0.084375
4 0.5625 0.209375 0.10078125 0.1359375
4 0.6953125 0.53515625 0.15859375 0.32109375
4 0.740625 0.30078125 0.12890625 0.16796875
4 0.6734375 0.18203125 0.06640625 0.1
4 0.8390625 0.32890625 0.071875 0.175
4 0.584375 0.49765625 0.13828125 0.2265625
4 0.81484375 0.1390625 0.025 0.046875
4 0.8671875 0.18515625 0.02734375 0.0625
4 0.91640625 0.0984375 0.0203125 0.03046875
4 0.7921875 0.11796875 0.0296875 0.025
4 0.82109375 0.215625 0.06875 0.0609375
4 0.934375 0.19765625 0.03515625 0.0875
0 0.1515625 0.46875 0.09609375 0.084375
0 0.3875 0.40390625 0.0828125 0.078125
0 0.565625 0.30546875 0.05234375 0.05
0 0.07109375 0.978125 0.121875 0.04140625
0 0.665625 0.253125 0.03671875 0.04140625
0 0.64140625 0.2421875 0.03125 0.02890625
0 0.8671875 0.2375 0.03125 0.04140625
0 0.90390625 0.2015625 0.0265625 0.0390625
0 0.72890625 0.2203125 0.034375 0.02890625
0 0.9375 0.12890625 0.0140625 0.01953125
0 0.625 0.340625 0.0296875 0.025
0 0.921875 0.1171875 0.00859375 0.0125
0 0.89609375 0.17109375 0.01875 0.025
0 0.91171875 0.1578125 0.015625 0.0234375
0 0.9125 0.1796875 0.01484375 0.01796875
0 0.9046875 0.265625 0.03359375 0.0484375