2 0.475 0.89453125 0.1703125 0.20546875
2 0.3984375 0.73046875 0.12890625 0.175
2 0.346875 0.5953125 0.12109375 0.1765625
2 0.8984375 0.25546875 0.03828125 0.08359375
2 0.7984375 0.178125 0.02265625 0.034375
4 0.59296875 0.246875 0.0453125 0.0734375
4 0.7296875 0.1640625 0.04375 0.075
4 0.81875 0.34140625 0.11015625 0.2109375
4 0.7875 0.14375 0.0328125 0.059375
4 0.82421875 0.1421875 0.01875 0.0375
4 0.80625 0.24375 0.07109375 0.09296875
0 0.2921875 0.44375 0.08203125 0.0875
0 0.6421875 0.4703125 0.07109375 0.09609375
0 0.49609375 0.33828125 0.05625 0.065625
0 0.68359375 0.334375 0.0453125 0.059375
0 0.7171875 0.22421875 0.02890625 0.034375
0 0.5765625 0.425 0.06484375 0.08359375
0 0.67890625 0.209375 0.021875 0.02890625
0 0.759375 0.203125 0.02265625 0.03046875
0 0.7609375 0.27109375 0.02734375 0.04140625
0 0.78671875 0.171875 0.0109375 0.021875
0 0.8609375 0.23046875 0.0390625 0.0359375
0 0.8484375 0.203125 0.021875 0.03203125