1 0.5875 0.4 0.059375 0.121875
2 0.21875 0.7171875 0.134375 0.159375
2 0.28125 0.478125 0.0984375 0.103125
4 0.740625 0.434375 0.09453125 0.1515625
4 0.5765625 0.509375 0.19453125 0.24296875
4 0.81953125 0.303125 0.0578125 0.12890625
4 0.75078125 0.21015625 0.015625 0.0265625
4 0.8640625 0.23046875 0.05 0.075
4 0.78984375 0.19765625 0.01875 0.0375
4 0.7546875 0.1828125 0.01640625 0.01796875
0 0.04609375 0.89296875 0.0921875 0.1859375
0 0.3875 0.3890625 0.053125 0.053125
0 0.296875 0.83515625 0.16796875 0.21796875
0 0.521875 0.35859375 0.046875 0.05
0 0.54375 0.31875 0.03671875 0.0375
0 0.746875 0.29140625 0.028125 0.0359375
0 0.7796875 0.31171875 0.02578125 0.0375
0 0.7921875 0.25546875 0.01875 0.025
0 0.634375 0.2953125 0.03359375 0.040625
0 0.6875 0.41796875 0.02421875 0.053125
0 0.8046875 0.21171875 0.0140625 0.015625
0 0.81875 0.228125 0.01875 0.0359375
0 0.7546875 0.334375 0.02890625 0.0375
0 0.75390625 0.23828125 0.0171875 0.02109375
0 0.7046875 0.246875 0.01484375 0.0234375
0 0.7734375 0.21640625 0.01171875 0.01640625
0 0.7296875 0.23046875 0.02265625 0.028125
0 0.2859375 0.175 0.01484375 0.0140625
0 0.8484375 0.22734375 0.02109375 0.03203125