2 0.609375 0.39453125 0.05859375 0.09453125
2 0.74140625 0.4921875 0.0671875 0.09609375
2 0.4515625 0.36328125 0.06484375 0.08203125
2 0.7609375 0.3484375 0.04375 0.05859375
2 0.76640625 0.2125 0.021875 0.0359375
2 0.8578125 0.31484375 0.0546875 0.1015625
4 0.415625 0.2859375 0.1171875 0.15859375
4 0.59765625 0.22265625 0.06875 0.10703125
4 0.69140625 0.20703125 0.0375 0.046875
4 0.678125 0.2515625 0.03515625 0.05
4 0.62578125 0.259375 0.04375 0.04609375
4 0.65078125 0.16953125 0.0453125 0.03359375
4 0.7625 0.16875 0.03203125 0.059375
4 0.8671875 0.290625 0.07421875 0.1515625
4 0.828125 0.2453125 0.0546875 0.1265625
0 0.1125 0.56171875 0.103125 0.1015625
0 0.38125 0.59296875 0.09609375 0.121875
0 0.5 0.65625 0.10234375 0.134375
0 0.0265625 0.92109375 0.053125 0.1546875
0 0.56875 0.2890625 0.0359375 0.04453125
0 0.0671875 0.48828125 0.08046875 0.0765625
0 0.6859375 0.3421875 0.04375 0.05703125
0 0.696875 0.4203125 0.05546875 0.0765625
0 0.16328125 0.9578125 0.1796875 0.08203125
0 0.725 0.23515625 0.025 0.03203125
0 0.7328125 0.303125 0.034375 0.04609375
0 0.7765625 0.27265625 0.02890625 0.0375
0 0.753125 0.203125 0.01640625 0.0265625
0 0.7859375 0.2046875 0.01640625 0.0265625
0 0.7953125 0.2578125 0.015625 0.0234375
0 0.640625 0.2578125 0.01328125 0.040625