1 0.34453125 0.76875 0.390625 0.45703125
2 0.6265625 0.61640625 0.1 0.175
2 0.72890625 0.403125 0.1 0.2015625
2 0.60859375 0.31171875 0.065625 0.084375
2 0.08984375 0.4484375 0.1484375 0.1609375
2 0.825 0.27734375 0.06953125 0.13203125
4 0.675 0.0921875 0.053125 0.0875
4 0.7359375 0.08046875 0.05625 0.1
4 0.7703125 0.03125 0.02421875 0.0265625
4 0.8484375 0.23359375 0.11796875 0.221875
4 0.79375 0.09453125 0.02578125 0.0390625
4 0.796875 0.08359375 0.034375 0.0609375
0 0.23046875 0.6375 0.16875 0.175
0 0.4 0.48203125 0.1078125 0.128125
0 0.5765625 0.446875 0.08984375 0.125
0 0.4921875 0.39765625 0.08359375 0.115625
0 0.59140625 0.20390625 0.0421875 0.05
0 0.66484375 0.35859375 0.071875 0.09453125
0 0.76953125 0.259375 0.04375 0.065625
0 0.73046875 0.21796875 0.0453125 0.05546875
0 0.759375 0.1890625 0.0359375 0.046875
0 0.7328125 0.12734375 0.02890625 0.040625
0 0.94453125 0.121875 0.0234375 0.04140625
0 0.91796875 0.171875 0.021875 0.046875
0 0.84375 0.04921875 0.0125 0.01796875
0 0.67265625 0.26015625 0.05 0.065625
0 0.615625 0.2640625 0.03046875 0.028125
0 0.7890625 0.2109375 0.02109375 0.04140625
0 0.928125 0.15234375 0.02578125 0.04609375
0 0.865625 0.1 0.02109375 0.03046875