2 0.35234375 0.76484375 0.1625 0.21796875
2 0.296875 0.61953125 0.13984375 0.171875
2 0.50234375 0.44375 0.1 0.1234375
2 0.628125 0.46171875 0.08671875 0.13203125
2 0.6109375 0.3515625 0.08515625 0.128125
2 0.75625 0.21328125 0.04921875 0.04609375
2 0.86875 0.1390625 0.03828125 0.071875
4 0.76875 0.40234375 0.2046875 0.39296875
4 0.79375 0.04140625 0.0390625 0.03046875
4 0.57734375 0.1421875 0.0546875 0.1234375
4 0.9234375 0.20703125 0.10078125 0.203125
4 0.540625 0.15703125 0.13046875 0.153125
4 0.9015625 0.0390625 0.0234375 0.046875
4 0.8578125 0.04921875 0.03359375 0.07109375
4 0.9875 0.11484375 0.02265625 0.08203125
4 0.98828125 0.015625 0.021875 0.03046875
0 0.65625 0.67890625 0.11796875 0.178125
0 0.63359375 0.18671875 0.040625 0.04296875
0 0.87734375 0.3515625 0.0265625 0.08046875
0 0.79375 0.1125 0.02265625 0.03046875
0 0.8140625 0.121875 0.02578125 0.03359375
0 0.82578125 0.1875 0.0421875 0.046875
0 0.846875 0.1046875 0.02265625 0.03203125
0 0.921875 0.09921875 0.01953125 0.0234375
0 0.9 0.07421875 0.0203125 0.03203125
0 0.0546875 0.84375 0.109375 0.2515625
0 0.93125 0.053125 0.01796875 0.034375
0 0.9171875 0.05234375 0.0109375 0.02109375
0 0.9265625 0.275 0.02578125 0.05546875