1 0.5421875 0.6484375 0.24296875 0.48046875
1 0.2953125 0.7328125 0.3734375 0.52890625
2 0.78125 0.3875 0.0515625 0.08046875
2 0.0796875 0.78359375 0.0921875 0.19140625
2 0.8359375 0.30546875 0.03359375 0.053125
2 0.859375 0.25390625 0.034375 0.078125
4 0.11484375 0.40703125 0.2296875 0.2390625
4 0.81015625 0.25546875 0.0484375 0.0890625
4 0.753125 0.1828125 0.01796875 0.01796875
4 0.8 0.19296875 0.02265625 0.0359375
0 0.05390625 0.54765625 0.1078125 0.090625
0 0.4890625 0.3453125 0.040625 0.04296875
0 0.38203125 0.396875 0.0515625 0.05546875
0 0.59375 0.321875 0.03671875 0.0375
0 0.428125 0.4078125 0.0578125 0.0625
0 0.684375 0.546875 0.0484375 0.1015625
0 0.67890625 0.27578125 0.0265625 0.03203125
0 0.6421875 0.27265625 0.025 0.03203125
0 0.521875 0.45234375 0.05859375 0.05390625
0 0.703125 0.2484375 0.01953125 0.025
0 0.63125 0.37109375 0.0328125 0.028125
0 0.7765625 0.26796875 0.02109375 0.028125
0 0.790625 0.35234375 0.0390625 0.040625
0 0.73984375 0.228125 0.0203125 0.021875
0 0.76875 0.23046875 0.015625 0.01953125
0 0.7796875 0.21484375 0.01015625 0.015625
0 0.7609375 0.2203125 0.01015625 0.02109375
0 0.8390625 0.24765625 0.01171875 0.0265625
0 0.7890625 0.34296875 0.034375 0.021875