1 0.546875 0.83515625 0.2421875 0.3234375
2 0.8203125 0.2265625 0.025 0.0390625
4 0.6890625 0.46015625 0.13828125 0.27109375
4 0.721875 0.2359375 0.06640625 0.103125
4 0.88046875 0.18203125 0.0234375 0.04140625
4 0.815625 0.20078125 0.03671875 0.065625
4 0.784375 0.184375 0.02578125 0.025
4 0.90703125 0.171875 0.01875 0.0375
4 0.7375 0.259375 0.03359375 0.05859375
4 0.86796875 0.315625 0.0484375 0.09296875
0 0.240625 0.7828125 0.159375 0.17109375
0 0.38125 0.66875 0.1140625 0.140625
0 0.603125 0.62734375 0.096875 0.12109375
0 0.4140625 0.82109375 0.13046875 0.18359375
0 0.7046875 0.67734375 0.09375 0.1484375
0 0.41796875 0.42109375 0.05625 0.06640625
0 0.6515625 0.31015625 0.03515625 0.0375
0 0.4640625 0.434375 0.06875 0.071875
0 0.8296875 0.503125 0.06015625 0.0859375
0 0.7859375 0.26875 0.0265625 0.03203125
0 0.5390625 0.52109375 0.07890625 0.096875
0 0.778125 0.23671875 0.02109375 0.03203125
0 0.77890625 0.428125 0.0484375 0.07109375
0 0.49375 0.70859375 0.09765625 0.09453125
0 0.4765625 0.590625 0.0953125 0.125
0 0.78359375 0.34453125 0.0390625 0.046875
0 0.85625 0.2328125 0.01875 0.0234375
0 0.59765625 0.48203125 0.0578125 0.08359375
0 0.81015625 0.39609375 0.0453125 0.0640625
0 0.909375 0.1984375 0.01328125 0.025
0 0.85625 0.4296875 0.05234375 0.06796875
0 0.8984375 0.371875 0.03671875 0.05546875
0 0.75703125 0.4625 0.0125 0.06640625
0 0.025 0.8875 0.04921875 0.221875
0 0.909375 0.25 0.02265625 0.028125
0 0.8296875 0.36171875 0.04453125 0.06796875
0 0.7609375 0.3671875 0.01484375 0.05703125
0 0.8890625 0.2125 0.01328125 0.01953125
0 0.8421875 0.2125 0.015625 0.01953125
0 0.846875 0.34453125 0.0390625 0.06640625
0 0.81796875 0.31171875 0.0296875 0.04609375
0 0.8984375 0.30703125 0.01640625 0.0390625
0 0.9375 0.259375 0.02265625 0.028125
0 0.7078125 0.2640625 0.02734375 0.03046875
0 0.9203125 0.240625 0.01875 0.028125
0 0.85703125 0.20625 0.0125 0.01796875
0 0.9375 0.22890625 0.015625 0.025
0 0.84140625 0.29296875 0.01875 0.03046875
0 0.9734375 0.36953125 0.04921875 0.09453125
0 0.8796875 0.26953125 0.02109375 0.028125
0 0.90625 0.57578125 0.08984375 0.084375
0 0.9046875 0.290625 0.02734375 0.04140625
0 0.93125 0.58359375 0.03984375 0.06953125