4 0.203125 0.76875 0.23515625 0.334375
4 0.7203125 0.4234375 0.1109375 0.203125
4 0.63515625 0.29609375 0.0765625 0.13359375
4 0.6984375 0.63984375 0.13515625 0.2375
4 0.7734375 0.23828125 0.04296875 0.06796875
4 0.8515625 0.21640625 0.02265625 0.0390625
4 0.79921875 0.209375 0.0203125 0.0234375
4 0.87734375 0.203125 0.025 0.03203125
4 0.928125 0.18515625 0.01015625 0.0234375
4 0.7578125 0.27265625 0.02890625 0.04296875
4 0.8671875 0.3109375 0.03828125 0.08046875
0 0.3828125 0.665625 0.125 0.12890625
0 0.3203125 0.9140625 0.15703125 0.16953125
0 0.45234375 0.41796875 0.05625 0.05546875
0 0.63671875 0.77578125 0.121875 0.17890625
0 0.484375 0.58671875 0.0875 0.109375
0 0.5234375 0.69921875 0.10859375 0.14296875
0 0.78515625 0.5328125 0.059375 0.09609375
0 0.56328125 0.521875 0.0734375 0.09609375
0 0.5828125 0.62578125 0.08203125 0.1015625
0 0.65546875 0.553125 0.0671875 0.09296875
0 0.66875 0.340625 0.03515625 0.040625
0 0.79921875 0.278125 0.021875 0.025
0 0.609375 0.475 0.06171875 0.078125
0 0.796875 0.40078125 0.04296875 0.05703125
0 0.6515625 0.44609375 0.0421875 0.06953125
0 0.8609375 0.42421875 0.03828125 0.059375
0 0.7921875 0.33828125 0.03125 0.040625
0 0.94765625 0.36328125 0.03125 0.0765625
0 0.77578125 0.43125 0.01875 0.065625
0 0.8484375 0.253125 0.01484375 0.01953125
0 0.82109375 0.378125 0.0375 0.05390625
0 0.8734375 0.3796875 0.0359375 0.0484375
0 0.90625 0.3421875 0.034375 0.040625
0 0.890625 0.3078125 0.0140625 0.034375
0 0.86875 0.240625 0.01171875 0.01796875
0 0.9296875 0.31484375 0.02890625 0.04609375
0 0.8171875 0.321875 0.02265625 0.0359375
0 0.8390625 0.3015625 0.021875 0.03359375
0 0.834375 0.35234375 0.03671875 0.05390625
0 0.8046875 0.24765625 0.015625 0.02109375
0 0.9140625 0.253125 0.0171875 0.021875
0 0.8984375 0.29453125 0.0203125 0.03359375
0 0.825 0.240625 0.0140625 0.01796875
0 0.9109375 0.28359375 0.01875 0.03046875
0 0.8984375 0.3875 0.025 0.04140625
0 0.93046875 0.26328125 0.0171875 0.01796875
0 0.85 0.33828125 0.03125 0.05390625
0 0.8921875 0.26640625 0.01640625 0.021875
0 0.33984375 0.98984375 0.09375 0.01796875