2 0.57890625 0.75 0.1796875 0.31640625
2 0.6265625 0.23359375 0.0765625 0.10546875
2 0.25 0.48515625 0.07890625 0.20703125
2 0.75703125 0.2359375 0.075 0.128125
2 0.7171875 0.275 0.08125 0.125
4 0.1875 0.14453125 0.22421875 0.25
4 0.409375 0.52421875 0.30078125 0.584375
4 0.6515625 0.5953125 0.20078125 0.34296875
4 0.87890625 0.20703125 0.1546875 0.31953125
4 0.565625 0.053125 0.10234375 0.10546875
4 0.58828125 0.06484375 0.0578125 0.084375
4 0.540625 0.046875 0.05078125 0.09296875
0 0.1046875 0.68046875 0.18046875 0.2140625
0 0.1109375 0.9265625 0.2171875 0.14453125
0 0.5671875 0.13125 0.05625 0.06796875
0 0.015625 0.42421875 0.03125 0.1625
0 0.428125 0.196875 0.07578125 0.0875
0 0.734375 0.05 0.03984375 0.05
0 0.5734375 0.31484375 0.03515625 0.10703125
0 0.796875 0.453125 0.09453125 0.14609375
0 0.684375 0.340625 0.08828125 0.12109375
0 0.596875 0.41953125 0.08125 0.103125
0 0.6671875 0.21171875 0.06640625 0.09296875
0 0.8 0.01328125 0.03984375 0.0265625
0 0.9765625 0.125 0.0453125 0.125
0 0.70390625 0.17890625 0.05 0.071875
0 0.565625 0.446875 0.02109375 0.08046875
0 0.7375 0.1546875 0.05 0.05390625
0 0.86875 0.0421875 0.05 0.0375
0 0.7203125 0.01875 0.02890625 0.0375
0 0.803125 0.07421875 0.02421875 0.02890625
0 0.9796875 0.253125 0.0390625 0.1
0 0.9265625 0.03359375 0.025 0.0359375
0 0.790625 0.17421875 0.053125 0.1265625
0 0.55390625 0.49765625 0.046875 0.184375
0 0.7609375 0.1359375 0.03984375 0.06953125