1 0.55546875 0.45 0.1671875 0.23046875
2 0.778125 0.36796875 0.059375 0.11640625
2 0.74375 0.27109375 0.02578125 0.04140625
2 0.85 0.23984375 0.03046875 0.059375
2 0.7 0.31015625 0.03515625 0.0484375
2 0.7296875 0.3390625 0.03515625 0.053125
2 0.7359375 0.221875 0.01953125 0.028125
2 0.7703125 0.29375 0.03359375 0.040625
2 0.8046875 0.2625 0.02421875 0.0359375
2 0.796875 0.23359375 0.02109375 0.025
2 0.7546875 0.2109375 0.0171875 0.028125
4 0.2890625 0.753125 0.57734375 0.490625
4 0.7484375 0.16484375 0.01640625 0.01796875
4 0.8171875 0.17421875 0.0125 0.02890625
0 0.54296875 0.28359375 0.034375 0.03046875
0 0.5890625 0.2796875 0.02890625 0.03203125
0 0.19453125 0.68203125 0.1671875 0.15
0 0.68515625 0.25234375 0.021875 0.02890625
0 0.78984375 0.19765625 0.0109375 0.015625
0 0.775 0.196875 0.01015625 0.015625
0 0.83125 0.22890625 0.01328125 0.021875
0 0.80625 0.1890625 0.01015625 0.01640625