2 0.0734375 0.52421875 0.11953125 0.1125
2 0.41875 0.67421875 0.1 0.1484375
4 0.5890625 0.62578125 0.246875 0.4375
4 0.6609375 0.2296875 0.05234375 0.0765625
4 0.5046875 0.30234375 0.0484375 0.065625
4 0.75625 0.30859375 0.04609375 0.10859375
4 0.603125 0.26484375 0.06015625 0.090625
4 0.753125 0.18359375 0.01953125 0.01640625
4 0.8140625 0.178125 0.01640625 0.03203125
0 0.646875 0.375 0.03984375 0.053125
0 0.459375 0.52578125 0.07890625 0.1015625
0 0.71171875 0.390625 0.04375 0.0609375
0 0.5203125 0.3578125 0.04609375 0.04296875
0 0.47578125 0.35 0.0453125 0.046875
0 0.73125 0.25078125 0.01875 0.0234375
0 0.68125 0.3453125 0.03515625 0.04609375
0 0.80546875 0.28984375 0.0125 0.02890625
0 0.021875 0.64296875 0.04375 0.078125
0 0.7828125 0.21875 0.01484375 0.0234375
0 0.63125 0.29375 0.04375 0.040625
0 0.759375 0.246875 0.015625 0.015625
0 0.87265625 0.26171875 0.015625 0.0234375
0 0.8234375 0.265625 0.0171875 0.0265625
0 0.8203125 0.2375 0.015625 0.0140625
0 0.8421875 0.221875 0.01328125 0.015625
0 0.8203125 0.2015625 0.01171875 0.01640625