3 0.391363 0.478965 0.036586 0.055042
0 0.650609 0.571194 0.053703 0.084139
0 0.579609 0.576861 0.053703 0.085750
0 0.631883 0.461889 0.028047 0.039889
0 0.587438 0.461014 0.027203 0.037639
0 0.540461 0.440076 0.020188 0.034153
0 0.596898 0.422882 0.020609 0.025681
0 0.572781 0.393465 0.014438 0.021181
0 0.566125 0.382375 0.010937 0.018444
0 0.530996 0.400444 0.016961 0.026667
0 0.544527 0.381500 0.012898 0.019694
0 0.525109 0.373028 0.010516 0.018194
4 0.538500 0.362681 0.011500 0.020944
0 0.184133 0.664243 0.080094 0.079292
0 0.474383 0.392562 0.013422 0.014625
0 0.476980 0.382368 0.010820 0.014236
0 0.464098 0.376215 0.005852 0.014236
0 0.483906 0.371590 0.010391 0.011153
0 0.467887 0.366208 0.008227 0.011167
1 0.404352 0.393139 0.034422 0.068889
1 0.436063 0.368125 0.022516 0.050417
3 0.348824 0.473771 0.038102 0.050792
0 0.655160 0.800972 0.099211 0.155333
3 0.448945 0.368896 0.004109 0.025792
4 0.455980 0.378326 0.014289 0.026931
0 0.365262 0.746764 0.080102 0.121361
0 0.414867 0.571194 0.053703 0.058250
0 0.281066 0.548542 0.040961 0.045306
0 0.303367 0.622167 0.067359 0.095472
2 0.319754 0.706306 0.030945 0.108417
0 0.381727 0.444910 0.027281 0.027708
0 0.416473 0.444139 0.019695 0.029250
0 0.444184 0.458764 0.019695 0.030028
0 0.460848 0.432396 0.017102 0.028097
0 0.432816 0.421625 0.017758 0.024250
0 0.427836 0.391799 0.007359 0.012319
0 0.449160 0.394111 0.013633 0.021556
