0 0.432742 0.387125 0.013047 0.017944
0 0.469551 0.403056 0.013227 0.020722
0 0.476687 0.385729 0.011141 0.016403
0 0.450316 0.389444 0.013055 0.017639
0 0.457016 0.379549 0.010578 0.015764
0 0.443621 0.374354 0.009977 0.015042
1 0.552055 0.355681 0.014203 0.032667
1 0.452227 0.359576 0.013359 0.024125
1 0.400223 0.446083 0.035086 0.067194
0 0.718832 0.573500 0.051758 0.076500
0 0.229141 0.769778 0.087328 0.113556
0 0.175730 0.687986 0.088055 0.093667
0 0.396703 0.607771 0.047609 0.082875
0 0.356102 0.542938 0.038094 0.051236
0 0.432664 0.512646 0.030828 0.047681
0 0.352219 0.465417 0.033328 0.054806
0 0.447828 0.464306 0.025563 0.032972
0 0.549828 0.386785 0.013031 0.018708
0 0.453539 0.436931 0.017406 0.027222
0 0.438746 0.409861 0.015664 0.020111
