1 0.09375 0.603125 0.1875 0.2
2 0.2375 0.571875 0.125 0.11640625
2 0.91328125 0.62421875 0.1 0.134375
2 0.853125 0.52890625 0.09140625 0.11953125
4 0.91875 0.29140625 0.096875 0.1140625
4 0.303125 0.79609375 0.60625 0.40546875
0 0.653125 0.71484375 0.10078125 0.15390625
0 0.4265625 0.5640625 0.1078125 0.096875
0 0.70078125 0.48046875 0.0765625 0.075
0 0.0421875 0.3953125 0.04453125 0.0375
0 0.890625 0.33125 0.0375 0.034375
0 0.03671875 0.753125 0.0734375 0.084375
0 0.99375 0.4328125 0.01015625 0.04609375