1 0.496875 0.4546875 0.11328125 0.1875
1 0.58125 0.49453125 0.1046875 0.19140625
2 0.2953125 0.65234375 0.1484375 0.1984375
2 0.13359375 0.5359375 0.1140625 0.10859375
2 0.7671875 0.46953125 0.0734375 0.1109375
2 0.71875 0.3859375 0.0578125 0.0859375
4 0.60859375 0.44140625 0.159375 0.3
4 0.665625 0.2 0.06640625 0.071875
4 0.8109375 0.23125 0.03984375 0.0875
4 0.540625 0.28046875 0.0546875 0.071875
4 0.7984375 0.4015625 0.0859375 0.15
4 0.87109375 0.27578125 0.090625 0.184375
4 0.7875 0.146875 0.03828125 0.053125
4 0.7953125 0.11875 0.0265625 0.0234375
4 0.9296875 0.1578125 0.03828125 0.0734375
4 0.9015625 0.1203125 0.01953125 0.0375
4 0.8828125 0.11015625 0.0203125 0.040625
4 0.78515625 0.253125 0.0390625 0.071875
4 0.8609375 0.11640625 0.0234375 0.05
4 0.83046875 0.16015625 0.021875 0.040625
4 0.684375 0.1953125 0.02734375 0.0625
0 0.2765625 0.409375 0.08828125 0.07890625
0 0.7046875 0.2328125 0.03203125 0.0375
0 0.5359375 0.328125 0.0515625 0.04609375
0 0.4375 0.3078125 0.0546875 0.05390625
0 0.721875 0.203125 0.02734375 0.0359375
0 0.7828125 0.321875 0.04765625 0.0640625
0 0.7671875 0.28046875 0.03046875 0.05
0 0.7890625 0.1890625 0.0203125 0.028125
0 0.72265625 0.3109375 0.0359375 0.05546875
0 0.803125 0.1671875 0.01953125 0.0265625
0 0.8703125 0.15 0.01328125 0.01640625
0 0.5546875 0.26171875 0.028125 0.0375
0 0.74375 0.29296875 0.03515625 0.053125
0 0.925 0.240625 0.02265625 0.04296875
0 0.84453125 0.15 0.0140625 0.025
0 0.890625 0.140625 0.0125 0.01796875
0 0.70390625 0.328125 0.034375 0.05859375
0 0.93046875 0.221875 0.0234375 0.0390625
0 0.78046875 0.178125 0.01875 0.0265625
0 0.6515625 0.21875 0.03515625 0.034375
0 0.9453125 0.0859375 0.01015625 0.01953125
0 0.903125 0.1296875 0.01015625 0.01796875
0 0.8921875 0.17421875 0.01875 0.0234375