1 0.365625 0.759375 0.5765625 0.4765625
1 0.88125 0.27109375 0.1078125 0.19140625
2 0.35625 0.39296875 0.09140625 0.09140625
2 0.440625 0.5203125 0.09921875 0.1234375
2 0.65625 0.4359375 0.09140625 0.14140625
2 0.7265625 0.296875 0.046875 0.05703125
2 0.79375 0.31015625 0.04765625 0.0625
2 0.784375 0.17578125 0.02421875 0.0375
4 0.1375 0.359375 0.27421875 0.25859375
4 0.79375 0.1375 0.02109375 0.0390625
4 0.8046875 0.0953125 0.021875 0.02109375
4 0.89375 0.09140625 0.04140625 0.05
4 0.20703125 0.33046875 0.134375 0.2
4 0.9140625 0.234375 0.16953125 0.26796875
0 0.296875 0.63515625 0.12578125 0.15390625
0 0.64140625 0.37109375 0.05625 0.06953125
0 0.671875 0.2359375 0.0375 0.04140625
0 0.54609375 0.5375 0.0984375 0.08359375
0 0.028125 0.84375 0.05625 0.225
0 0.209375 0.95 0.265625 0.096875
0 0.65625 0.21640625 0.03125 0.0359375
0 0.7546875 0.36171875 0.0578125 0.0734375
0 0.8453125 0.14765625 0.01640625 0.0234375
0 0.7671875 0.16640625 0.01875 0.028125
0 0.8625 0.125 0.01484375 0.01953125
0 0.7796875 0.25390625 0.0390625 0.046875
0 0.8171875 0.14765625 0.01796875 0.0234375
0 0.40625 0.69140625 0.32265625 0.3140625
0 0.85625 0.178125 0.021875 0.021875
0 0.8171875 0.28359375 0.03046875 0.05
0 0.9421875 0.11953125 0.0265625 0.025
0 0.8109375 0.23125 0.03046875 0.04296875
0 0.82578125 0.2203125 0.028125 0.040625
0 0.903125 0.11484375 0.0140625 0.02109375
0 0.940625 0.075 0.00859375 0.01640625