1 0.5640625 0.1875 0.09609375 0.1140625
2 0.425 0.66484375 0.16171875 0.24609375
2 0.33671875 0.30703125 0.084375 0.11640625
2 0.1234375 0.921875 0.21171875 0.1515625
2 0.69140625 0.415625 0.0703125 0.0890625
2 0.684375 0.3296875 0.05703125 0.06796875
4 0.821875 0.3484375 0.13515625 0.26640625
4 0.6265625 0.1765625 0.03984375 0.0859375
4 0.8234375 0.11953125 0.02109375 0.05
4 0.89375 0.23359375 0.08203125 0.171875
4 0.803125 0.09765625 0.021875 0.0234375
4 0.95 0.2109375 0.040625 0.14140625
0 0.0578125 0.571875 0.115625 0.115625
0 0.6171875 0.50234375 0.0859375 0.109375
0 0.5484375 0.30390625 0.05546875 0.05859375
0 0.415625 0.33046875 0.06640625 0.071875
0 0.0453125 0.86328125 0.08984375 0.209375
0 0.734375 0.20625 0.0296875 0.034375
0 0.4265625 0.53671875 0.09765625 0.0875
0 0.5953125 0.4046875 0.06796875 0.07890625
0 0.74375 0.35390625 0.034375 0.0640625
0 0.63203125 0.2328125 0.034375 0.040625
0 0.7484375 0.28046875 0.03828125 0.053125
0 0.7984375 0.171875 0.02265625 0.02890625
0 0.89921875 0.11484375 0.0125 0.02890625
0 0.85625 0.14453125 0.01875 0.01953125
0 0.8734375 0.13046875 0.01484375 0.025
0 0.8265625 0.20234375 0.02890625 0.03203125
0 0.8421875 0.1375 0.01640625 0.01953125
0 0.8078125 0.15078125 0.01953125 0.0234375
0 0.8125 0.2171875 0.0234375 0.02109375
0 0.921875 0.103125 0.01171875 0.0234375
0 0.78125 0.25078125 0.02890625 0.04609375
0 0.9140625 0.14140625 0.02578125 0.01640625
0 0.54765625 0.24765625 0.065625 0.0375