0 0.444797 0.372104 0.006453 0.019375
0 0.556207 0.371389 0.008227 0.012889
0 0.420668 0.440500 0.021352 0.028861
3 0.314695 0.508104 0.044703 0.062069
1 0.452805 0.363993 0.010891 0.021347
1 0.393203 0.405903 0.042484 0.080667
1 0.430344 0.371903 0.027797 0.054556
0 0.561102 0.376611 0.009797 0.015667
0 0.538672 0.371215 0.008812 0.013931
0 0.526430 0.378528 0.011750 0.019500
0 0.530543 0.401333 0.014883 0.024722
0 0.577164 0.398549 0.012922 0.019153
0 0.594992 0.419611 0.021156 0.028556
0 0.560516 0.415785 0.019594 0.024375
0 0.546508 0.458097 0.029188 0.037944
0 0.481270 0.377437 0.010898 0.012653
0 0.585590 0.461056 0.024289 0.037611
0 0.563063 0.510681 0.032125 0.050500
0 0.729336 0.593847 0.058250 0.077667
0 0.706309 0.683653 0.070086 0.103556
0 0.463699 0.370521 0.010008 0.012264
0 0.475043 0.389889 0.014008 0.018583
0 0.459922 0.383167 0.005109 0.015417
0 0.469148 0.404125 0.015125 0.022528
0 0.217082 0.793688 0.112867 0.152097
0 0.038953 0.889153 0.075547 0.160194
0 0.442574 0.404125 0.012227 0.022528
0 0.418555 0.400562 0.011344 0.022542
3 0.451914 0.387521 0.014906 0.032819
3 0.368184 0.520757 0.044930 0.069181
0 0.214621 0.627826 0.066445 0.074431
0 0.384375 0.686083 0.069172 0.100333
0 0.363398 0.465410 0.029578 0.031236
0 0.402430 0.470944 0.025797 0.035972
0 0.435566 0.491896 0.028914 0.043875
