1 0.6875 0.52421875 0.14296875 0.34296875
1 0.62578125 0.35 0.0890625 0.153125
2 0.284375 0.625 0.17265625 0.2359375
2 0.4234375 0.5140625 0.1328125 0.18046875
2 0.5390625 0.44609375 0.09609375 0.13359375
2 0.8734375 0.234375 0.0390625 0.06640625
4 0.7359375 0.47109375 0.240625 0.45
4 0.75 0.134375 0.059375 0.08203125
4 0.8171875 0.11171875 0.04375 0.065625
4 0.88671875 0.20625 0.053125 0.09609375
4 0.9671875 0.19296875 0.05078125 0.103125
4 0.9328125 0.159375 0.05625 0.0984375
4 0.846875 0.07890625 0.02109375 0.021875
4 0.875 0.11171875 0.01953125 0.0375
4 0.921875 0.07578125 0.01875 0.0375
0 0.07578125 0.8234375 0.1515625 0.2640625
0 0.2453125 0.88125 0.21328125 0.234375
0 0.5359375 0.3 0.06171875 0.06953125
0 0.5109375 0.59453125 0.11328125 0.15546875
0 0.6421875 0.2015625 0.03203125 0.0390625
0 0.87265625 0.36484375 0.040625 0.084375
0 0.8203125 0.228125 0.03828125 0.046875
0 0.6140625 0.47421875 0.04296875 0.1265625
0 0.3859375 0.98203125 0.134375 0.03359375
0 0.8890625 0.12578125 0.01796875 0.02109375
0 0.8578125 0.14140625 0.02265625 0.028125
0 0.8421875 0.13359375 0.01796875 0.021875
0 0.9125 0.1046875 0.01484375 0.015625
0 0.9328125 0.09296875 0.01328125 0.01640625
0 0.821875 0.2015625 0.01796875 0.01953125
0 0.89375 0.15703125 0.02421875 0.025
0 0.9640625 0.078125 0.009375 0.0109375
0 0.91875 0.0875 0.01640625 0.01640625
0 0.965625 0.1328125 0.0125 0.02109375