1 0.2359375 0.8859375 0.278125 0.221875
2 0.62265625 0.43203125 0.0828125 0.125
2 0.6703125 0.196875 0.0359375 0.0515625
2 0.89140625 0.2234375 0.046875 0.09140625
4 0.459375 0.19609375 0.1328125 0.16640625
4 0.2015625 0.3453125 0.125 0.159375
4 0.81953125 0.32890625 0.1015625 0.20859375
4 0.75625 0.09921875 0.03515625 0.0515625
4 0.93515625 0.159375 0.059375 0.125
4 0.7578125 0.1421875 0.03515625 0.0484375
4 0.78125 0.0640625 0.0234375 0.028125
4 0.42265625 0.7046875 0.4703125 0.584375
0 0.2109375 0.44765625 0.10078125 0.09609375
0 0.6890625 0.57734375 0.07890625 0.140625
0 0.2734375 0.32265625 0.05859375 0.0734375
0 0.2140625 0.64140625 0.1484375 0.196875
0 0.465625 0.44140625 0.07734375 0.06640625
0 0.03125 0.83125 0.0625 0.090625
0 0.703125 0.3640625 0.06484375 0.08046875
0 0.6390625 0.33359375 0.05703125 0.078125
0 0.559375 0.2578125 0.05234375 0.059375
0 0.75625 0.3015625 0.03359375 0.06640625
0 0.071875 0.915625 0.14375 0.165625
0 0.78125 0.12265625 0.01953125 0.03203125
0 0.72421875 0.2625 0.0484375 0.0609375
0 0.8125 0.1109375 0.01640625 0.021875
0 0.80625 0.040625 0.01953125 0.03046875
0 0.55625 0.228125 0.04453125 0.04296875
0 0.86484375 0.203125 0.028125 0.04453125
0 0.84609375 0.10390625 0.0171875 0.03359375
0 0.6875 0.29375 0.05703125 0.065625
0 0.9734375 0.06796875 0.0515625 0.05546875
0 0.6671875 0.17578125 0.02734375 0.03203125
0 0.8234375 0.12109375 0.01796875 0.025
0 0.8953125 0.1203125 0.01953125 0.03203125
0 0.834375 0.17109375 0.03125 0.0359375
0 0.740625 0.246875 0.03828125 0.05703125
0 0.825 0.18984375 0.02890625 0.04609375
0 0.909375 0.065625 0.01328125 0.01953125
0 0.859375 0.15625 0.02890625 0.034375
0 0.7625 0.23359375 0.03203125 0.05546875
0 0.79375 0.209375 0.0296875 0.04609375
0 0.2484375 0.38203125 0.03046875 0.0609375