2 0.55625 0.553125 0.1 0.134375
2 0.678125 0.32265625 0.05078125 0.08203125
4 0.103125 0.371875 0.20625 0.228125
4 0.7296875 0.4578125 0.17734375 0.340625
4 0.55625 0.23125 0.05390625 0.0765625
4 0.7921875 0.103125 0.03203125 0.0234375
4 0.9359375 0.196875 0.05859375 0.121875
4 0.8359375 0.37421875 0.053125 0.15703125
4 0.84140625 0.30546875 0.0859375 0.121875
0 0.171875 0.93203125 0.1984375 0.13359375
0 0.3265625 0.61328125 0.13046875 0.14609375
0 0.6234375 0.69375 0.1234375 0.17109375
0 0.56796875 0.42265625 0.078125 0.09296875
0 0.45 0.68359375 0.13515625 0.18046875
0 0.7828125 0.18515625 0.02578125 0.02890625
0 0.73515625 0.20234375 0.0296875 0.040625
0 0.6359375 0.259375 0.03984375 0.04609375
0 0.765625 0.2671875 0.03359375 0.0484375
0 0.6171875 0.2421875 0.03671875 0.040625
0 0.8328125 0.15390625 0.02265625 0.028125
0 0.8046875 0.240625 0.03203125 0.040625
0 0.734375 0.28515625 0.03828125 0.0375
0 0.8609375 0.14140625 0.01640625 0.021875
0 0.8265625 0.215625 0.02734375 0.03359375
0 0.90625 0.1203125 0.01328125 0.015625
0 0.96015625 0.103125 0.0125 0.01640625
0 0.89765625 0.203125 0.0203125 0.03203125
0 0.815625 0.15234375 0.0140625 0.02109375
0 0.88125 0.21953125 0.02890625 0.0359375
0 0.8671875 0.240625 0.02421875 0.04140625
0 0.86875 0.184375 0.02421875 0.03046875