1 0.4296875 0.89765625 0.396875 0.1984375
1 0.428125 0.603125 0.18359375 0.3890625
4 0.51640625 0.53828125 0.35625 0.51796875
4 0.82109375 0.121875 0.0453125 0.06640625
4 0.85625 0.365625 0.16484375 0.3265625
4 0.0546875 0.38046875 0.109375 0.26640625
4 0.95703125 0.234375 0.084375 0.16796875
4 0.8625 0.07578125 0.03359375 0.0265625
4 0.9609375 0.07109375 0.01875 0.04140625
4 0.928125 0.23359375 0.14296875 0.228125
4 0.9015625 0.171875 0.09140625 0.071875
4 0.7703125 0.3390625 0.16171875 0.28359375
0 0.2640625 0.40234375 0.09375 0.0875
0 0.26484375 0.68125 0.1671875 0.1875
0 0.5328125 0.8984375 0.1890625 0.2
0 0.01484375 0.60234375 0.0296875 0.0734375
0 0.9 0.121875 0.0140625 0.021875
0 0.9875 0.1328125 0.02265625 0.0265625
0 0.9078125 0.13046875 0.01640625 0.01640625
0 0.9234375 0.1140625 0.01484375 0.01953125
0 0.96875 0.14375 0.02265625 0.0265625
0 0.3359375 0.953125 0.2109375 0.09140625
0 0.95 0.11328125 0.01328125 0.02109375
0 0.8703125 0.14453125 0.01953125 0.01953125
0 0.978125 0.13828125 0.0421875 0.040625
0 0.9734375 0.1015625 0.01171875 0.01640625
0 0.9046875 0.125 0.0234375 0.028125