0 0.328379 0.592389 0.046695 0.063889
0 0.565402 0.417806 0.020023 0.025583
0 0.547027 0.387736 0.011664 0.017278
0 0.455047 0.434604 0.020297 0.024458
0 0.475180 0.392201 0.012828 0.016931
0 0.440586 0.378785 0.010500 0.012431
0 0.318301 0.907937 0.105039 0.167181
0 0.275438 0.566708 0.050391 0.051361
0 0.446652 0.397889 0.011898 0.016611
0 0.376082 0.440201 0.027055 0.038986
0 0.425465 0.519535 0.032586 0.053153
0 0.390023 0.487882 0.030234 0.036431
0 0.447816 0.465708 0.023555 0.031111
0 0.460297 0.416354 0.017266 0.019486
1 0.558965 0.362306 0.017883 0.040778
1 0.419242 0.420083 0.028547 0.061917
