0 0.481563 0.374778 0.011422 0.012417
0 0.582223 0.404806 0.014602 0.024778
0 0.533445 0.412562 0.016453 0.027764
0 0.813711 0.855181 0.130156 0.181222
0 0.523289 0.364215 0.009906 0.013431
0 0.540250 0.374361 0.009234 0.018806
0 0.527488 0.384361 0.014602 0.023278
0 0.559641 0.374653 0.010078 0.014028
0 0.564930 0.383611 0.011922 0.019389
0 0.462102 0.379667 0.006344 0.013917
0 0.475109 0.386056 0.012484 0.016167
0 0.470352 0.400729 0.014391 0.019181
0 0.444012 0.400910 0.014180 0.022569
0 0.421480 0.397153 0.011008 0.021056
0 0.425078 0.433069 0.020313 0.025194
0 0.454801 0.448118 0.021789 0.030458
0 0.437242 0.479146 0.024750 0.039875
0 0.406777 0.461465 0.025602 0.032347
0 0.368484 0.459208 0.027719 0.032333
0 0.237379 0.591424 0.057336 0.069569
0 0.396207 0.643208 0.060070 0.089000
0 0.302457 0.929611 0.123789 0.134306
0 0.249668 0.720062 0.092836 0.135931
0 0.464957 0.367625 0.010367 0.013167
1 0.396625 0.400729 0.039562 0.074097
1 0.431844 0.370264 0.025375 0.051528
3 0.326387 0.494938 0.041258 0.060181
3 0.376840 0.506410 0.040617 0.064319
3 0.445918 0.372326 0.004445 0.021069
4 0.452793 0.385118 0.013961 0.033097
0 0.077184 0.802590 0.137445 0.132681
2 0.185680 0.956313 0.053703 0.079292
0 0.798969 0.677993 0.090109 0.135931
0 0.575969 0.555826 0.042781 0.072819
0 0.599688 0.483604 0.029719 0.046264
0 0.553008 0.485097 0.030719 0.046861
0 0.603043 0.430472 0.023008 0.031333
0 0.566191 0.426743 0.018805 0.032236
