2 0.74375 0.3328125 0.04453125 0.07890625
2 0.81640625 0.265625 0.0265625 0.0484375
2 0.4015625 0.36640625 0.075 0.09140625
4 0.4453125 0.57734375 0.31953125 0.465625
4 0.49375 0.2890625 0.10859375 0.121875
4 0.609375 0.246875 0.06796875 0.090625
4 0.084375 0.453125 0.153125 0.16796875
4 0.765625 0.203125 0.0296875 0.053125
4 0.703125 0.22421875 0.03203125 0.059375
4 0.5765625 0.32421875 0.04296875 0.05390625
4 0.8546875 0.25390625 0.0375 0.08359375
0 0.26640625 0.41484375 0.065625 0.05703125
0 0.7109375 0.39609375 0.04609375 0.0609375
0 0.6421875 0.378125 0.04609375 0.05703125
0 0.7796875 0.31875 0.0265625 0.040625
0 0.68828125 0.2546875 0.021875 0.0234375
0 0.6578125 0.2875 0.03046875 0.03046875
0 0.69296875 0.340625 0.0375 0.046875
0 0.596875 0.296875 0.0296875 0.03359375
0 0.7390625 0.29765625 0.02734375 0.0375
0 0.6015625 0.428125 0.00625 0.05390625
0 0.7234375 0.253125 0.021875 0.021875
0 0.7859375 0.221875 0.01328125 0.01640625
0 0.746875 0.2359375 0.0171875 0.03046875
0 0.834375 0.19296875 0.01015625 0.01640625
0 0.63671875 0.27734375 0.0234375 0.02890625
0 0.8015625 0.25546875 0.01328125 0.01953125
0 0.7453125 0.22890625 0.01640625 0.01640625
0 0.43203125 0.390625 0.046875 0.0390625
0 0.8515625 0.275 0.0328125 0.0390625
0 0.83203125 0.22578125 0.009375 0.0234375
0 0.8796875 0.23984375 0.01640625 0.0375
0 0.1375 0.4609375 0.046875 0.0890625
0 0.809375 0.4265625 0.0234375 0.053125