0 0.399043 0.620681 0.049805 0.072500
1 0.366254 0.493319 0.051195 0.093583
1 0.445039 0.365222 0.015469 0.023417
0 0.436047 0.382701 0.011656 0.014542
0 0.448840 0.388576 0.012180 0.017014
0 0.610160 0.442972 0.022742 0.033361
0 0.663930 0.506486 0.033562 0.047472
0 0.876488 0.766646 0.106461 0.136653
0 0.420156 0.400625 0.014078 0.019889
0 0.442168 0.402549 0.013352 0.021181
0 0.463445 0.420194 0.016203 0.024389
0 0.425750 0.431424 0.019484 0.023736
0 0.374684 0.440083 0.017680 0.011556
0 0.444699 0.473444 0.024180 0.035917
0 0.430980 0.522201 0.035727 0.048764
0 0.305578 0.520917 0.048359 0.073139
0 0.266223 0.695743 0.070695 0.090458
0 0.281215 0.927590 0.124508 0.144819
0 0.471984 0.396618 0.013922 0.017625
