1 0.1515625 0.9 0.30234375 0.19453125
2 0.565625 0.378125 0.08828125 0.1125
2 0.634375 0.3453125 0.0703125 0.09609375
2 0.72421875 0.3375 0.06875 0.146875
2 0.6765625 0.31171875 0.05 0.08203125
4 0.8359375 0.35390625 0.18515625 0.35546875
4 0.95703125 0.2 0.078125 0.15546875
4 0.36796875 0.71484375 0.5828125 0.56796875
0 0.4578125 0.30078125 0.07265625 0.07890625
0 0.0375 0.7375 0.075 0.196875
0 0.65234375 0.196875 0.0453125 0.05390625
0 0.6984375 0.1421875 0.0359375 0.04609375
0 0.6046875 0.16484375 0.03828125 0.04296875
0 0.5578125 0.209375 0.0515625 0.05703125
0 0.8421875 0.07890625 0.02109375 0.028125
0 0.2765625 0.5671875 0.10546875 0.0765625
0 0.82421875 0.10625 0.03125 0.034375
0 0.7984375 0.096875 0.02421875 0.03046875
0 0.87734375 0.0640625 0.01875 0.025
0 0.596875 0.42890625 0.09765625 0.046875
0 0.9203125 0.303125 0.0203125 0.06640625
0 0.8953125 0.17265625 0.03046875 0.02109375
0 0.70546875 0.2640625 0.0375 0.03046875
0 0.940625 0.0453125 0.01640625 0.0234375
0 0.4625 0.446875 0.07578125 0.046875
0 0.8984375 0.13984375 0.03203125 0.040625