1 0.696875 0.55703125 0.14609375 0.33046875
2 0.4515625 0.6625 0.15390625 0.24140625
2 0.49375 0.46796875 0.09921875 0.13359375
2 0.45625 0.321875 0.07734375 0.090625
2 0.5484375 0.24296875 0.05 0.05859375
2 0.6203125 0.453125 0.06171875 0.15703125
2 0.6015625 0.3859375 0.06015625 0.09140625
2 0.8625 0.25078125 0.04140625 0.065625
4 0.7390625 0.4921875 0.23203125 0.459375
4 0.92890625 0.2578125 0.0953125 0.1765625
4 0.215625 0.83828125 0.43046875 0.32109375
4 0.7890625 0.06015625 0.04140625 0.03203125
4 0.97421875 0.1734375 0.05 0.14140625
4 0.9296875 0.04765625 0.04609375 0.06796875
0 0.215625 0.453125 0.11015625 0.10390625
0 0.3109375 0.3546875 0.08203125 0.0875
0 0.6140625 0.246875 0.05 0.053125
0 0.3625 0.59921875 0.12578125 0.1484375
0 0.08125 0.746875 0.16171875 0.13203125
0 0.86640625 0.40234375 0.0328125 0.09609375
0 0.75 0.1765625 0.03203125 0.0390625
0 0.821875 0.13984375 0.0265625 0.03203125
0 0.7609375 0.134375 0.02265625 0.028125
0 0.815625 0.12109375 0.02265625 0.03046875
0 0.8890625 0.165625 0.02578125 0.0390625
0 0.87265625 0.1 0.0171875 0.021875
0 0.8984375 0.10234375 0.01796875 0.0265625
0 0.7546875 0.153125 0.02734375 0.03359375
0 0.909375 0.07890625 0.01484375 0.01953125
0 0.8203125 0.21796875 0.03359375 0.046875
0 0.69140625 0.303125 0.04375 0.03046875
0 0.8109375 0.23515625 0.03671875 0.05390625
0 0.86171875 0.1984375 0.034375 0.046875
0 0.746875 0.25703125 0.04140625 0.028125
0 0.91171875 0.1515625 0.03125 0.0390625