0 0.353879 0.555958 0.043336 0.056139
3 0.464051 0.405993 0.015070 0.023903
1 0.453445 0.377299 0.015750 0.028681
0 0.417703 0.575722 0.047031 0.072861
0 0.444531 0.400681 0.012641 0.017250
0 0.522813 0.376104 0.010531 0.016069
0 0.530285 0.410146 0.014289 0.019792
0 0.556668 0.410549 0.014852 0.023403
0 0.541086 0.452243 0.019234 0.032403
0 0.397184 0.426146 0.019852 0.021569
1 0.650566 0.459285 0.072508 0.123653
1 0.587191 0.438403 0.045680 0.108167
0 0.429480 0.426563 0.015398 0.022403
0 0.449539 0.457042 0.023328 0.032750
3 0.563316 0.377542 0.011336 0.016556
0 0.350168 0.478813 0.028461 0.036486
3 0.245824 0.591174 0.069742 0.091736
3 0.392633 0.477569 0.028016 0.042306
0 0.345918 0.866500 0.092305 0.145472
0 0.061539 0.839132 0.123078 0.151931
