0 0.572734 0.397896 0.012703 0.018819
0 0.455047 0.446819 0.019469 0.030861
0 0.400648 0.468639 0.027516 0.032361
0 0.622180 0.679819 0.063500 0.098444
0 0.566383 0.534875 0.037250 0.063972
0 0.634754 0.470153 0.025820 0.039889
1 0.295699 0.598313 0.088898 0.157292
1 0.880051 0.762924 0.239898 0.474153
0 0.288422 0.952569 0.112266 0.094861
0 0.425203 0.540521 0.036828 0.051181
0 0.390180 0.658243 0.059953 0.078569
0 0.466055 0.411069 0.018625 0.021083
0 0.430703 0.424236 0.019891 0.024833
0 0.402762 0.418597 0.019898 0.022583
0 0.339684 0.490472 0.033445 0.038389
0 0.591570 0.418222 0.019047 0.023333
1 0.203285 0.623306 0.088477 0.118167
