2 0.784375 0.39296875 0.04296875 0.078125
2 0.76328125 0.328125 0.028125 0.04609375
4 0.140625 0.42578125 0.28125 0.2484375
4 0.61953125 0.584375 0.2390625 0.45390625
4 0.703125 0.321875 0.10390625 0.1140625
4 0.50625 0.46328125 0.1 0.159375
4 0.78203125 0.19296875 0.0234375 0.0390625
4 0.840625 0.29765625 0.046875 0.0765625
4 0.75390625 0.1828125 0.0171875 0.01796875
4 0.1890625 0.7859375 0.378125 0.425
0 0.0625 0.6078125 0.125 0.1125
0 0.4609375 0.65234375 0.09765625 0.115625
0 0.32265625 0.6375 0.0875 0.13359375
0 0.6265625 0.30078125 0.02890625 0.034375
0 0.5984375 0.39921875 0.04765625 0.04296875
0 0.73828125 0.2453125 0.01875 0.0234375
0 0.7640625 0.2765625 0.02109375 0.03046875
0 0.784375 0.30859375 0.03046875 0.0390625
0 0.8765625 0.24453125 0.0234375 0.0359375
0 0.7484375 0.35234375 0.01484375 0.0484375
0 0.6859375 0.34375 0.06796875 0.040625
0 0.79453125 0.2125 0.0140625 0.021875
0 0.77265625 0.22734375 0.0140625 0.02109375
0 0.7953125 0.25703125 0.0171875 0.025
0 0.8328125 0.3171875 0.03359375 0.0375