2 0.11328125 0.8609375 0.1984375 0.221875
2 0.521875 0.640625 0.09296875 0.1390625
2 0.6046875 0.453125 0.05859375 0.0875
2 0.6921875 0.46171875 0.04453125 0.065625
2 0.4875 0.43671875 0.053125 0.05390625
2 0.65390625 0.328125 0.0234375 0.03203125
4 0.2171875 0.434375 0.246875 0.23046875
4 0.75859375 0.265625 0.0328125 0.05703125
4 0.7203125 0.2765625 0.03359375 0.053125
4 0.7390625 0.26875 0.071875 0.06796875
0 0.540625 0.828125 0.11875 0.1765625
0 0.0578125 0.61640625 0.115625 0.0890625
0 0.4921875 0.3984375 0.046875 0.0390625
0 0.765625 0.48359375 0.04765625 0.06640625
0 0.753125 0.39765625 0.03359375 0.04609375
0 0.703125 0.309375 0.0203125 0.025
0 0.81796875 0.33671875 0.021875 0.03203125
0 0.75703125 0.35078125 0.028125 0.0375
0 0.7703125 0.290625 0.01953125 0.021875
0 0.79765625 0.26015625 0.0109375 0.015625
0 0.6734375 0.3390625 0.0296875 0.03046875
0 0.8359375 0.2546875 0.0078125 0.015625
0 0.8109375 0.27109375 0.0109375 0.01640625
0 0.8359375 0.2875 0.01484375 0.01953125
0 0.8234375 0.2984375 0.01640625 0.021875
0 0.86875 0.371875 0.01640625 0.034375
0 0.878125 0.253125 0.01640625 0.01953125
0 0.86875 0.2859375 0.015625 0.01953125
0 0.009375 0.71171875 0.01796875 0.07109375