1 0.671875 0.15234375 0.0609375 0.0484375
1 0.6765625 0.51171875 0.146875 0.3765625
2 0.171875 0.72890625 0.17578125 0.2109375
2 0.22421875 0.884375 0.209375 0.225
2 0.559375 0.40234375 0.09765625 0.14296875
2 0.859375 0.16171875 0.04140625 0.07890625
4 0.7265625 0.46796875 0.24609375 0.4640625
4 0.684375 0.12109375 0.08515625 0.1109375
4 0.9171875 0.2265625 0.10703125 0.21640625
4 0.8953125 0.0484375 0.02890625 0.05859375
4 0.8140625 0.04921875 0.03671875 0.02890625
4 0.70703125 0.11328125 0.0390625 0.09609375
4 0.97734375 0.084375 0.0328125 0.0609375
0 0.3515625 0.33125 0.08046875 0.07890625
0 0.4296875 0.51171875 0.11875 0.14296875
0 0.546875 0.84765625 0.1546875 0.24296875
0 0.771875 0.13671875 0.03046875 0.03203125
0 0.5671875 0.53671875 0.09609375 0.1515625
0 0.8640625 0.384375 0.04296875 0.0875
0 0.7265625 0.246875 0.05546875 0.053125
0 0.8 0.21796875 0.04453125 0.05
0 0.8609375 0.0953125 0.01875 0.0234375
0 0.8796875 0.10078125 0.01953125 0.0265625
0 0.903125 0.090625 0.01953125 0.025
0 0.95625 0.05078125 0.01796875 0.0265625
0 0.834375 0.26328125 0.040625 0.06796875
0 0.9390625 0.065625 0.0171875 0.03046875
0 0.95234375 0.090625 0.01875 0.0140625
0 0.9234375 0.1140625 0.02109375 0.021875
0 0.9171875 0.078125 0.01875 0.03203125
0 0.65 0.14453125 0.01796875 0.01953125
0 0.9859375 0.03515625 0.025 0.0234375
0 0.73828125 0.00546875 0.0125 0.0109375
0 0.99296875 0.14765625 0.0125 0.034375