1 0.616652 0.425618 0.049273 0.084958
1 0.418660 0.388389 0.022273 0.044611
0 0.456215 0.445208 0.019805 0.026389
0 0.414691 0.439750 0.018305 0.026500
0 0.472898 0.388847 0.011703 0.019000
0 0.405977 0.464958 0.025313 0.037917
0 0.444234 0.393556 0.013125 0.016667
0 0.436023 0.410625 0.015094 0.021667
0 0.397980 0.421687 0.016852 0.023403
0 0.405977 0.464958 0.025313 0.037917
0 0.365324 0.462153 0.025758 0.031972
0 0.435930 0.518688 0.028078 0.046792
0 0.217055 0.625917 0.065547 0.070500
0 0.310000 0.922285 0.112875 0.155431
0 0.557687 0.375667 0.010859 0.014694
0 0.570973 0.392549 0.012477 0.018431
0 0.529254 0.395042 0.017008 0.022083
0 0.536074 0.412681 0.014711 0.019917
0 0.543367 0.449743 0.020734 0.031097
0 0.397980 0.421687 0.016852 0.023403
0 0.436023 0.410625 0.015094 0.021667
0 0.444234 0.393556 0.013125 0.016667
0 0.472898 0.388847 0.011703 0.019000
0 0.414691 0.439750 0.018305 0.026500
0 0.456215 0.445208 0.019805 0.026389
1 0.418660 0.388389 0.022273 0.044611
1 0.616652 0.425618 0.049273 0.084958
0 0.945172 0.868687 0.109656 0.181153
0 0.570973 0.392549 0.012477 0.018431
0 0.557687 0.375667 0.010859 0.014694
0 0.529254 0.395042 0.017008 0.022083
0 0.310000 0.922285 0.112875 0.155431
0 0.435930 0.518688 0.028078 0.046792
0 0.620277 0.661451 0.054039 0.098847
0 0.217055 0.625917 0.065547 0.070500
0 0.332441 0.587840 0.047148 0.060708
0 0.365324 0.462153 0.025758 0.031972
0 0.751750 0.739736 0.077562 0.117167
0 0.620277 0.661451 0.054039 0.098847
0 0.751750 0.739736 0.077562 0.117167
0 0.543367 0.449743 0.020734 0.031097
0 0.536074 0.412681 0.014711 0.019917
0 0.945172 0.868687 0.109656 0.181153
0 0.332441 0.587840 0.047148 0.060708
