1 0.26953125 0.76171875 0.5390625 0.47109375
2 0.7453125 0.428125 0.05 0.0765625
2 0.59609375 0.409375 0.05625 0.075
2 0.6765625 0.409375 0.0546875 0.07890625
2 0.615625 0.28046875 0.0296875 0.04453125
2 0.68046875 0.34453125 0.034375 0.05
2 0.8078125 0.340625 0.034375 0.0625
2 0.8 0.25078125 0.021875 0.0375
2 0.82421875 0.265625 0.0203125 0.028125
4 0.6453125 0.54453125 0.15078125 0.26640625
4 0.8390625 0.2296875 0.034375 0.0734375
4 0.846875 0.16953125 0.01875 0.025
4 0.753125 0.184375 0.01640625 0.01640625
0 0.7765625 0.31484375 0.02890625 0.040625
0 0.528125 0.5765625 0.06015625 0.0890625
0 0.75703125 0.2234375 0.0140625 0.01953125
0 0.80703125 0.434375 0.0234375 0.0515625
0 0.78671875 0.21015625 0.0125 0.015625
0 0.79609375 0.196875 0.0109375 0.01640625
0 0.8046875 0.209375 0.01015625 0.01953125
0 0.81875 0.234375 0.01015625 0.02109375
0 0.6140625 0.26875 0.015625 0.01796875
0 0.821875 0.434375 0.0546875 0.05703125