2 0.371875 0.7171875 0.18046875 0.2734375
2 0.4828125 0.25234375 0.0609375 0.09296875
2 0.66875 0.34375 0.06015625 0.06796875
4 0.10625 0.43046875 0.21171875 0.29140625
4 0.809375 0.36171875 0.13828125 0.27890625
4 0.64921875 0.165625 0.1 0.096875
4 0.7984375 0.09765625 0.03203125 0.0234375
4 0.90859375 0.23203125 0.121875 0.18046875
4 0.68359375 0.1640625 0.03125 0.08046875
4 0.84296875 0.11171875 0.01875 0.04609375
0 0.4453125 0.359375 0.06875 0.06796875
0 0.59140625 0.52578125 0.0921875 0.1234375
0 0.1671875 0.5078125 0.1234375 0.10703125
0 0.575 0.25625 0.0453125 0.05390625
0 0.6765625 0.2375 0.0375 0.04140625
0 0.6734375 0.43515625 0.07265625 0.09609375
0 0.57421875 0.425 0.071875 0.08046875
0 0.73125 0.3671875 0.03359375 0.07109375
0 0.384375 0.5703125 0.1046875 0.09609375
0 0.709375 0.196875 0.02734375 0.03359375
0 0.79375 0.17734375 0.02421875 0.02890625
0 0.7375 0.290625 0.04140625 0.059375
0 0.88125 0.1328125 0.01484375 0.015625
0 0.81640625 0.209375 0.0421875 0.04140625
0 0.8640625 0.12734375 0.01328125 0.01796875
0 0.8359375 0.153125 0.01640625 0.021875
0 0.0390625 0.98515625 0.07734375 0.0265625
0 0.9125 0.11015625 0.01328125 0.01796875
0 0.05078125 0.32265625 0.1015625 0.05390625
0 0.6796875 0.165625 0.01953125 0.03359375
0 0.83828125 0.1359375 0.0140625 0.01640625