2 0.13359375 0.8296875 0.2234375 0.315625
2 0.37890625 0.92578125 0.1453125 0.14296875
2 0.73125 0.4109375 0.03046875 0.05859375
4 0.18359375 0.53515625 0.1390625 0.12109375
4 0.7859375 0.40546875 0.06640625 0.10859375
4 0.68125 0.41875 0.0328125 0.065625
4 0.41875 0.86953125 0.22421875 0.25859375
4 0.74375 0.3234375 0.021875 0.0390625
4 0.76796875 0.3125 0.0140625 0.025
4 0.7859375 0.309375 0.01015625 0.025
0 0.115625 0.6296875 0.10234375 0.08203125
0 0.6859375 0.475 0.0328125 0.046875
0 0.5609375 0.6078125 0.06875 0.090625
0 0.5109375 0.46640625 0.03984375 0.0390625
0 0.440625 0.6203125 0.06953125 0.07890625
0 0.55234375 0.5359375 0.0515625 0.0640625
0 0.665625 0.37109375 0.01640625 0.01953125
0 0.63046875 0.37578125 0.015625 0.02109375
0 0.60625 0.39609375 0.02265625 0.025
0 0.7125 0.403125 0.015625 0.028125
0 0.475 0.440625 0.03359375 0.03359375
0 0.6171875 0.409375 0.01796875 0.0265625
0 0.1640625 0.965625 0.12890625 0.06640625
0 0.734375 0.34921875 0.01484375 0.01796875
0 0.790625 0.34375 0.009375 0.0125
0 0.70703125 0.36484375 0.0109375 0.01796875
0 0.6984375 0.3578125 0.00859375 0.01796875
0 0.3796875 0.503125 0.05078125 0.04609375
0 0.771875 0.35546875 0.01015625 0.0109375
0 0.80390625 0.309375 0.00625 0.0140625