0 0.472133 0.398382 0.014266 0.014431
0 0.445137 0.396437 0.012508 0.022236
0 0.423414 0.396236 0.009438 0.017944
0 0.428680 0.429201 0.018219 0.025347
0 0.456109 0.441486 0.019531 0.025750
0 0.439652 0.472306 0.022164 0.035111
0 0.410355 0.456319 0.023258 0.032778
0 0.371734 0.454951 0.025453 0.029264
4 0.453480 0.382382 0.013383 0.030042
3 0.446895 0.371069 0.003289 0.019111
3 0.381391 0.499035 0.039500 0.060458
3 0.333441 0.488896 0.039727 0.055014
1 0.433840 0.367951 0.026773 0.053458
1 0.399605 0.399750 0.041258 0.071778
2 0.231918 0.893201 0.044602 0.148875
0 0.403488 0.614076 0.052789 0.076042
0 0.247844 0.583333 0.050969 0.069583
0 0.114500 0.758903 0.104672 0.110028
0 0.268781 0.693361 0.072812 0.108417
0 0.322207 0.894014 0.110133 0.171528
0 0.541469 0.377188 0.011859 0.018208
0 0.524938 0.367125 0.012219 0.016611
0 0.482668 0.374389 0.011633 0.012472
0 0.465219 0.367951 0.007906 0.010542
0 0.910191 0.960361 0.128336 0.071194
0 0.863590 0.757285 0.110133 0.152097
0 0.586621 0.597896 0.060070 0.093847
0 0.609660 0.503840 0.036477 0.052375
0 0.559977 0.499049 0.034141 0.050458
0 0.612086 0.437403 0.027672 0.033222
0 0.571656 0.437243 0.026234 0.035458
0 0.585762 0.408333 0.017070 0.022361
0 0.535180 0.419354 0.019766 0.029069
0 0.567254 0.385972 0.016352 0.020444
0 0.529250 0.387410 0.015094 0.023319
0 0.561504 0.378625 0.012039 0.019167
0 0.461820 0.377507 0.005484 0.012486
0 0.475422 0.386285 0.011188 0.014431
