2 0.73125 0.503125 0.078125 0.10703125
2 0.64375 0.446875 0.06796875 0.1
2 0.703125 0.378125 0.05390625 0.071875
2 0.66015625 0.3421875 0.053125 0.065625
2 0.70703125 0.29296875 0.0390625 0.0640625
4 0.38984375 0.3640625 0.0953125 0.121875
4 0.784375 0.3578125 0.109375 0.2265625
4 0.28515625 0.7359375 0.5703125 0.525
4 0.61484375 0.25625 0.0359375 0.0734375
4 0.7546875 0.1265625 0.02109375 0.021875
4 0.8578125 0.11484375 0.0171875 0.04296875
4 0.8515625 0.28671875 0.05 0.12890625
0 0.203125 0.48046875 0.1 0.09453125
0 0.61875 0.68515625 0.10390625 0.159375
0 0.5546875 0.415625 0.06953125 0.084375
0 0.70078125 0.2234375 0.028125 0.03359375
0 0.48984375 0.28046875 0.0359375 0.04140625
0 0.58125 0.56328125 0.03046875 0.115625
0 0.76171875 0.19609375 0.0234375 0.028125
0 0.61484375 0.275 0.0359375 0.0359375
0 0.72734375 0.190625 0.0234375 0.03203125
0 0.740625 0.27421875 0.03203125 0.04296875
0 0.7890625 0.18125 0.0203125 0.0234375
0 0.78125 0.1703125 0.01640625 0.02109375
0 0.8171875 0.16484375 0.01640625 0.02109375
0 0.475 0.546875 0.24453125 0.15
0 0.75625 0.25078125 0.02578125 0.0234375