0 0.815809 0.707118 0.092836 0.122986
0 0.846480 0.901292 0.137445 0.186083
0 0.311105 0.920715 0.121055 0.152097
0 0.089926 0.778319 0.121055 0.122972
0 0.524055 0.365750 0.009531 0.014694
0 0.259227 0.711972 0.086469 0.106806
0 0.242383 0.592236 0.054609 0.077667
0 0.398027 0.631069 0.058258 0.087389
2 0.201883 0.940937 0.053703 0.111653
3 0.327570 0.493424 0.043500 0.063958
1 0.432445 0.370208 0.026422 0.053833
4 0.453074 0.384660 0.014023 0.029264
0 0.370453 0.457833 0.028047 0.031806
0 0.408359 0.461083 0.025000 0.033972
0 0.438539 0.478069 0.024797 0.043361
0 0.456328 0.445007 0.023781 0.031431
0 0.426348 0.431090 0.019914 0.028903
0 0.421977 0.396951 0.009547 0.016986
0 0.444434 0.399118 0.015445 0.019153
0 0.470855 0.399660 0.013414 0.020958
0 0.475129 0.385924 0.013414 0.016625
0 0.462121 0.379243 0.008133 0.014097
0 0.481426 0.374007 0.009758 0.014458
0 0.464762 0.366778 0.008133 0.013000
0 0.540652 0.375146 0.008039 0.015514
0 0.527559 0.384944 0.011258 0.020833
0 0.559777 0.375139 0.010914 0.013889
0 0.565871 0.382396 0.012289 0.020208
0 0.532270 0.413340 0.018148 0.025319
0 0.582816 0.405069 0.016086 0.022667
1 0.397996 0.400382 0.041664 0.070097
0 0.567766 0.430799 0.020453 0.030014
0 0.605504 0.431715 0.024930 0.031458
0 0.555945 0.487056 0.046422 0.061500
3 0.378277 0.502278 0.042070 0.061417
3 0.446469 0.370576 0.005281 0.018431
0 0.603277 0.492715 0.037320 0.059875
0 0.578703 0.572007 0.053703 0.072819
