2 0.13125 0.88046875 0.25 0.23359375
2 0.4890625 0.865625 0.19140625 0.2625
2 0.6625 0.646875 0.13125 0.20390625
2 0.4484375 0.47578125 0.1140625 0.1484375
2 0.80859375 0.440625 0.0875 0.1359375
2 0.7984375 0.25390625 0.071875 0.1140625
2 0.84375 0.1984375 0.0609375 0.103125
4 0.953125 0.15625 0.0921875 0.19296875
4 0.89375 0.12109375 0.1 0.175
0 0.2203125 0.6359375 0.1671875 0.1890625
0 0.5328125 0.184375 0.0578125 0.059375
0 0.5390625 0.38828125 0.09453125 0.115625
0 0.621875 0.315625 0.08203125 0.1
0 0.66171875 0.15 0.0484375 0.0640625
0 0.7453125 0.08515625 0.03203125 0.034375
0 0.8484375 0.35546875 0.07734375 0.10859375
0 0.81875 0.071875 0.0296875 0.03359375
0 0.73125 0.23125 0.06015625 0.0765625
0 0.85625 0.0359375 0.02265625 0.03046875
0 0.778125 0.190625 0.05 0.0640625
0 0.9125 0.021875 0.02109375 0.025
0 0.92890625 0.01484375 0.0171875 0.0265625
0 0.815625 0.1578125 0.03984375 0.05703125
0 0.9546875 0.04453125 0.02265625 0.03359375
0 0.9875 0.05234375 0.0234375 0.0234375
0 0.8421875 0.12265625 0.015625 0.05703125
0 0.9671875 0.04609375 0.02421875 0.03359375
0 0.9875 0.0265625 0.01171875 0.028125
0 0.7796875 0.153125 0.02265625 0.01796875