2 0.5890625 0.52109375 0.0921875 0.121875
2 0.48046875 0.50234375 0.0921875 0.10390625
2 0.60625 0.39375 0.07265625 0.0875
2 0.8 0.228125 0.03125 0.04453125
4 0.453125 0.24453125 0.15078125 0.15859375
4 0.7703125 0.41328125 0.1703125 0.334375
4 0.671875 0.18671875 0.07578125 0.1015625
4 0.7234375 0.1640625 0.02890625 0.05
4 0.7859375 0.12578125 0.05390625 0.0765625
4 0.9203125 0.21796875 0.084375 0.14453125
4 0.85 0.28046875 0.13203125 0.23359375
4 0.8015625 0.11484375 0.02265625 0.05390625
0 0.290625 0.38828125 0.0765625 0.0765625
0 0.1453125 0.77265625 0.16796875 0.184375
0 0.4671875 0.65703125 0.12421875 0.15546875
0 0.04609375 0.49921875 0.0921875 0.0765625
0 0.4546875 0.35390625 0.07109375 0.06640625
0 0.0546875 0.57734375 0.10859375 0.12109375
0 0.5515625 0.30390625 0.05546875 0.05546875
0 0.60078125 0.22421875 0.0328125 0.034375
0 0.69453125 0.22734375 0.0359375 0.04296875
0 0.58671875 0.253125 0.0375 0.04453125
0 0.7640625 0.1921875 0.02734375 0.03203125
0 0.6765625 0.4203125 0.03828125 0.08203125
0 0.6828125 0.33125 0.0453125 0.06796875
0 0.80234375 0.171875 0.0234375 0.0265625
0 0.76953125 0.25 0.0296875 0.028125
0 0.89375 0.121875 0.01171875 0.01640625
0 0.85625 0.14296875 0.01796875 0.021875
0 0.84296875 0.13515625 0.0140625 0.02109375
0 0.72578125 0.278125 0.0265625 0.025
0 0.80234375 0.153125 0.021875 0.0234375
0 0.8625 0.3546875 0.0234375 0.08203125