2 0.5453125 0.74765625 0.12421875 0.2125
2 0.68984375 0.4640625 0.115625 0.23359375
2 0.478125 0.546875 0.11484375 0.15859375
2 0.40625 0.47109375 0.10078125 0.14140625
2 0.55625 0.35625 0.07578125 0.09609375
2 0.36015625 0.321875 0.0828125 0.0890625
2 0.3671875 0.271875 0.07109375 0.06796875
2 0.8 0.31796875 0.07890625 0.15
4 0.315625 0.21328125 0.19453125 0.19609375
4 0.828125 0.265625 0.1359375 0.25859375
4 0.63671875 0.17421875 0.04375 0.065625
4 0.778125 0.059375 0.08671875 0.0859375
4 0.1921875 0.8515625 0.384375 0.29375
4 0.7546875 0.06640625 0.03828125 0.06640625
4 0.890625 0.1 0.06875 0.1
4 0.80078125 0.059375 0.0421875 0.08359375
0 0.3015625 0.56640625 0.13125 0.15546875
0 0.07578125 0.7890625 0.1515625 0.2
0 0.63046875 0.3921875 0.075 0.10390625
0 0.63125 0.29609375 0.05703125 0.075
0 0.7515625 0.27734375 0.03984375 0.06796875
0 0.7453125 0.125 0.02578125 0.03359375
0 0.7359375 0.209375 0.03984375 0.053125
0 0.7 0.24453125 0.05078125 0.0609375
0 0.8125 0.08515625 0.01953125 0.03203125
0 0.86796875 0.03671875 0.0125 0.01796875
0 0.91796875 0.16875 0.03125 0.0484375
0 0.565625 0.30078125 0.03515625 0.03203125
0 0.90625 0.1859375 0.02578125 0.046875
0 0.8484375 0.053125 0.0171875 0.028125
0 0.8390625 0.06953125 0.01953125 0.028125
0 0.8125 0.14140625 0.0375 0.028125