1 0.112461 0.842597 0.224922 0.314806
1 0.426555 0.380403 0.021562 0.039639
0 0.586727 0.414083 0.014109 0.025083
0 0.444312 0.399354 0.014453 0.020903
0 0.384430 0.678021 0.061469 0.089403
0 0.284305 0.549951 0.045719 0.050569
0 0.369211 0.526924 0.035563 0.049681
0 0.444805 0.479875 0.022578 0.037000
0 0.569688 0.538819 0.037391 0.059583
0 0.382359 0.441299 0.023281 0.026347
0 0.418695 0.444118 0.022578 0.031986
0 0.425223 0.422486 0.015164 0.018806
0 0.410016 0.409375 0.013406 0.019444
0 0.460500 0.428757 0.019406 0.026347
0 0.548801 0.456722 0.020820 0.031361
0 0.535398 0.425056 0.020812 0.030722
0 0.566973 0.388993 0.011289 0.017569
1 0.665391 0.478014 0.081578 0.135889
