2 0.7296875 0.546875 0.08671875 0.159375
2 0.4609375 0.51640625 0.0765625 0.15859375
2 0.275 0.41171875 0.03515625 0.0875
2 0.784375 0.35859375 0.0515625 0.078125
2 0.859375 0.2140625 0.03046875 0.046875
4 0.57734375 0.49375 0.178125 0.3265625
4 0.45625 0.25390625 0.13515625 0.178125
4 0.346875 0.40703125 0.1140625 0.14140625
4 0.78203125 0.12578125 0.034375 0.0265625
4 0.9140625 0.24609375 0.07109375 0.14140625
4 0.653125 0.20234375 0.034375 0.090625
4 0.8875 0.1171875 0.02578125 0.04296875
4 0.628125 0.21015625 0.05546875 0.09296875
4 0.5078125 0.26484375 0.03671875 0.08203125
4 0.9609375 0.18984375 0.04140625 0.1015625
4 0.9109375 0.1078125 0.01484375 0.034375
0 0.6265625 0.75703125 0.12578125 0.18359375
0 0.496875 0.3203125 0.05390625 0.05390625
0 0.8796875 0.32890625 0.03984375 0.05859375
0 0.71328125 0.42578125 0.059375 0.084375
0 0.815625 0.315625 0.040625 0.05703125
0 0.596875 0.275 0.04140625 0.046875
0 0.728125 0.3265625 0.0453125 0.0609375
0 0.828125 0.178125 0.01875 0.0265625
0 0.8609375 0.16171875 0.01875 0.0265625
0 0.7765625 0.28671875 0.0375 0.0515625
0 0.25625 0.98125 0.1328125 0.034375
0 0.75078125 0.22421875 0.0265625 0.034375
0 0.64140625 0.27421875 0.04375 0.05390625
0 0.74375 0.20625 0.02265625 0.03203125
0 0.82578125 0.24140625 0.0328125 0.04140625
0 0.8921875 0.14609375 0.0140625 0.01953125
0 0.8546875 0.26953125 0.0328125 0.05
0 0.684375 0.37578125 0.0421875 0.06796875
0 0.875 0.246875 0.01875 0.04296875
0 0.8703125 0.9625 0.04921875 0.05
0 0.9484375 0.253125 0.00859375 0.034375
0 0.909375 0.13671875 0.01171875 0.01796875
0 0.890625 0.1875 0.02265625 0.0390625
0 0.91875 0.121875 0.01953125 0.01953125
0 0.9390625 0.15625 0.01875 0.034375
0 0.9578125 0.21953125 0.02109375 0.04140625
0 0.89375 0.178125 0.01796875 0.01953125