2 0.6125 0.34921875 0.0484375 0.05703125
4 0.66796875 0.49453125 0.1640625 0.328125
4 0.759375 0.19921875 0.05390625 0.09609375
4 0.8515625 0.1703125 0.0375 0.0734375
4 0.9140625 0.1515625 0.0234375 0.04453125
4 0.9390625 0.13984375 0.02578125 0.04296875
4 0.86640625 0.19609375 0.0234375 0.0390625
4 0.784375 0.16015625 0.0265625 0.02890625
4 0.7921875 0.2234375 0.03203125 0.05546875
4 0.896875 0.11484375 0.05546875 0.0875
4 0.8828125 0.315625 0.05859375 0.109375
4 0.81484375 0.20703125 0.021875 0.03359375
4 0.99140625 0.115625 0.015625 0.03046875
0 0.0921875 0.63125 0.128125 0.1234375
0 0.08125 0.91484375 0.1625 0.1671875
0 0.63203125 0.840625 0.13125 0.20703125
0 0.2875 0.753125 0.1390625 0.1734375
0 0.54375 0.72421875 0.12265625 0.1625
0 0.5625 0.34375 0.04921875 0.05390625
0 0.81015625 0.58671875 0.0796875 0.115625
0 0.4 0.66171875 0.11640625 0.15703125
0 0.84609375 0.85859375 0.125 0.21640625
0 0.721875 0.265625 0.03203125 0.0390625
0 0.55703125 0.52109375 0.0734375 0.1
0 0.76796875 0.3671875 0.040625 0.0625
0 0.47890625 0.58203125 0.0984375 0.125
0 0.84453125 0.23046875 0.025 0.03046875
0 0.42265625 0.80625 0.13125 0.109375
0 0.31015625 0.9171875 0.178125 0.1625
0 0.434375 0.9234375 0.2828125 0.15
0 0.85078125 0.4875 0.0625 0.1
0 0.8140625 0.415625 0.05390625 0.0765625
0 0.7734375 0.46015625 0.05390625 0.0875
0 0.9109375 0.40546875 0.0609375 0.071875
0 0.6171875 0.3390625 0.040625 0.0359375
0 0.903125 0.20078125 0.01796875 0.0234375
0 0.83828125 0.375 0.0546875 0.08359375
0 0.98828125 0.39609375 0.021875 0.06953125
0 0.9640625 0.328125 0.04375 0.06640625
0 0.809375 0.325 0.0390625 0.05859375
0 0.9203125 0.24921875 0.02890625 0.034375
0 0.9484375 0.165625 0.0203125 0.02890625
0 0.840625 0.30390625 0.03359375 0.053125
0 0.60625 0.35859375 0.03359375 0.04140625
0 0.91875 0.30703125 0.01953125 0.046875
0 0.775 0.23046875 0.00859375 0.025
0 0.9328125 0.234375 0.02421875 0.03359375
0 0.7453125 0.5046875 0.02578125 0.090625
0 0.859375 0.353125 0.0453125 0.08203125
0 0.9609375 0.25390625 0.0265625 0.03046875
0 0.93046875 0.18125 0.015625 0.02109375
0 0.9296875 0.2875 0.028125 0.046875
0 0.9546875 0.22109375 0.01875 0.03359375