1 0.628125 0.540625 0.121875 0.20390625
2 0.50859375 0.64609375 0.096875 0.1390625
2 0.46875 0.41875 0.06328125 0.06796875
2 0.7890625 0.31640625 0.02890625 0.04140625
2 0.7328125 0.28515625 0.02734375 0.03203125
4 0.675 0.57734375 0.23828125 0.4515625
4 0.309375 0.4 0.103125 0.121875
4 0.84921875 0.346875 0.06875 0.1375
4 0.51875 0.36015625 0.05859375 0.0734375
4 0.80234375 0.234375 0.0203125 0.03046875
4 0.8140625 0.196875 0.015625 0.01640625
0 0.25 0.76484375 0.140625 0.159375
0 0.921875 0.2375 0.01640625 0.01953125
0 0.8828125 0.28359375 0.015625 0.028125
0 0.8984375 0.265625 0.01484375 0.021875
0 0.840625 0.275 0.0171875 0.01953125
0 0.73515625 0.2671875 0.028125 0.02890625
0 0.89609375 0.2390625 0.0140625 0.01640625
0 0.86484375 0.440625 0.0203125 0.040625
0 0.82734375 0.234375 0.015625 0.015625
0 0.84453125 0.21875 0.0078125 0.0125