2 0.6171875 0.28359375 0.0296875 0.0359375
2 0.75625 0.271875 0.03203125 0.05859375
4 0.096875 0.440625 0.19296875 0.25703125
4 0.4265625 0.31328125 0.13671875 0.12890625
4 0.6078125 0.45390625 0.13828125 0.23359375
4 0.7890625 0.3421875 0.09140625 0.1984375
4 0.784375 0.2125 0.0328125 0.03046875
4 0.8546875 0.23359375 0.06953125 0.075
4 0.759375 0.18046875 0.01640625 0.01953125
0 0.271875 0.49609375 0.09375 0.078125
0 0.21875 0.896875 0.209375 0.20390625
0 0.034375 0.9265625 0.06875 0.14453125
0 0.53125 0.34453125 0.05234375 0.05546875
0 0.44375 0.36953125 0.05390625 0.053125
0 0.65625 0.28828125 0.0296875 0.034375
0 0.53125 0.4578125 0.04609375 0.08203125
0 0.82890625 0.1921875 0.0078125 0.0125
0 0.8359375 0.2578125 0.015625 0.02890625
0 0.896875 0.1734375 0.0140625 0.021875
0 0.7609375 0.23515625 0.01953125 0.02109375
0 0.6703125 0.36953125 0.01328125 0.04453125
0 0.86875 0.1734375 0.01015625 0.0140625
0 0.8015625 0.20703125 0.00546875 0.0140625
0 0.82578125 0.234375 0.0140625 0.01953125
0 0.84140625 0.221875 0.015625 0.0234375
0 0.42578125 0.3515625 0.0234375 0.03046875
0 0.7484375 0.2828125 0.015625 0.040625