3 0.460664 0.412507 0.015875 0.023903
0 0.550156 0.398660 0.010109 0.019347
0 0.527219 0.398319 0.013219 0.017972
0 0.534176 0.428139 0.016914 0.028000
0 0.441062 0.404729 0.013938 0.019292
0 0.390051 0.432743 0.020023 0.026264
0 0.422902 0.435153 0.019633 0.024194
0 0.447301 0.470576 0.027211 0.035597
0 0.336438 0.496743 0.033312 0.044292
0 0.331961 0.594278 0.050672 0.069167
0 0.404098 0.625826 0.055992 0.091569
1 0.450605 0.378431 0.016039 0.028806
1 0.626230 0.434188 0.054586 0.097458
3 0.205566 0.634792 0.085992 0.112278
3 0.380668 0.496486 0.031633 0.048778
1 0.574840 0.417479 0.038492 0.085847
