0 0.440852 0.400500 0.013031 0.019000
0 0.459977 0.374667 0.008344 0.013333
0 0.661945 0.509389 0.034766 0.047806
0 0.333613 0.839014 0.092148 0.143083
0 0.724379 0.938194 0.119211 0.123611
0 0.068207 0.977208 0.136414 0.045583
0 0.594859 0.633875 0.055766 0.103917
0 0.604289 0.434458 0.020000 0.027778
0 0.580344 0.406264 0.015703 0.021667
0 0.406305 0.607014 0.050109 0.071667
0 0.239184 0.587354 0.074742 0.109986
0 0.432000 0.518590 0.034187 0.048097
0 0.351000 0.474389 0.028187 0.035139
0 0.408512 0.456958 0.024305 0.033694
0 0.457191 0.437528 0.019602 0.030528
0 0.434434 0.414771 0.017820 0.025347
0 0.407621 0.413181 0.017336 0.022750
0 0.468371 0.406993 0.014742 0.020153
0 0.440852 0.400500 0.013031 0.019000
0 0.426742 0.391167 0.015000 0.018333
0 0.454164 0.384250 0.012469 0.016500
0 0.483227 0.374417 0.009656 0.016500
0 0.451633 0.366417 0.010031 0.014167
1 0.438414 0.370833 0.016781 0.030667
0 0.408512 0.456958 0.024305 0.033694
1 0.952527 0.826868 0.094945 0.346264
1 0.322766 0.559458 0.073094 0.134444
1 0.322766 0.559458 0.073094 0.134444
1 0.952527 0.826868 0.094945 0.346264
1 0.438414 0.370833 0.016781 0.030667
0 0.451633 0.366417 0.010031 0.014167
0 0.483227 0.374417 0.009656 0.016500
0 0.454164 0.384250 0.012469 0.016500
0 0.426742 0.391167 0.015000 0.018333
0 0.468371 0.406993 0.014742 0.020153
0 0.407621 0.413181 0.017336 0.022750
0 0.434434 0.414771 0.017820 0.025347
0 0.457191 0.437528 0.019602 0.030528
0 0.351000 0.474389 0.028187 0.035139
0 0.432000 0.518590 0.034187 0.048097
0 0.239184 0.587354 0.074742 0.109986
0 0.406305 0.607014 0.050109 0.071667
0 0.580344 0.406264 0.015703 0.021667
0 0.604289 0.434458 0.020000 0.027778
0 0.594859 0.633875 0.055766 0.103917
0 0.068207 0.977208 0.136414 0.045583
0 0.724379 0.938194 0.119211 0.123611
0 0.333613 0.839014 0.092148 0.143083
0 0.661945 0.509389 0.034766 0.047806
0 0.459977 0.374667 0.008344 0.013333
