0 0.408309 0.458292 0.023117 0.032333
0 0.524250 0.365583 0.012234 0.014611
0 0.540961 0.375319 0.009500 0.016556
0 0.528180 0.387014 0.012422 0.023056
0 0.560047 0.375972 0.008953 0.017861
0 0.565980 0.385549 0.012055 0.022736
0 0.534293 0.415097 0.015523 0.025972
0 0.584703 0.409250 0.015156 0.022083
0 0.567625 0.431812 0.021922 0.032792
0 0.609539 0.433437 0.026484 0.034736
0 0.557215 0.493826 0.032508 0.050986
0 0.606434 0.497396 0.033414 0.048375
0 0.585074 0.582521 0.037320 0.080903
0 0.833102 0.727340 0.098297 0.131069
0 0.876063 0.923951 0.140172 0.144014
0 0.461813 0.378764 0.006422 0.016361
0 0.475938 0.386187 0.011984 0.015208
0 0.470691 0.398743 0.013055 0.020542
0 0.444152 0.398368 0.015195 0.018264
0 0.422750 0.396083 0.009203 0.019778
0 0.457531 0.445160 0.020547 0.028153
0 0.438484 0.475604 0.023969 0.038042
0 0.427246 0.430514 0.017336 0.027028
0 0.372566 0.456389 0.025680 0.030056
4 0.453145 0.383333 0.013477 0.030056
3 0.446191 0.370590 0.003852 0.022069
3 0.379199 0.500146 0.037664 0.059736
0 0.316746 0.907764 0.121055 0.173139
0 0.102668 0.770229 0.117414 0.126208
0 0.262410 0.693361 0.081914 0.114889
0 0.243750 0.589806 0.053703 0.066333
0 0.400301 0.624597 0.062805 0.087389
2 0.211438 0.915854 0.049156 0.145625
1 0.399316 0.399125 0.039805 0.071528
1 0.432172 0.370583 0.026750 0.054028
3 0.331258 0.491007 0.038953 0.058208
0 0.465129 0.367354 0.008352 0.011042
0 0.481184 0.374014 0.010914 0.009889
