1 0.090625 0.6890625 0.18046875 0.328125
1 0.2578125 0.70078125 0.21484375 0.47109375
4 0.3296875 0.6375 0.35703125 0.60546875
4 0.721875 0.4515625 0.22890625 0.46953125
4 0.4890625 0.81484375 0.26328125 0.36796875
4 0.7078125 0.05390625 0.0640625 0.096875
4 0.875 0.2515625 0.12109375 0.26640625
4 0.9546875 0.15546875 0.0765625 0.14140625
4 0.8296875 0.0375 0.03046875 0.04453125
4 0.9796875 0.0515625 0.03828125 0.08046875
4 0.9 0.02578125 0.02109375 0.03203125
0 0.5375 0.1796875 0.05 0.05703125
0 0.621875 0.18203125 0.046875 0.05546875
0 0.3953125 0.93359375 0.184375 0.13046875
0 0.028125 0.421875 0.05625 0.1140625
0 0.01875 0.528125 0.0375 0.09375
0 0.67109375 0.1234375 0.034375 0.04140625
0 0.5265625 0.38515625 0.071875 0.1265625
0 0.65 0.74296875 0.07109375 0.19453125
0 0.3984375 0.24296875 0.0703125 0.078125
0 0.36953125 0.3 0.075 0.0859375
0 0.609375 0.31328125 0.05625 0.0875
0 0.57578125 0.48671875 0.08125 0.12890625
0 0.83671875 0.06484375 0.025 0.03203125
0 0.7859375 0.090625 0.02734375 0.0375
0 0.73828125 0.115625 0.0359375 0.046875
0 0.98125 0.009375 0.03515625 0.01796875
0 0.8703125 0.04765625 0.02109375 0.0265625
0 0.784375 0.06875 0.021875 0.0234375
0 0.6734375 0.24375 0.04921875 0.034375
0 0.5234375 0.54765625 0.04296875 0.1265625
0 0.11328125 0.61015625 0.134375 0.1625
0 0.7234375 0.2140625 0.04921875 0.03359375
0 0.73203125 0.090625 0.0234375 0.03203125
0 0.8609375 0.03125 0.01640625 0.0265625
0 0.92109375 0.01484375 0.01875 0.0265625
0 0.9875 0.0625 0.02421875 0.05546875
0 0.88046875 0.103125 0.025 0.03203125
0 0.9421875 0.00703125 0.01484375 0.0140625
0 0.75703125 0.19453125 0.040625 0.046875