2 0.35390625 0.74140625 0.1609375 0.2359375
2 0.2734375 0.409375 0.10234375 0.11796875
2 0.8015625 0.2578125 0.0359375 0.0625
4 0.653125 0.2125 0.04140625 0.06640625
4 0.7625 0.228125 0.04296875 0.096875
4 0.89453125 0.20546875 0.0671875 0.14140625
4 0.84609375 0.18359375 0.059375 0.1140625
4 0.81953125 0.11484375 0.03125 0.05390625
4 0.74609375 0.10078125 0.028125 0.0234375
4 0.8984375 0.07421875 0.02421875 0.040625
4 0.784375 0.12578125 0.02578125 0.065625
4 0.875 0.08203125 0.01484375 0.03046875
4 0.7328125 0.25078125 0.04140625 0.0765625
4 0.7390625 0.1328125 0.03359375 0.0625
0 0.59375 0.728125 0.1203125 0.19140625
0 0.57890625 0.515625 0.084375 0.11796875
0 0.5671875 0.278125 0.03984375 0.053125
0 0.534375 0.4234375 0.078125 0.09453125
0 0.534375 0.2390625 0.03828125 0.04453125
0 0.73046875 0.4796875 0.06875 0.1125
0 0.6609375 0.4015625 0.065625 0.0859375
0 0.7765625 0.390625 0.06015625 0.09140625
0 0.74296875 0.32265625 0.046875 0.065625
0 0.59375 0.375 0.06015625 0.078125
0 0.703125 0.203125 0.02734375 0.0359375
0 0.6703125 0.309375 0.04609375 0.0625
0 0.7078125 0.28359375 0.04296875 0.05859375
0 0.1125 0.903125 0.225 0.19140625
0 0.78046875 0.146875 0.0171875 0.0234375
0 0.753125 0.171875 0.02265625 0.021875
0 0.74375 0.15703125 0.02109375 0.03046875
0 0.796875 0.15078125 0.0203125 0.0234375
0 0.84453125 0.1171875 0.015625 0.0234375
0 0.8734375 0.10859375 0.01171875 0.01640625
0 0.796875 0.21171875 0.0203125 0.0375