2 0.5890625 0.6671875 0.1296875 0.190625
2 0.27734375 0.83828125 0.1703125 0.24296875
2 0.775 0.39453125 0.0484375 0.08359375
4 0.70625 0.34453125 0.10546875 0.175
4 0.68125 0.221875 0.04609375 0.07109375
4 0.821875 0.31015625 0.0640625 0.12109375
4 0.75078125 0.1828125 0.0234375 0.01796875
4 0.84921875 0.228125 0.034375 0.05859375
0 0.590625 0.3234375 0.03984375 0.04140625
0 0.0171875 0.903125 0.034375 0.153125
0 0.55859375 0.42890625 0.0578125 0.071875
0 0.4328125 0.3953125 0.06875 0.06796875
0 0.63671875 0.27890625 0.0265625 0.03046875
0 0.7234375 0.24375 0.01796875 0.02890625
0 0.665625 0.28203125 0.02421875 0.03359375
0 0.78125 0.30625 0.02265625 0.0375
0 0.7828125 0.26640625 0.01953125 0.028125
0 0.7796875 0.225 0.01328125 0.01953125
0 0.7515625 0.228125 0.01484375 0.01953125
0 0.8125 0.24296875 0.021875 0.03046875
0 0.7625 0.221875 0.0109375 0.01796875
0 0.8 0.2140625 0.01328125 0.01640625
0 0.7890625 0.209375 0.0109375 0.015625
0 0.87265625 0.23046875 0.0203125 0.025