1 0.540625 0.7671875 0.25703125 0.44296875
2 0.428125 0.89375 0.23203125 0.20703125
2 0.4640625 0.38671875 0.10703125 0.1515625
4 0.3546875 0.10703125 0.17421875 0.2140625
4 0.7578125 0.390625 0.24921875 0.49296875
4 0.1328125 0.71796875 0.26484375 0.5609375
4 0.9671875 0.1140625 0.06484375 0.171875
4 0.88984375 0.20390625 0.1359375 0.271875
4 0.6515625 0.03515625 0.084375 0.0703125
0 0.53515625 0.12890625 0.0546875 0.05859375
0 0.3125 0.290625 0.08984375 0.0875
0 0.5859375 0.303125 0.0859375 0.10703125
0 0.39375 0.64453125 0.15390625 0.21640625
0 0.30546875 0.54609375 0.0859375 0.178125
0 0.3875 0.47421875 0.115625 0.13203125
0 0.340625 0.209375 0.08359375 0.09609375
0 0.77890625 0.04375 0.034375 0.04296875
0 0.69609375 0.68046875 0.0625 0.2
0 0.65859375 0.0734375 0.0421875 0.046875
0 0.64765625 0.2421875 0.0515625 0.0875
0 0.83671875 0.015625 0.0296875 0.03125
0 0.796875 0.0140625 0.0296875 0.028125
0 0.759375 0.1453125 0.0484375 0.03203125
0 0.6484375 0.35078125 0.02109375 0.0734375
0 0.196875 0.93984375 0.10625 0.11796875
0 0.88515625 0.05625 0.0390625 0.034375
0 0.8578125 0.06796875 0.04296875 0.021875
0 0.6421875 0.115625 0.05 0.05859375
0 0.8046875 0.13203125 0.04453125 0.0359375
0 0.91015625 0.05 0.028125 0.04453125
0 0.6328125 0.05078125 0.04296875 0.034375
0 0.43203125 0.15 0.021875 0.05859375
0 0.965625 0.021875 0.034375 0.028125
0 0.8203125 0.1 0.06484375 0.05546875
0 0.43515625 0.06171875 0.01875 0.06796875
0 0.5484375 0.496875 0.12109375 0.14140625