1 0.7671875 0.553125 0.12421875 0.2609375
2 0.31953125 0.696875 0.1625 0.221875
4 0.4953125 0.278125 0.1328125 0.178125
4 0.6328125 0.525 0.15546875 0.28359375
4 0.7984375 0.48515625 0.18359375 0.39296875
4 0.53125 0.49296875 0.11484375 0.196875
4 0.87734375 0.1609375 0.03125 0.05546875
4 0.9546875 0.28984375 0.08671875 0.14609375
4 0.7703125 0.20546875 0.03046875 0.0609375
4 0.903125 0.14609375 0.02734375 0.05
4 0.79921875 0.153125 0.0390625 0.028125
4 0.95078125 0.13828125 0.025 0.0515625
4 0.5546875 0.27734375 0.01328125 0.1125
0 0.09375 0.62421875 0.13828125 0.12109375
0 0.19375 0.49921875 0.09296875 0.09296875
0 0.5296875 0.6984375 0.1109375 0.153125
0 0.015625 0.540625 0.03046875 0.08046875
0 0.7296875 0.278125 0.0328125 0.040625
0 0.46796875 0.4171875 0.0640625 0.0734375
0 0.06875 0.92734375 0.1375 0.14296875
0 0.6421875 0.3296875 0.0453125 0.05390625
0 0.5 0.93671875 0.13984375 0.1234375
0 0.83203125 0.22421875 0.0234375 0.02890625
0 0.646875 0.29375 0.0375 0.04296875
0 0.77265625 0.2546875 0.0328125 0.0375
0 0.209375 0.921875 0.225 0.15390625
0 0.925 0.38515625 0.04921875 0.065625
0 0.721875 0.384375 0.03125 0.06640625
0 0.8953125 0.3125 0.03203125 0.05859375
0 0.8359375 0.2828125 0.03046875 0.0234375
0 0.909375 0.18515625 0.01640625 0.0234375
0 0.90078125 0.44609375 0.0359375 0.08359375
0 0.896875 0.4625 0.028125 0.05
0 0.9265625 0.175 0.01328125 0.01953125
0 0.9734375 0.14375 0.01015625 0.02109375
0 0.89609375 0.2515625 0.028125 0.0359375
0 0.9453125 0.15859375 0.01640625 0.03046875
0 0.68046875 0.4046875 0.0640625 0.0765625
0 0.6796875 0.38125 0.0609375 0.02890625
0 0.9796875 0.128125 0.0125 0.01796875
0 0.9859375 0.309375 0.0125 0.034375
0 0.9578125 0.15625 0.01015625 0.02109375
0 0.90625 0.2921875 0.021875 0.04296875
0 0.5203125 0.3296875 0.01953125 0.02890625