1 0.4546875 0.50234375 0.12421875 0.184375
2 0.44921875 0.36484375 0.0734375 0.07890625
2 0.3984375 0.34765625 0.05234375 0.06796875
2 0.703125 0.20546875 0.03203125 0.04140625
2 0.9546875 0.20625 0.03515625 0.06796875
2 0.865625 0.24765625 0.03203125 0.0484375
2 0.896875 0.21328125 0.03046875 0.0484375
4 0.61484375 0.634375 0.3421875 0.60546875
4 0.79296875 0.2828125 0.1140625 0.1984375
4 0.665625 0.32109375 0.08359375 0.11953125
4 0.8296875 0.10625 0.02109375 0.02109375
0 0.2390625 0.484375 0.11328125 0.1015625
0 0.1 0.490625 0.1265625 0.09609375
0 0.5953125 0.2953125 0.05234375 0.05390625
0 0.83125 0.41328125 0.06171875 0.1015625
0 0.62578125 0.246875 0.0390625 0.0390625
0 0.6953125 0.24140625 0.03515625 0.04140625
0 0.5859375 0.24453125 0.03828125 0.04140625
0 0.78125 0.178125 0.02109375 0.028125
0 0.884375 0.3203125 0.03984375 0.0625
0 0.7296875 0.1859375 0.02109375 0.028125
0 0.90625 0.128125 0.01328125 0.021875
0 0.7484375 0.20859375 0.02734375 0.0359375
0 0.84765625 0.159375 0.0171875 0.0234375
0 0.834375 0.1546875 0.01484375 0.02109375
0 0.80625 0.1515625 0.01953125 0.028125
0 0.871875 0.146875 0.0140625 0.02109375
0 0.8578125 0.215625 0.02109375 0.0359375
0 0.8828125 0.1328125 0.01171875 0.015625
0 0.8703125 0.2015625 0.02265625 0.0359375
0 0.65 0.35 0.05390625 0.05859375