1 0.7921875 0.3515625 0.23359375 0.24453125
2 0.38125 0.640625 0.10859375 0.134375
2 0.6671875 0.609375 0.07109375 0.1
2 0.6125 0.5515625 0.0671875 0.0859375
4 0.03984375 0.51875 0.0796875 0.2125
4 0.61796875 0.3484375 0.0328125 0.04140625
4 0.72890625 0.396875 0.0890625 0.15
4 0.709375 0.30546875 0.02421875 0.0390625
4 0.79375 0.34375 0.07890625 0.12109375
4 0.753125 0.2671875 0.01640625 0.04296875
4 0.85390625 0.28515625 0.0234375 0.0515625
4 0.8234375 0.365625 0.05546875 0.1125
4 0.803125 0.259375 0.01796875 0.04296875
4 0.85625 0.33515625 0.02109375 0.0515625
4 0.8765625 0.26796875 0.01796875 0.04140625
0 0.56875 0.39765625 0.03828125 0.040625
0 0.78046875 0.45703125 0.0375 0.05859375
0 0.27890625 0.54921875 0.078125 0.0734375
0 0.621875 0.4546875 0.05078125 0.059375
0 0.68828125 0.3375 0.0203125 0.028125
0 0.75625 0.303125 0.0140625 0.02109375
0 0.896875 0.5796875 0.06328125 0.0515625
0 0.6828125 0.4015625 0.015625 0.04453125
0 0.8734375 0.31640625 0.01640625 0.03359375
0 0.77734375 0.29609375 0.0109375 0.01953125
0 0.73125 0.315625 0.0171875 0.02109375