0 0.432043 0.420174 0.018711 0.022097
1 0.264039 0.540160 0.138047 0.215819
1 0.381410 0.419361 0.056945 0.096444
0 0.418352 0.545847 0.034688 0.052389
0 0.390188 0.497771 0.032078 0.045097
0 0.347289 0.483840 0.029844 0.033153
0 0.447789 0.461493 0.019422 0.034069
0 0.464246 0.419056 0.019789 0.021778
0 0.568945 0.433604 0.016547 0.027208
0 0.590082 0.417937 0.016367 0.021458
0 0.535934 0.415208 0.018883 0.022417
4 0.412820 0.445611 0.027719 0.054806
3 0.407219 0.407229 0.014750 0.034542
0 0.608629 0.616563 0.047273 0.087847
0 0.714426 0.585528 0.058070 0.075444
0 0.285367 0.683458 0.073594 0.091778
0 0.964375 0.911410 0.071250 0.177181
0 0.628398 0.461917 0.029531 0.035417
0 0.304609 0.956681 0.106750 0.086639
0 0.080754 0.972500 0.161508 0.055000
0 0.046719 0.890063 0.093437 0.176153
