1 0.2453125 0.909375 0.2765625 0.175
2 0.0828125 0.734375 0.16484375 0.24609375
2 0.0484375 0.425 0.096875 0.11640625
2 0.278125 0.5765625 0.14296875 0.1890625
2 0.34375 0.7015625 0.16484375 0.2109375
2 0.85546875 0.26796875 0.0421875 0.06953125
2 0.84140625 0.184375 0.040625 0.06796875
4 0.4609375 0.16640625 0.1328125 0.153125
4 0.66171875 0.465625 0.2125 0.42109375
4 0.6625 0.09921875 0.05546875 0.090625
4 0.884375 0.1171875 0.0640625 0.115625
4 0.8109375 0.04921875 0.03359375 0.059375
4 0.77109375 0.0328125 0.034375 0.0265625
4 0.775 0.34375 0.125 0.265625
4 0.95 0.10625 0.04765625 0.09609375
4 0.88515625 0.02265625 0.01875 0.040625
0 0.4125 0.47734375 0.0984375 0.1265625
0 0.53359375 0.378125 0.0828125 0.0984375
0 0.50703125 0.22109375 0.046875 0.05
0 0.6015625 0.3140625 0.04765625 0.075
0 0.459375 0.26796875 0.06328125 0.08046875
0 0.8 0.16484375 0.03359375 0.04296875
0 0.01875 0.97578125 0.0375 0.04609375
0 0.7375 0.1328125 0.0265625 0.034375
0 0.7203125 0.121875 0.02578125 0.03203125
0 0.859375 0.05859375 0.0140625 0.03359375
0 0.76328125 0.19453125 0.0375 0.04453125
0 0.7203125 0.23671875 0.03671875 0.0484375
0 0.878125 0.2359375 0.0375 0.05859375
0 0.9125 0.17421875 0.0296875 0.040625
0 0.29921875 0.49453125 0.0609375 0.046875
0 0.88984375 0.0484375 0.0140625 0.021875
0 0.8375 0.31328125 0.009375 0.065625
0 0.803125 0.08359375 0.01171875 0.025
0 0.9203125 0.09765625 0.01953125 0.040625
0 0.85 0.1640625 0.03984375 0.0609375
0 0.90703125 0.20078125 0.034375 0.05390625
0 0.8375 0.1359375 0.02890625 0.0359375
0 0.7515625 0.21640625 0.03671875 0.04140625
0 0.484375 0.20546875 0.01875 0.028125
0 0.78828125 0.1046875 0.028125 0.02890625