1 0.71328125 0.4359375 0.121875 0.2640625
1 0.6375 0.4140625 0.13125 0.203125
2 0.315625 0.6484375 0.11953125 0.146875
2 0.6859375 0.25390625 0.02265625 0.03046875
2 0.81875 0.33203125 0.0375 0.0609375
2 0.65 0.290625 0.02734375 0.03359375
2 0.853125 0.278125 0.028125 0.04140625
4 0.8046875 0.184375 0.0328125 0.04140625
4 0.759375 0.209375 0.03515625 0.053125
4 0.834375 0.2328125 0.03984375 0.07109375
4 0.846875 0.17421875 0.02421875 0.034375
4 0.87265625 0.2390625 0.0296875 0.0640625
0 0.534375 0.32421875 0.0390625 0.040625
0 0.2765625 0.4875 0.09140625 0.08046875
0 0.3125 0.421875 0.06796875 0.06796875
0 0.5203125 0.47109375 0.06953125 0.0890625
0 0.65390625 0.25703125 0.0203125 0.021875
0 0.76875 0.2296875 0.01484375 0.02109375
0 0.7375 0.309375 0.040625 0.021875
0 0.7078125 0.234375 0.01640625 0.02109375
0 0.73125 0.25078125 0.01796875 0.0234375
0 0.72109375 0.240625 0.015625 0.01953125
0 0.81640625 0.415625 0.028125 0.05
0 0.6484375 0.27265625 0.02421875 0.02890625
0 0.73125 0.29375 0.021875 0.015625
0 0.8125 0.240625 0.01015625 0.01953125
0 0.80390625 0.21328125 0.0109375 0.015625
0 0.78515625 0.2203125 0.0140625 0.01796875
0 0.771875 0.4203125 0.00859375 0.0484375
0 0.8359375 0.31015625 0.02734375 0.03203125