0 0.464719 0.416681 0.014125 0.019694
0 0.521328 0.365319 0.010594 0.013306
4 0.541418 0.368076 0.012055 0.021431
0 0.526809 0.380417 0.010961 0.017528
0 0.549820 0.394222 0.013875 0.021750
0 0.574566 0.396000 0.013695 0.019472
0 0.585250 0.411424 0.016437 0.028903
0 0.536852 0.420840 0.018625 0.027597
0 0.619129 0.451847 0.024289 0.035722
0 0.554387 0.489507 0.027398 0.046764
0 0.623301 0.530743 0.042773 0.055014
0 0.682461 0.514563 0.050063 0.074431
0 0.822176 0.866507 0.127430 0.208736
0 0.675637 0.879451 0.114680 0.208736
4 0.458199 0.376889 0.014992 0.025889
3 0.452437 0.364139 0.004781 0.018167
3 0.405504 0.461875 0.033023 0.048278
3 0.364977 0.455882 0.030641 0.047903
1 0.440273 0.363174 0.020422 0.044819
1 0.411914 0.387125 0.030641 0.058722
0 0.485145 0.367229 0.008039 0.011986
0 0.466457 0.372639 0.003695 0.014306
0 0.480363 0.377472 0.012383 0.012361
0 0.476125 0.388868 0.013469 0.018931
0 0.433754 0.388479 0.011305 0.018931
0 0.451680 0.390604 0.011953 0.017764
0 0.438535 0.412042 0.017383 0.024333
0 0.449180 0.441785 0.018687 0.026653
0 0.422996 0.433097 0.017164 0.028583
0 0.391055 0.431549 0.023250 0.030903
0 0.312469 0.512132 0.032766 0.046931
0 0.429887 0.527507 0.034586 0.048542
0 0.334770 0.562299 0.053695 0.076042
0 0.246027 0.596278 0.067352 0.079278
0 0.400301 0.638354 0.055523 0.085764
0 0.327488 0.934465 0.113773 0.111653
0 0.194602 0.818771 0.122875 0.152097
2 0.373906 0.576861 0.020938 0.050167
