0 0.440121 0.488660 0.026164 0.038153
0 0.457027 0.428299 0.016461 0.018819
0 0.281773 0.674410 0.064766 0.085042
0 0.825504 0.697403 0.088492 0.119167
0 0.436270 0.383757 0.012133 0.014931
1 0.408371 0.433778 0.031461 0.059056
0 0.362215 0.455215 0.032039 0.044431
0 0.451145 0.451292 0.022336 0.029278
0 0.441742 0.405562 0.014109 0.017236
0 0.472312 0.400069 0.014109 0.019861
0 0.553895 0.396937 0.013820 0.021958
0 0.373094 0.516361 0.033219 0.041278
0 0.411457 0.562611 0.038211 0.064806
0 0.227797 0.626611 0.066891 0.072250
