0 0.570480 0.428278 0.020148 0.029861
3 0.381797 0.437181 0.025891 0.042306
3 0.428992 0.504278 0.030563 0.051000
0 0.449566 0.457708 0.025195 0.031111
0 0.448746 0.395167 0.011898 0.017833
0 0.458313 0.430750 0.021234 0.022806
0 0.460762 0.410632 0.015398 0.015764
0 0.550664 0.393937 0.016125 0.020903
0 0.396145 0.479271 0.027055 0.037736
0 0.342141 0.568604 0.041984 0.057236
0 0.291637 0.548694 0.045492 0.053083
0 0.346844 0.809285 0.086031 0.127958
0 0.037332 0.911444 0.074664 0.163056
1 0.559801 0.365243 0.019055 0.038708
1 0.422008 0.416910 0.025469 0.051153
0 0.442102 0.376479 0.010734 0.011153
