2 0.3984375 0.63515625 0.15859375 0.24609375
2 0.81328125 0.28125 0.0703125 0.140625
2 0.65546875 0.26875 0.0515625 0.0734375
2 0.88125 0.19296875 0.04921875 0.096875
2 0.71640625 0.2234375 0.0453125 0.05859375
4 0.6625 0.48515625 0.16953125 0.34296875
4 0.2796875 0.30859375 0.11171875 0.128125
4 0.9 0.16484375 0.08203125 0.15390625
4 0.8015625 0.04609375 0.03359375 0.0609375
4 0.7640625 0.03125 0.034375 0.0265625
4 0.87109375 0.02890625 0.0171875 0.046875
0 0.1125 0.71171875 0.18359375 0.20703125
0 0.65 0.17421875 0.03984375 0.04296875
0 0.3484375 0.959375 0.14609375 0.07890625
0 0.38984375 0.490625 0.1046875 0.12890625
0 0.55625 0.459375 0.065625 0.1140625
0 0.7625 0.41875 0.03828125 0.10703125
0 0.528125 0.3828125 0.08671875 0.0984375
0 0.6125 0.30703125 0.06328125 0.08046875
0 0.709375 0.1421875 0.03125 0.0375
0 0.7234375 0.29296875 0.0546875 0.06640625
0 0.7796875 0.09921875 0.02421875 0.034375
0 0.8109375 0.0875 0.0203125 0.028125
0 0.7515625 0.1953125 0.03828125 0.0484375
0 0.83984375 0.07421875 0.0171875 0.0234375
0 0.7625 0.09375 0.01640625 0.0265625
0 0.6984375 0.10859375 0.01796875 0.028125
0 0.95 0.11640625 0.02265625 0.046875
0 0.8125 0.20546875 0.03828125 0.04140625
0 0.83359375 0.18515625 0.0328125 0.0515625
0 0.7796875 0.178125 0.0328125 0.04609375
0 0.89765625 0.075 0.034375 0.03046875
0 0.85 0.05625 0.0140625 0.01796875
0 0.6875 0.30625 0.04609375 0.0265625
0 0.8140625 0.153125 0.028125 0.04296875
0 0.7890625 0.16328125 0.02890625 0.040625
0 0.7109375 0.11796875 0.02734375 0.028125