1 0.3375 0.696875 0.60234375 0.6015625
2 0.640625 0.3375 0.05859375 0.0890625
2 0.1828125 0.84296875 0.2921875 0.30859375
2 0.7265625 0.25234375 0.04921875 0.090625
2 0.91328125 0.18046875 0.0375 0.078125
4 0.33828125 0.27578125 0.1875 0.17890625
4 0.575 0.19296875 0.09921875 0.10859375
4 0.6609375 0.1953125 0.03671875 0.059375
4 0.80625 0.31328125 0.12265625 0.24296875
4 0.8046875 0.11953125 0.03046875 0.05
4 0.8578125 0.18828125 0.0375 0.06796875
4 0.78515625 0.103125 0.0203125 0.02109375
4 0.88359375 0.1546875 0.03125 0.0734375
0 0.68671875 0.5375 0.0859375 0.11640625
0 0.1203125 0.72109375 0.146875 0.2109375
0 0.42890625 0.32109375 0.0625 0.0609375
0 0.559375 0.28359375 0.046875 0.046875
0 0.6546875 0.40078125 0.06328125 0.084375
0 0.75 0.1765625 0.02109375 0.028125
0 0.34296875 0.51328125 0.1265625 0.0984375
0 0.7140625 0.346875 0.05390625 0.08046875
0 0.553125 0.3703125 0.08203125 0.0765625
0 0.5546875 0.25625 0.04296875 0.04609375
0 0.7859375 0.153125 0.01796875 0.021875
0 0.8546875 0.121875 0.01171875 0.015625
0 0.6984375 0.1875 0.01328125 0.0140625
0 0.8234375 0.1859375 0.02421875 0.025
0 0.859375 0.15234375 0.01796875 0.015625
0 0.93046875 0.13203125 0.0296875 0.025
0 0.86328125 0.28203125 0.009375 0.04140625