1 0.376766 0.438965 0.031312 0.050931
3 0.324437 0.488722 0.036047 0.055667
0 0.051617 0.874806 0.102000 0.155111
0 0.434398 0.414687 0.014656 0.021319
0 0.588629 0.415875 0.019320 0.028417
0 0.448687 0.462660 0.024719 0.031986
0 0.364074 0.533132 0.038039 0.047375
0 0.417691 0.585840 0.038680 0.067514
1 0.221195 0.559750 0.177234 0.238000
0 0.426402 0.430681 0.021320 0.027250
0 0.612246 0.446076 0.024055 0.031986
0 0.331750 0.876604 0.091969 0.144486
4 0.543625 0.412917 0.024047 0.053306
0 0.406715 0.457326 0.020727 0.030792
0 0.459680 0.421799 0.020047 0.033153
0 0.675535 0.524840 0.041367 0.056847
0 0.795125 0.665778 0.078016 0.111333
0 0.646223 0.744542 0.078680 0.133833
4 0.229484 0.742778 0.123344 0.206111
