1 0.3171875 0.7 0.634375 0.59453125
2 0.6484375 0.31171875 0.06640625 0.109375
2 0.71796875 0.26796875 0.046875 0.06953125
2 0.884375 0.2546875 0.0640625 0.10390625
4 0.825 0.059375 0.0296875 0.0234375
4 0.8796875 0.15234375 0.06796875 0.10703125
4 0.93671875 0.17578125 0.0640625 0.13203125
0 0.4859375 0.25078125 0.053125 0.05390625
0 0.7765625 0.434375 0.07890625 0.10703125
0 0.634375 0.453125 0.078125 0.109375
0 0.734375 0.171875 0.03046875 0.0359375
0 0.840625 0.346875 0.05390625 0.08046875
0 0.4765625 0.43984375 0.09453125 0.0765625
0 0.76875 0.31328125 0.05703125 0.0734375
0 0.5890625 0.24609375 0.05234375 0.0609375
0 0.2171875 0.615625 0.1609375 0.14453125
0 0.81640625 0.25703125 0.0453125 0.05859375
0 0.8 0.21484375 0.03671875 0.04609375
0 0.80234375 0.1234375 0.01875 0.028125
0 0.896875 0.0734375 0.01484375 0.01640625
0 0.8359375 0.175 0.02265625 0.04140625
0 0.8203125 0.12890625 0.021875 0.03046875
0 0.8375 0.10625 0.01484375 0.0234375
0 0.8515625 0.22578125 0.02734375 0.04609375
0 0.97265625 0.159375 0.0140625 0.05