2 0.7453125 0.1171875 0.06328125 0.084375
2 0.8453125 0.28046875 0.06875 0.121875
4 0.67265625 0.51484375 0.2828125 0.565625
0 0.0859375 0.88984375 0.171875 0.2171875
0 0.4234375 0.896875 0.2234375 0.20390625
0 0.196875 0.46640625 0.14140625 0.14453125
0 0.8671875 0.6921875 0.14453125 0.2375
0 0.26328125 0.734375 0.1921875 0.2484375
0 0.771875 0.16796875 0.06796875 0.071875
0 0.4609375 0.5875 0.14453125 0.1890625
0 0.5921875 0.2640625 0.08203125 0.1
0 0.96640625 0.5125 0.065625 0.15546875
0 0.9765625 0.0296875 0.03828125 0.04609375
0 0.8859375 0.103125 0.05078125 0.0625
0 0.590625 0.165625 0.06328125 0.06953125
0 0.925 0.3765625 0.09375 0.13046875
0 0.85390625 0.459375 0.0875 0.15
0 0.9125 0.234375 0.071875 0.1015625
0 0.9734375 0.1859375 0.05078125 0.078125
0 0.81328125 0.5125 0.0515625 0.175
0 0.72265625 0.92578125 0.1859375 0.14609375
0 0.9671875 0.25546875 0.06328125 0.053125
0 0.98515625 0.21171875 0.028125 0.04296875
0 0.9640625 0.32109375 0.07109375 0.0859375
0 0.825 0.334375 0.028125 0.1125