4 0.240625 0.6859375 0.48125 0.621875
4 0.68125 0.484375 0.265625 0.4875
4 0.63671875 0.13984375 0.084375 0.11796875
4 0.82890625 0.31953125 0.13125 0.2890625
4 0.93828125 0.16015625 0.059375 0.10390625
4 0.66484375 0.28125 0.1859375 0.17109375
4 0.6515625 0.34296875 0.21484375 0.296875
4 0.8390625 0.08125 0.04609375 0.06796875
4 0.93125 0.109375 0.0640625 0.084375
4 0.903125 0.21640625 0.065625 0.096875
4 0.8109375 0.09375 0.04296875 0.07109375
0 0.196875 0.39296875 0.10078125 0.096875
0 0.7078125 0.16796875 0.03046875 0.03359375
0 0.39296875 0.9515625 0.175 0.09453125
0 0.45625 0.275 0.06171875 0.046875
0 0.509375 0.46015625 0.06015625 0.1125
0 0.584375 0.22265625 0.03984375 0.04609375
0 0.4578125 0.31953125 0.07421875 0.06640625
0 0.6296875 0.2203125 0.0328125 0.0265625
0 0.7828125 0.14609375 0.02578125 0.0359375
0 0.88671875 0.14140625 0.028125 0.0390625
0 0.88046875 0.065625 0.021875 0.040625
0 0.8140625 0.18828125 0.0296875 0.03203125
0 0.8859375 0.090625 0.01484375 0.03203125
0 0.89921875 0.2859375 0.025 0.08359375
0 0.98125 0.134375 0.0171875 0.02890625
0 0.971875 0.15859375 0.01171875 0.05
0 0.8375 0.121875 0.02421875 0.025
0 0.89375 0.1734375 0.03046875 0.021875
0 0.7640625 0.22890625 0.01953125 0.03046875
0 0.94296875 0.06328125 0.0125 0.0125
0 0.8921875 0.29453125 0.0109375 0.06640625
0 0.565625 0.44140625 0.03125 0.08359375
0 0.90078125 0.26875 0.021875 0.04609375