2 0.590625 0.51796875 0.1203125 0.178125
2 0.60703125 0.36171875 0.1 0.140625
2 0.2546875 0.646875 0.140625 0.23046875
2 0.78828125 0.22578125 0.0578125 0.07890625
2 0.85625 0.24375 0.05078125 0.09609375
2 0.8359375 0.17890625 0.04921875 0.06953125
4 0.7734375 0.50390625 0.24296875 0.3859375
4 0.7125 0.25390625 0.0890625 0.15546875
4 0.91953125 0.26171875 0.0953125 0.2265625
4 0.9515625 0.190625 0.09453125 0.15546875
4 0.7703125 0.29453125 0.084375 0.0609375
4 0.1625 0.7640625 0.325 0.465625
4 0.94296875 0.10234375 0.0640625 0.04609375
0 0.4625 0.6828125 0.15390625 0.20390625
0 0.04609375 0.51171875 0.0921875 0.12109375
0 0.7890625 0.1 0.03203125 0.0390625
0 0.85546875 0.0703125 0.0265625 0.03203125
0 0.7375 0.1546875 0.04296875 0.0484375
0 0.54296875 0.44375 0.0953125 0.12109375
0 0.4171875 0.5234375 0.13046875 0.146875
0 0.89609375 0.07109375 0.028125 0.03359375
0 0.96875 0.03359375 0.0171875 0.021875
0 0.93828125 0.04765625 0.0203125 0.0265625
0 0.9203125 0.028125 0.01796875 0.025
0 0.88671875 0.1578125 0.0375 0.0515625
0 0.89921875 0.04453125 0.0234375 0.0359375
0 0.9828125 0.08203125 0.01953125 0.03359375
0 0.96171875 0.0828125 0.028125 0.03203125
0 0.87265625 0.003125 0.0265625 0.00625