3 0.358656 0.533681 0.038719 0.060139
3 0.120004 0.732764 0.126258 0.153083
3 0.456148 0.421090 0.015359 0.027653
3 0.416492 0.401389 0.014969 0.024889
1 0.561332 0.398194 0.027758 0.070917
1 0.447078 0.383326 0.016875 0.035042
0 0.528641 0.406021 0.013609 0.024542
1 0.600754 0.408979 0.038492 0.075069
0 0.368547 0.747160 0.081188 0.138347
0 0.285824 0.676347 0.068023 0.096056
0 0.681375 0.620104 0.052344 0.080125
0 0.310328 0.524910 0.039656 0.049431
0 0.440188 0.494493 0.028234 0.039819
0 0.378250 0.446014 0.023797 0.028194
0 0.414543 0.449083 0.020805 0.028333
0 0.434664 0.414347 0.015547 0.019694
0 0.466934 0.409340 0.014773 0.018653
0 0.472184 0.395687 0.015164 0.017625
