2 0.1859375 0.815625 0.15078125 0.15859375
2 0.359375 0.540625 0.06953125 0.06796875
2 0.3453125 0.515625 0.05390625 0.0515625
2 0.5375 0.4109375 0.02890625 0.03046875
2 0.77890625 0.409375 0.0265625 0.0375
4 0.6609375 0.34765625 0.03828125 0.05390625
4 0.7015625 0.434375 0.05078125 0.103125
4 0.4921875 0.44140625 0.040625 0.05
4 0.7125 0.33046875 0.02421875 0.0390625
4 0.6 0.390625 0.03046875 0.04609375
4 0.6125 0.37578125 0.02578125 0.034375
4 0.76875 0.3515625 0.01484375 0.03046875
4 0.728125 0.346875 0.01796875 0.02890625
4 0.75078125 0.3203125 0.0125 0.0265625
4 0.79375 0.353125 0.0140625 0.03359375
0 0.03359375 0.63359375 0.0671875 0.075
0 0.65 0.3953125 0.021875 0.0234375
0 0.653125 0.4484375 0.03203125 0.0390625
0 0.734375 0.4234375 0.01796875 0.03046875
0 0.73203125 0.38984375 0.0140625 0.0265625
0 0.7640625 0.38984375 0.01640625 0.0234375
0 0.69140625 0.371875 0.015625 0.02109375
0 0.5453125 0.41171875 0.015625 0.0265625
0 0.78203125 0.36953125 0.0140625 0.01953125
0 0.725 0.3515625 0.01171875 0.01953125