1 0.75625 0.5546875 0.16953125 0.43203125
2 0.075 0.8578125 0.14921875 0.27890625
2 0.51328125 0.45859375 0.1453125 0.25
2 0.4453125 0.35859375 0.08828125 0.1
2 0.44375 0.303125 0.07578125 0.059375
2 0.9875 0.32109375 0.02265625 0.08046875
2 0.9546875 0.246875 0.03828125 0.06796875
2 0.9828125 0.2078125 0.03359375 0.0625
2 0.93125 0.1875 0.03203125 0.05546875
2 0.884375 0.19921875 0.06015625 0.05703125
4 0.81015625 0.4953125 0.2765625 0.55390625
4 0.6015625 0.5265625 0.2125 0.38359375
4 0.9078125 0.0546875 0.05078125 0.090625
0 0.4390625 0.78828125 0.16328125 0.2234375
0 0.5875 0.2203125 0.046875 0.04609375
0 0.7203125 0.18515625 0.04140625 0.0484375
0 0.7921875 0.18359375 0.04296875 0.053125
0 0.9625 0.41796875 0.04609375 0.1109375
0 0.928125 0.109375 0.028125 0.0359375
0 0.7796875 0.13203125 0.03203125 0.0390625
0 0.7171875 0.3171875 0.05078125 0.07109375
0 0.9734375 0.08671875 0.0203125 0.02890625
0 0.89375 0.1046875 0.025 0.03203125
0 0.80234375 0.14921875 0.0328125 0.0375
0 0.92109375 0.2015625 0.021875 0.05
0 0.875 0.21796875 0.0421875 0.01953125
0 0.9828125 0.296875 0.0125 0.028125
0 0.99453125 0.13984375 0.009375 0.0265625
0 0.990625 0.0625 0.0171875 0.021875
0 0.98984375 0.034375 0.01875 0.0359375