2 0.31484375 0.7703125 0.1796875 0.234375
2 0.503125 0.30625 0.09296875 0.115625
4 0.73984375 0.496875 0.2375 0.471875
4 0.9734375 0.0484375 0.0515625 0.096875
4 0.9078125 0.0203125 0.0421875 0.040625
0 0.103125 0.90546875 0.20625 0.1859375
0 0.1625 0.41953125 0.1140625 0.10546875
0 0.52109375 0.871875 0.190625 0.24453125
0 0.871875 0.746875 0.134375 0.20546875
0 0.64375 0.2984375 0.075 0.0859375
0 0.35625 0.9421875 0.19609375 0.1125
0 0.9140625 0.159375 0.04453125 0.05390625
0 0.84296875 0.1625 0.0453125 0.053125
0 0.5703125 0.55234375 0.11796875 0.1484375
0 0.953125 0.565625 0.09296875 0.16953125
0 0.9046875 0.2828125 0.0734375 0.09609375
0 0.428125 0.65625 0.153125 0.1984375
0 0.94765625 0.3890625 0.08125 0.1109375
0 0.96796875 0.1015625 0.0328125 0.04140625
0 0.8890625 0.459375 0.06953125 0.128125
0 0.9734375 0.325 0.0515625 0.11640625
0 0.38125 0.44375 0.11484375 0.109375
0 0.96953125 0.240625 0.0578125 0.0734375
0 0.97421875 0.07265625 0.05 0.04296875
0 0.8609375 0.49765625 0.02109375 0.1234375
0 0.86953125 0.3453125 0.028125 0.090625
0 0.9671875 0.509375 0.06328125 0.090625
0 0.990625 0.07265625 0.0171875 0.04609375