1 0.48125 0.815625 0.2703125 0.3625
1 0.0921875 0.6890625 0.184375 0.321875
1 0.26484375 0.7 0.2125 0.4640625
4 0.696875 0.05859375 0.06484375 0.10859375
4 0.72109375 0.453125 0.2265625 0.46640625
4 0.334375 0.6359375 0.35234375 0.6
4 0.9515625 0.1578125 0.07578125 0.140625
4 0.8203125 0.04453125 0.03046875 0.04453125
4 0.8734375 0.2546875 0.11953125 0.26796875
0 0.515625 0.19296875 0.05390625 0.05859375
0 0.6 0.196875 0.04921875 0.0625
0 0.65625 0.134375 0.0359375 0.04296875
0 0.39375 0.9359375 0.184375 0.125
0 0.3609375 0.2625 0.07421875 0.08046875
0 0.321875 0.33359375 0.08046875 0.103125
0 0.528125 0.38671875 0.071875 0.1234375
0 0.6421875 0.7421875 0.08359375 0.1984375
0 0.575 0.4890625 0.08125 0.13046875
0 0.609375 0.31484375 0.05546875 0.0875
0 0.828125 0.0734375 0.02421875 0.03046875
0 0.725 0.125 0.03671875 0.05
0 0.775 0.1 0.028125 0.0390625
0 0.8625 0.0546875 0.0203125 0.0265625
0 0.98046875 0.01171875 0.0375 0.0234375
0 0.6734375 0.24609375 0.0453125 0.03359375
0 0.5234375 0.55859375 0.03828125 0.14140625
0 0.1171875 0.61640625 0.13671875 0.171875
0 0.93515625 0.009375 0.0171875 0.01875
0 0.71875 0.0984375 0.02734375 0.0359375
0 0.775 0.07578125 0.02265625 0.02109375
0 0.853125 0.040625 0.01328125 0.02109375
0 0.72265625 0.215625 0.04375 0.03203125
0 0.915625 0.02109375 0.01953125 0.025
0 0.9796875 0.1453125 0.02109375 0.0625
0 0.75625 0.196875 0.03828125 0.046875