2 0.06171875 0.4453125 0.1234375 0.1625
2 0.71640625 0.69453125 0.165625 0.29453125
2 0.4796875 0.15859375 0.08203125 0.1140625
2 0.7078125 0.24921875 0.07734375 0.1125
2 0.7046875 0.0625 0.04921875 0.06953125
2 0.9609375 0.23828125 0.07421875 0.2265625
2 0.8890625 0.1890625 0.07421875 0.13359375
2 0.8 0.2984375 0.08671875 0.1390625
2 0.8453125 0.24921875 0.07890625 0.1265625
2 0.346875 0.49140625 0.0515625 0.221875
4 0.4875 0.5375 0.31171875 0.59140625
4 0.7765625 0.55703125 0.1875 0.31640625
4 0.4734375 0.0859375 0.15390625 0.171875
4 0.809375 0.040625 0.053125 0.08125
0 0.0328125 0.840625 0.065625 0.2375
0 0.2203125 0.9125 0.2265625 0.171875
0 0.38359375 0.278125 0.0890625 0.09609375
0 0.69375 0.12265625 0.05546875 0.065625
0 0.6640625 0.31640625 0.05 0.1109375
0 0.7640625 0.35546875 0.09375 0.10859375
0 0.9140625 0.421875 0.09296875 0.11640625
0 0.6734375 0.471875 0.07109375 0.1515625
0 0.221875 0.66171875 0.1734375 0.209375
0 0.89609375 0.015625 0.0328125 0.03046875
0 0.75078125 0.23046875 0.0546875 0.09140625
0 0.634375 0.52109375 0.03671875 0.13046875
0 0.78203125 0.196875 0.0546875 0.07109375
0 0.925 0.0890625 0.03046875 0.05
0 0.81875 0.171875 0.05546875 0.0609375
0 0.92421875 0.009375 0.0296875 0.01875
0 0.9671875 0.09140625 0.06328125 0.09453125
0 0.97265625 0.03671875 0.0328125 0.02109375
0 0.84375 0.15078125 0.04140625 0.0734375