2 0.146875 0.78515625 0.17734375 0.215625
2 0.31640625 0.375 0.084375 0.09453125
2 0.6203125 0.51484375 0.1078125 0.17109375
2 0.71484375 0.3984375 0.0828125 0.14140625
4 0.5234375 0.21796875 0.11484375 0.13046875
4 0.84375 0.36953125 0.14609375 0.2890625
4 0.9015625 0.2890625 0.0765625 0.16640625
4 0.95703125 0.215625 0.05625 0.134375
4 0.9734375 0.165625 0.0515625 0.115625
4 0.7984375 0.084375 0.0390625 0.02890625
4 0.7640625 0.31640625 0.06171875 0.1609375
4 0.8015625 0.2140625 0.1140625 0.078125
4 0.9921875 0.0453125 0.01484375 0.040625
0 0.346875 0.61484375 0.13359375 0.15390625
0 0.5515625 0.8546875 0.15078125 0.22890625
0 0.484375 0.51171875 0.09921875 0.12109375
0 0.496875 0.2953125 0.05703125 0.0625
0 0.6515625 0.36875 0.0640625 0.08203125
0 0.5859375 0.421875 0.0796875 0.10390625
0 0.7796875 0.165625 0.02734375 0.034375
0 0.87265625 0.11953125 0.015625 0.03046875
0 0.8859375 0.128125 0.01640625 0.025
0 0.7859375 0.1421875 0.021875 0.03203125
0 0.72421875 0.296875 0.0296875 0.075
0 0.41796875 0.9875 0.0890625 0.021875
0 0.97734375 0.0765625 0.0125 0.01640625
0 0.90390625 0.1953125 0.028125 0.01796875
0 0.865625 0.2 0.0296875 0.053125
0 0.92578125 0.0953125 0.0125 0.015625
0 0.946875 0.084375 0.01015625 0.0125