0 0.524715 0.375917 0.010648 0.017083
1 0.574867 0.428132 0.025563 0.054347
1 0.404074 0.415208 0.022305 0.032083
1 0.381734 0.686861 0.074828 0.127500
0 0.874895 0.919076 0.132023 0.161847
0 0.920125 0.784604 0.135547 0.195542
0 0.720922 0.579924 0.053531 0.072181
0 0.634461 0.552125 0.043609 0.066833
0 0.625586 0.461500 0.026469 0.035278
0 0.535219 0.411514 0.015937 0.024056
0 0.582430 0.403493 0.013531 0.021931
0 0.549953 0.384778 0.011734 0.019778
0 0.267105 0.710500 0.079398 0.099444
0 0.193305 0.678424 0.070375 0.109708
0 0.349289 0.563535 0.042984 0.056931
0 0.439441 0.509701 0.031852 0.046403
0 0.453973 0.449521 0.019148 0.028153
0 0.417078 0.448597 0.024359 0.031861
0 0.382879 0.441792 0.025930 0.033111
0 0.458758 0.430028 0.017578 0.022583
0 0.438223 0.406368 0.015492 0.021042
0 0.465633 0.406514 0.014969 0.022583
0 0.426301 0.391972 0.014273 0.017639
0 0.452320 0.387028 0.013750 0.020111
0 0.475902 0.385479 0.011836 0.017014
0 0.562410 0.378146 0.011695 0.017819
