0 0.580871 0.403444 0.016055 0.023306
0 0.553180 0.401486 0.015469 0.024083
0 0.528953 0.385382 0.011484 0.018597
0 0.520777 0.368889 0.009867 0.015972
0 0.553914 0.364569 0.008984 0.014139
4 0.542945 0.371111 0.012672 0.022000
0 0.536320 0.367972 0.007953 0.014667
0 0.436711 0.508896 0.039141 0.046931
2 0.390746 0.542076 0.016383 0.055014
1 0.415727 0.384743 0.032938 0.059153
1 0.442750 0.363125 0.018750 0.046556
3 0.372566 0.448257 0.029727 0.045653
3 0.410828 0.452757 0.028203 0.046847
3 0.453734 0.362521 0.004563 0.018319
0 0.350242 0.540458 0.044594 0.071194
0 0.270148 0.571194 0.053703 0.071194
0 0.410316 0.597083 0.046414 0.064722
0 0.244207 0.731396 0.081914 0.119736
0 0.358437 0.832528 0.093750 0.147250
0 0.046418 0.883493 0.084648 0.163431
4 0.460066 0.375882 0.012836 0.027625
0 0.397062 0.427236 0.019594 0.028222
0 0.427469 0.426792 0.016891 0.025528
0 0.451117 0.435500 0.017906 0.028528
0 0.466570 0.411319 0.016391 0.024028
0 0.441148 0.406819 0.017234 0.018611
0 0.435406 0.384444 0.008109 0.016528
0 0.453984 0.385799 0.012500 0.018014
0 0.477637 0.386097 0.011820 0.018028
0 0.481016 0.375583 0.009797 0.012611
0 0.467922 0.370333 0.005578 0.011111
0 0.486082 0.367472 0.010477 0.014417
0 0.728609 0.573625 0.063719 0.080917
0 0.662895 0.594660 0.054617 0.079292
0 0.324758 0.497576 0.028219 0.053403
0 0.570508 0.543694 0.039141 0.058250
0 0.636691 0.473354 0.028133 0.039014
0 0.542133 0.440368 0.021062 0.035875
0 0.592066 0.420729 0.017820 0.027486
