2 0.3359375 0.75234375 0.19453125 0.290625
2 0.6609375 0.446875 0.07578125 0.1
4 0.2484375 0.3515625 0.2578125 0.2359375
4 0.80390625 0.36953125 0.14375 0.2890625
4 0.54375 0.23203125 0.05078125 0.078125
4 0.68125 0.1609375 0.08828125 0.1
4 0.803125 0.0984375 0.021875 0.021875
4 0.903125 0.240625 0.1265625 0.1890625
0 0.56171875 0.29765625 0.0515625 0.05390625
0 0.3921875 0.38671875 0.08046875 0.0765625
0 0.575 0.546875 0.09609375 0.121875
0 0.63828125 0.228125 0.0375 0.04453125
0 0.5609375 0.4359375 0.075 0.0859375
0 0.7265625 0.209375 0.03203125 0.0359375
0 0.3546875 0.5921875 0.1125 0.1015625
0 0.65859375 0.353125 0.0625 0.07109375
0 0.7234375 0.3734375 0.03359375 0.071875
0 0.74375 0.18125 0.02265625 0.02890625
0 0.8171875 0.16328125 0.01875 0.0265625
0 0.7296875 0.29609375 0.0421875 0.05546875
0 0.8921875 0.1265625 0.01484375 0.0140625
0 0.1296875 0.409375 0.02578125 0.06796875
0 0.875 0.12265625 0.01171875 0.01796875
0 0.9171875 0.103125 0.0171875 0.021875
0 0.853125 0.1390625 0.015625 0.03046875
0 0.8125 0.2140625 0.04453125 0.04453125
0 0.765625 0.25078125 0.02578125 0.02109375
0 0.8421875 0.125 0.01953125 0.01640625