1 0.675 0.5484375 0.15234375 0.3640625
2 0.29296875 0.6234375 0.1734375 0.2359375
2 0.43046875 0.51328125 0.1328125 0.18203125
2 0.5453125 0.446875 0.096875 0.1390625
2 0.625 0.35625 0.08984375 0.15703125
4 0.728125 0.49140625 0.25859375 0.478125
4 0.771875 0.128125 0.05546875 0.078125
4 0.940625 0.15859375 0.0578125 0.103125
4 0.89296875 0.20703125 0.053125 0.096875
4 0.97421875 0.19453125 0.05 0.10546875
4 0.8359375 0.10703125 0.0421875 0.0640625
4 0.8921875 0.1078125 0.01953125 0.034375
4 0.98515625 0.05703125 0.028125 0.0390625
4 0.978125 0.11640625 0.04296875 0.053125
4 0.85390625 0.0765625 0.025 0.021875
4 0.9359375 0.0734375 0.01953125 0.0390625
0 0.2109375 0.90078125 0.22734375 0.19609375
0 0.4984375 0.615625 0.11953125 0.1640625
0 0.0796875 0.821875 0.159375 0.2640625
0 0.87578125 0.371875 0.0453125 0.084375
0 0.6734375 0.190625 0.0296875 0.034375
0 0.603125 0.26875 0.0515625 0.059375
0 0.82265625 0.22734375 0.0390625 0.059375
0 0.8796875 0.2375 0.040625 0.06953125
0 0.878125 0.134375 0.0203125 0.0265625
0 0.9078125 0.11953125 0.01875 0.01953125
0 0.603125 0.4890625 0.03671875 0.128125
0 0.8609375 0.128125 0.01875 0.021875
0 0.9 0.15703125 0.0265625 0.025
0 0.94609375 0.08984375 0.0125 0.015625
0 0.8265625 0.1328125 0.0203125 0.015625
0 0.93359375 0.0828125 0.0171875 0.02109375
0 0.92890625 0.0984375 0.0125 0.01640625
0 0.9765625 0.071875 0.01015625 0.015625
0 0.990625 0.134375 0.01640625 0.02109375