2 0.2828125 0.66875 0.125 0.159375
2 0.21875 0.88828125 0.18046875 0.2125
3 0.475 0.571875 0.0234375 0.06796875
4 0.634375 0.29609375 0.0265625 0.053125
4 0.771875 0.23984375 0.01640625 0.034375
4 0.70546875 0.2390625 0.015625 0.01640625
4 0.7515625 0.246875 0.01640625 0.03203125
4 0.65078125 0.271875 0.0546875 0.06796875
4 0.7765625 0.296875 0.02890625 0.0625
4 0.82890625 0.25234375 0.0171875 0.04609375
4 0.2578125 0.209375 0.0203125 0.03046875
4 0.45390625 0.34140625 0.0578125 0.1
0 0.10703125 0.60078125 0.115625 0.090625
0 0.4015625 0.44453125 0.05078125 0.053125
0 0.584375 0.5109375 0.06015625 0.08046875
0 0.68125 0.35625 0.03046875 0.040625
0 0.63125 0.39765625 0.0390625 0.04609375
0 0.6484375 0.31796875 0.02421875 0.028125
0 0.73828125 0.4453125 0.034375 0.05390625
0 0.753125 0.33984375 0.02421875 0.03203125
0 0.5625 0.3640625 0.03046875 0.0359375
0 0.7953125 0.34296875 0.02421875 0.03046875
0 0.69296875 0.29765625 0.0171875 0.0234375
0 0.55 0.34609375 0.03046875 0.03046875
0 0.7140625 0.28125 0.01484375 0.0265625
0 0.7328125 0.31640625 0.0203125 0.028125
0 0.66953125 0.29609375 0.0171875 0.01953125
0 0.44375 0.37578125 0.03515625 0.03203125
0 0.75703125 0.29765625 0.0140625 0.02109375
0 0.7453125 0.26953125 0.01015625 0.01640625
0 0.815625 0.3125 0.0140625 0.025
0 0.7546875 0.25703125 0.01015625 0.0140625