2 0.55546875 0.71875 0.1453125 0.215625
2 0.15 0.9125 0.19921875 0.16953125
2 0.7671875 0.4078125 0.05078125 0.0875
4 0.69375 0.3578125 0.1109375 0.1875
4 0.696875 0.215625 0.04140625 0.06796875
4 0.8171875 0.3171875 0.065625 0.12890625
4 0.7515625 0.1828125 0.0234375 0.01796875
4 0.8453125 0.22890625 0.03359375 0.05859375
0 0.5203125 0.4609375 0.0671875 0.08359375
0 0.509375 0.35703125 0.05390625 0.05859375
0 0.63125 0.303125 0.03359375 0.0390625
0 0.6625 0.26640625 0.02265625 0.028125
0 0.7765625 0.2703125 0.02109375 0.02890625
0 0.7625 0.22265625 0.01484375 0.01796875
0 0.775 0.3125 0.02421875 0.0390625
0 0.73828125 0.24140625 0.01875 0.03359375
0 0.8078125 0.24765625 0.021875 0.0265625
0 0.7890625 0.2203125 0.01171875 0.01796875
0 0.6921875 0.26328125 0.01953125 0.01796875
0 0.771875 0.21796875 0.0109375 0.01640625
0 0.79609375 0.20703125 0.0109375 0.01640625
0 0.8078125 0.21015625 0.0140625 0.015625
0 0.87109375 0.23046875 0.021875 0.028125
0 0.7375 0.234375 0.01484375 0.01796875