1 0.2421875 0.77890625 0.48359375 0.4359375
2 0.56640625 0.709375 0.1078125 0.159375
2 0.7390625 0.44609375 0.0671875 0.103125
2 0.684375 0.42421875 0.05625 0.07890625
2 0.45625 0.59609375 0.1265625 0.1890625
2 0.3078125 0.60390625 0.10625 0.0890625
4 0.47421875 0.2890625 0.115625 0.1359375
4 0.7859375 0.278125 0.06171875 0.109375
4 0.75 0.1828125 0.02421875 0.01796875
4 0.81796875 0.18984375 0.0203125 0.040625
4 0.84921875 0.26796875 0.04375 0.08359375
4 0.8625 0.16875 0.01796875 0.02890625
0 0.43828125 0.40703125 0.0578125 0.05546875
0 0.0125 0.5828125 0.025 0.04296875
0 0.52109375 0.3328125 0.0390625 0.040625
0 0.61484375 0.2890625 0.0296875 0.03046875
0 0.5078125 0.48203125 0.06640625 0.08046875
0 0.7328125 0.303125 0.02890625 0.0359375
0 0.81875 0.32890625 0.03359375 0.05859375
0 0.7140625 0.25703125 0.02265625 0.025
0 0.0203125 0.63828125 0.040625 0.07890625
0 0.75390625 0.23125 0.015625 0.02890625
0 0.653125 0.28828125 0.02578125 0.03203125
0 0.721875 0.23828125 0.01640625 0.0234375
0 0.6515625 0.271875 0.02421875 0.0265625
0 0.821875 0.2390625 0.0109375 0.01953125
0 0.8203125 0.203125 0.00859375 0.015625
0 0.815625 0.42109375 0.01640625 0.03359375
0 0.803125 0.20859375 0.0125 0.021875
0 0.821875 0.2625 0.01484375 0.03046875
0 0.83828125 0.225 0.0171875 0.021875
0 0.76875 0.21171875 0.01015625 0.015625