0 0.569473 0.389257 0.011539 0.019403
0 0.612836 0.666667 0.065531 0.103556
0 0.957965 0.898056 0.084070 0.184472
4 0.454805 0.381618 0.013828 0.032514
2 0.281980 0.783986 0.037320 0.134306
0 0.154098 0.713590 0.101945 0.110042
0 0.293355 0.646444 0.078273 0.108417
0 0.349789 0.805826 0.094656 0.145625
0 0.409402 0.592229 0.055523 0.080903
0 0.268324 0.564722 0.040961 0.058250
0 0.377523 0.448431 0.026547 0.027361
0 0.413766 0.448229 0.023641 0.028542
0 0.442426 0.467264 0.024758 0.038861
0 0.458598 0.435743 0.021414 0.026569
0 0.430160 0.426618 0.018961 0.029736
0 0.425703 0.393910 0.011375 0.022208
0 0.446219 0.396882 0.014500 0.021014
0 0.472871 0.397479 0.014273 0.018236
0 0.477223 0.384590 0.010930 0.015458
0 0.463727 0.378444 0.006688 0.017444
0 0.482574 0.373687 0.009148 0.010319
0 0.466070 0.366556 0.008250 0.008722
1 0.402391 0.397479 0.035687 0.069792
1 0.433844 0.371111 0.022750 0.051944
3 0.340945 0.480354 0.037250 0.053931
3 0.385887 0.489868 0.035680 0.057097
3 0.447336 0.369722 0.003344 0.019028
4 0.536918 0.360479 0.010664 0.018069
0 0.524309 0.369181 0.009039 0.017167
0 0.542312 0.377993 0.011172 0.016958
0 0.529516 0.393937 0.017687 0.024319
0 0.563703 0.380111 0.012047 0.016278
0 0.627398 0.530743 0.043687 0.067958
0 0.589922 0.416243 0.017063 0.026542
0 0.536605 0.427507 0.018570 0.028986
0 0.577441 0.447799 0.022961 0.033458
0 0.619656 0.447021 0.024844 0.035458
0 0.567781 0.528319 0.050062 0.063111
