1 0.9015625 0.30859375 0.103125 0.20859375
2 0.53828125 0.42109375 0.11875 0.16640625
2 0.6984375 0.296875 0.059375 0.09609375
4 0.778125 0.3015625 0.11953125 0.2359375
4 0.61015625 0.3265625 0.1296875 0.19140625
4 0.828125 0.0453125 0.05546875 0.0875
4 0.9234375 0.25546875 0.14609375 0.3140625
4 0.53125 0.159375 0.10703125 0.121875
4 0.9015625 0.02734375 0.03984375 0.05390625
4 0.44296875 0.753125 0.4515625 0.49140625
4 0.9265625 0.046875 0.0296875 0.05
4 0.5546875 0.14609375 0.05859375 0.09453125
4 0.9796875 0.01640625 0.0375 0.0328125
4 0.8328125 0.234375 0.05 0.1265625
0 0.09765625 0.79921875 0.1953125 0.24609375
0 0.671875 0.703125 0.1359375 0.20390625
0 0.7 0.42578125 0.08359375 0.11796875
0 0.45625 0.29921875 0.0796875 0.08203125
0 0.11015625 0.396875 0.125 0.140625
0 0.884375 0.0796875 0.02578125 0.03203125
0 0.36875 0.54375 0.09765625 0.07109375
0 0.8265625 0.109375 0.0328125 0.0390625
0 0.95390625 0.03984375 0.0203125 0.02890625
0 0.11484375 0.9515625 0.2296875 0.09453125
0 0.8359375 0.203125 0.04296875 0.0640625
0 0.8484375 0.26171875 0.02421875 0.0765625
0 0.86796875 0.15625 0.03125 0.0625
0 0.965625 0.92578125 0.06640625 0.14609375
0 0.98828125 0.0765625 0.021875 0.021875
0 0.99375 0.22421875 0.01171875 0.0875
0 0.9953125 0.1265625 0.0078125 0.046875
0 0.99375 0.20078125 0.01015625 0.04296875
0 0.990625 0.02265625 0.01640625 0.02109375