1 0.4796875 0.765625 0.21015625 0.459375
2 0.3828125 0.55 0.134375 0.18046875
2 0.3859375 0.3484375 0.06328125 0.075
4 0.559375 0.67109375 0.36640625 0.653125
4 0.67265625 0.178125 0.0515625 0.08359375
4 0.2015625 0.471875 0.14296875 0.1609375
4 0.759375 0.1546875 0.03515625 0.059375
4 0.8109375 0.22734375 0.040625 0.0875
4 0.94375 0.18671875 0.0453125 0.10390625
4 0.90234375 0.1765625 0.0453125 0.09453125
4 0.8953125 0.103125 0.01640625 0.03203125
4 0.78203125 0.24453125 0.040625 0.0609375
4 0.79765625 0.14140625 0.040625 0.075
0 0.6 0.28671875 0.04453125 0.0484375
0 0.0890625 0.446875 0.09609375 0.0859375
0 0.8109375 0.428125 0.059375 0.090625
0 0.653125 0.2265625 0.0328125 0.04453125
0 0.446875 0.3671875 0.0640625 0.06796875
0 0.3625 0.73515625 0.08671875 0.1984375
0 0.0859375 0.815625 0.171875 0.278125
0 0.7796875 0.19140625 0.02265625 0.03046875
0 0.72578125 0.21796875 0.0296875 0.0359375
0 0.796875 0.30078125 0.04140625 0.05703125
0 0.840625 0.1453125 0.01796875 0.0265625
0 0.7125 0.31328125 0.04375 0.05703125
0 0.84453125 0.2578125 0.0328125 0.04609375
0 0.7328125 0.196875 0.02578125 0.028125
0 0.678125 0.3296875 0.05390625 0.04296875
0 0.8546875 0.34609375 0.04296875 0.06640625
0 0.8703125 0.303125 0.04140625 0.05859375
0 0.875 0.22265625 0.02578125 0.04609375
0 0.7421875 0.2890625 0.0375 0.053125
0 0.8234375 0.16953125 0.0171875 0.021875
0 0.8734375 0.14375 0.01328125 0.01796875
0 0.76640625 0.34609375 0.0484375 0.06640625
0 0.7671875 0.27734375 0.02890625 0.0484375
0 0.81953125 0.146875 0.0078125 0.02109375
0 0.8984375 0.11875 0.01171875 0.01796875
0 0.85078125 0.20625 0.021875 0.034375
0 0.84140625 0.21875 0.021875 0.040625
0 0.9109375 0.11796875 0.01171875 0.01953125