0 0.385801 0.631819 0.055523 0.076056
0 0.624273 0.691694 0.064625 0.105167
1 0.442668 0.372847 0.017586 0.028750
1 0.354996 0.441694 0.068664 0.110972
0 0.523105 0.368056 0.012195 0.014111
0 0.539848 0.374111 0.009930 0.015139
0 0.523246 0.384194 0.015320 0.020167
0 0.560414 0.377389 0.012484 0.019667
0 0.546937 0.386465 0.012766 0.020681
0 0.528637 0.397056 0.014758 0.021694
0 0.591484 0.420264 0.020141 0.028750
0 0.564813 0.424042 0.019578 0.028250
0 0.546652 0.453556 0.024117 0.038833
0 0.467918 0.366285 0.011352 0.011597
0 0.478133 0.376375 0.011344 0.016639
0 0.462813 0.373097 0.010219 0.016139
0 0.454297 0.380160 0.012484 0.018153
0 0.474301 0.393778 0.013336 0.021194
0 0.450188 0.396299 0.010500 0.024208
0 0.465082 0.413451 0.014758 0.024208
0 0.393723 0.431354 0.019008 0.023708
0 0.426918 0.432618 0.019008 0.028236
0 0.455152 0.445229 0.020992 0.033292
0 0.717566 0.571951 0.052789 0.066347
0 0.646117 0.574382 0.048234 0.074431
0 0.899605 0.961111 0.105586 0.067972
0 0.421297 0.562243 0.039141 0.056625
0 0.384438 0.508035 0.040047 0.048542
3 0.142324 0.694931 0.121961 0.160194
3 0.239258 0.728917 0.119234 0.160194
3 0.439687 0.406896 0.021281 0.036319
3 0.483809 0.366042 0.009648 0.016139
1 0.410102 0.391257 0.034172 0.074653
0 0.427758 0.389903 0.007734 0.028639
0 0.338926 0.571951 0.047336 0.059875
0 0.286590 0.559813 0.051883 0.061486
