1 0.428125 0.7171875 0.46484375 0.55703125
2 0.2578125 0.44140625 0.08515625 0.078125
2 0.65625 0.3671875 0.04296875 0.05703125
2 0.79453125 0.24453125 0.025 0.046875
4 0.73125 0.3328125 0.07421875 0.1375
4 0.8328125 0.2859375 0.065625 0.1359375
4 0.72265625 0.23671875 0.0265625 0.04296875
4 0.7609375 0.1765625 0.01640625 0.01953125
4 0.8875 0.21328125 0.02421875 0.0515625
4 0.8609375 0.215625 0.03046875 0.04609375
0 0.25625 0.503125 0.09609375 0.084375
0 0.653125 0.2890625 0.03125 0.0359375
0 0.678125 0.25078125 0.02421875 0.034375
0 0.446875 0.52109375 0.06953125 0.0609375
0 0.7609375 0.2203125 0.01328125 0.01796875
0 0.69765625 0.3328125 0.0109375 0.02890625
0 0.803125 0.203125 0.01015625 0.0140625
0 0.00625 0.4953125 0.0125 0.1265625