0 0.417855 0.444979 0.022070 0.030403
0 0.462293 0.412438 0.015977 0.021486
0 0.436387 0.412056 0.014680 0.019194
0 0.452516 0.452437 0.020516 0.033153
0 0.430598 0.525111 0.032023 0.053611
0 0.585562 0.410167 0.018031 0.027083
0 0.543285 0.430611 0.023008 0.033722
0 0.600914 0.445694 0.024172 0.035889
0 0.649035 0.491056 0.024617 0.039083
1 0.345742 0.445903 0.066484 0.121528
1 0.126066 0.710201 0.252133 0.449014
0 0.362953 0.720764 0.058719 0.118139
0 0.336234 0.583826 0.048984 0.071153
0 0.801922 0.659458 0.080641 0.123889
0 0.674770 0.615597 0.050133 0.081250
0 0.295312 0.543139 0.047000 0.051722
3 0.386176 0.427736 0.017102 0.037583
4 0.892016 0.904431 0.215969 0.191139
4 0.385055 0.490847 0.038547 0.075722
1 0.414691 0.403229 0.022664 0.034542
0 0.593527 0.616396 0.050586 0.092403
