1 0.423156 0.379792 0.028313 0.064528
0 0.555562 0.371035 0.009578 0.013625
0 0.524547 0.369194 0.008812 0.016333
3 0.273512 0.556632 0.060070 0.085764
0 0.525219 0.383799 0.012828 0.018708
0 0.550012 0.394181 0.016461 0.022472
0 0.567145 0.384986 0.010914 0.017694
0 0.577680 0.397069 0.016656 0.022806
0 0.564945 0.425493 0.019906 0.034042
0 0.534504 0.419542 0.022211 0.029611
0 0.541680 0.447285 0.019719 0.036764
0 0.647180 0.490167 0.034656 0.046972
0 0.609652 0.513653 0.035414 0.052417
0 0.611652 0.662625 0.062805 0.097083
3 0.448723 0.394410 0.017352 0.036125
1 0.450090 0.367215 0.013242 0.022319
1 0.380809 0.415104 0.049086 0.089681
0 0.482281 0.370257 0.009125 0.015431
0 0.467898 0.368437 0.007766 0.010958
0 0.478168 0.381014 0.011414 0.010139
0 0.460137 0.372694 0.008680 0.015417
0 0.439480 0.380208 0.004336 0.023944
0 0.456941 0.388118 0.006852 0.017042
0 0.471211 0.396028 0.013469 0.015833
0 0.465730 0.416118 0.016664 0.026792
0 0.437879 0.411660 0.016664 0.024347
0 0.412086 0.410840 0.011641 0.023542
0 0.410488 0.461778 0.024883 0.038556
0 0.443586 0.489167 0.025797 0.041389
0 0.423840 0.524076 0.032867 0.053569
0 0.385375 0.500132 0.034922 0.045458
0 0.341656 0.492819 0.034703 0.041389
0 0.327035 0.902104 0.120148 0.163431
0 0.113594 0.741104 0.097391 0.106792
3 0.340688 0.566347 0.058250 0.090611
