1 0.221875 0.921875 0.34609375 0.1515625
2 0.2234375 0.6796875 0.1984375 0.2875
2 0.49140625 0.61171875 0.1609375 0.259375
2 0.5546875 0.40859375 0.10859375 0.1609375
2 0.4296875 0.24921875 0.10234375 0.1234375
2 0.75 0.240625 0.06171875 0.065625
2 0.91015625 0.128125 0.034375 0.05703125
4 0.3734375 0.19375 0.19921875 0.22109375
4 0.71328125 0.5453125 0.3109375 0.55390625
4 0.86875 0.21484375 0.0875 0.1765625
4 0.7828125 0.0578125 0.05703125 0.1015625
4 0.9703125 0.19921875 0.05703125 0.14609375
4 0.63125 0.303125 0.10390625 0.15859375
4 0.75859375 0.415625 0.1796875 0.29453125
4 0.975 0.09296875 0.04765625 0.075
4 0.4578125 0.15 0.03125 0.1140625
4 0.8671875 0.00546875 0.0390625 0.0109375
0 0.3953125 0.334375 0.08203125 0.084375
0 0.7 0.14296875 0.040625 0.046875
0 0.359375 0.58203125 0.11953125 0.1640625
0 0.028125 0.86796875 0.05625 0.175
0 0.8734375 0.421875 0.06328125 0.11640625
0 0.859375 0.071875 0.025 0.02890625
0 0.48125 0.48671875 0.10234375 0.115625
0 0.815625 0.20859375 0.02890625 0.0640625
0 0.7046875 0.2765625 0.05 0.053125
0 0.92109375 0.209375 0.028125 0.06640625
0 0.93515625 0.1875 0.021875 0.05546875
0 0.93359375 0.1234375 0.0171875 0.04140625
0 0.8171875 0.2671875 0.04296875 0.0234375
0 0.95546875 0.0390625 0.0171875 0.025
0 0.9421875 0.034375 0.01484375 0.0234375
0 0.9296875 0.0234375 0.0203125 0.03046875