1 0.6234375 0.61796875 0.109375 0.225
2 0.7109375 0.4390625 0.03671875 0.05546875
2 0.7140625 0.3953125 0.01875 0.0265625
4 0.64921875 0.3703125 0.0203125 0.02890625
4 0.6625 0.32109375 0.01796875 0.01953125
4 0.7953125 0.36796875 0.03046875 0.075
4 0.7625 0.30625 0.0109375 0.02109375
4 0.7046875 0.33984375 0.00859375 0.015625
0 0.6109375 0.40703125 0.02421875 0.028125
0 0.615625 0.47265625 0.03515625 0.04609375
0 0.646875 0.45 0.03046875 0.0390625
0 0.68203125 0.359375 0.0140625 0.01796875
0 0.7328125 0.41640625 0.02109375 0.03046875
0 0.6875 0.41953125 0.0234375 0.03359375
0 0.734375 0.34140625 0.01015625 0.0140625
0 0.7671875 0.35390625 0.01171875 0.01640625
0 0.77890625 0.365625 0.0078125 0.028125