2 0.33828125 0.6203125 0.1265625 0.1375
2 0.5375 0.45 0.08828125 0.1
4 0.1078125 0.3765625 0.215625 0.278125
4 0.72734375 0.47109375 0.2078125 0.396875
4 0.71171875 0.16015625 0.06875 0.090625
4 0.8421875 0.30390625 0.11953125 0.25859375
4 0.80234375 0.13671875 0.040625 0.059375
4 0.9078125 0.240625 0.109375 0.16953125
4 0.84453125 0.11640625 0.0359375 0.0390625
4 0.7484375 0.26171875 0.07265625 0.07109375
0 0.12734375 0.52734375 0.1375 0.1125
0 0.29453125 0.83984375 0.1765625 0.21796875
0 0.31328125 0.38046875 0.0765625 0.071875
0 0.4890625 0.62578125 0.1203125 0.15390625
0 0.459375 0.35078125 0.065625 0.06796875
0 0.63125 0.2390625 0.03984375 0.04140625
0 0.61875 0.471875 0.03671875 0.090625
0 0.7 0.225 0.0359375 0.0390625
0 0.665625 0.215625 0.03046875 0.0375
0 0.8015625 0.1734375 0.02265625 0.028125
0 0.73046875 0.27890625 0.0359375 0.0359375
0 0.7765625 0.184375 0.02578125 0.03046875
0 0.8421875 0.1515625 0.01796875 0.025
0 0.76484375 0.171875 0.0203125 0.0265625
0 0.63125 0.37109375 0.05078125 0.08359375
0 0.678125 0.31171875 0.03828125 0.02890625
0 0.9125 0.1125 0.01171875 0.0140625
0 0.76640625 0.25234375 0.0375 0.0484375
0 0.7515625 0.16328125 0.01328125 0.0234375
0 0.9640625 0.1828125 0.01875 0.03203125
0 0.8953125 0.11015625 0.01015625 0.015625
0 0.63359375 0.3484375 0.0421875 0.0359375
0 0.890625 0.1625 0.01640625 0.01953125
0 0.6265625 0.3890625 0.03984375 0.046875
0 0.8875 0.128125 0.01328125 0.01640625
0 0.865625 0.13828125 0.01640625 0.02109375