2 0.5171875 0.7890625 0.13359375 0.2359375
2 0.26953125 0.590625 0.1390625 0.165625
2 0.67734375 0.48125 0.121875 0.24296875
2 0.38203125 0.490625 0.1078125 0.1484375
2 0.5421875 0.3671875 0.07890625 0.1015625
2 0.45 0.57734375 0.121875 0.16796875
2 0.49375 0.253125 0.06171875 0.0734375
2 0.4671875 0.23046875 0.04921875 0.06953125
2 0.79296875 0.32890625 0.0828125 0.15546875
4 0.4015625 0.184375 0.1578125 0.16953125
4 0.6859375 0.14921875 0.03828125 0.05703125
4 0.82265625 0.27421875 0.140625 0.265625
4 0.7921875 0.0546875 0.08203125 0.0765625
4 0.165625 0.86953125 0.33125 0.25859375
4 0.76796875 0.06171875 0.0328125 0.0625
4 0.890625 0.1 0.06875 0.1
0 0.6203125 0.30546875 0.05859375 0.078125
0 0.76875 0.1140625 0.0234375 0.03046875
0 0.6203125 0.40390625 0.07890625 0.10859375
0 0.6921875 0.24921875 0.05234375 0.065625
0 0.04921875 0.80859375 0.0984375 0.15
0 0.74453125 0.28203125 0.0359375 0.06953125
0 0.7296875 0.2140625 0.04140625 0.053125
0 0.93984375 0.1375 0.0265625 0.0390625
0 0.22890625 0.77265625 0.1125 0.04296875
0 0.55234375 0.31015625 0.034375 0.0265625
0 0.915625 0.1734375 0.03125 0.05
0 0.8265625 0.0796875 0.0203125 0.02890625
0 0.85625 0.04765625 0.01640625 0.0265625
0 0.9046875 0.18671875 0.02734375 0.040625
0 0.8734375 0.0359375 0.01015625 0.01640625
0 0.81875 0.14296875 0.02265625 0.028125
0 0.846875 0.06484375 0.01640625 0.0265625
0 0.54453125 0.31875 0.05 0.04296875