1 0.72265625 0.29296875 0.090625 0.0609375
1 0.7125 0.46171875 0.08359375 0.184375
2 0.08984375 0.81953125 0.1796875 0.2390625
2 0.36796875 0.84765625 0.240625 0.2984375
2 0.65625 0.43984375 0.0453125 0.0734375
4 0.7359375 0.4234375 0.12890625 0.2609375
4 0.6 0.38984375 0.07265625 0.115625
4 0.7171875 0.21484375 0.03515625 0.059375
4 0.77890625 0.196875 0.021875 0.034375
4 0.75390625 0.1828125 0.0171875 0.01796875
4 0.75703125 0.22109375 0.015625 0.025
4 0.859375 0.26953125 0.034375 0.0609375
0 0.4859375 0.6296875 0.0953125 0.109375
0 0.59375 0.51796875 0.07109375 0.096875
0 0.4625 0.51640625 0.08203125 0.09453125
0 0.4734375 0.38203125 0.0515625 0.053125
0 0.6296875 0.3 0.0328125 0.03359375
0 0.7734375 0.26796875 0.02265625 0.03046875
0 0.5921875 0.284375 0.02890625 0.02890625
0 0.8203125 0.203125 0.01015625 0.015625
0 0.6609375 0.35546875 0.02734375 0.046875
0 0.709375 0.25625 0.0203125 0.0234375
0 0.8328125 0.196875 0.009375 0.0125
0 0.759375 0.28125 0.01640625 0.02890625
0 0.871875 0.253125 0.01484375 0.0265625
0 0.8046875 0.28515625 0.0265625 0.02890625
0 0.7984375 0.25078125 0.01640625 0.0234375
0 0.60546875 0.290625 0.0265625 0.03046875
0 0.71875 0.2375 0.01953125 0.025