0 0.462637 0.421785 0.015039 0.022319
0 0.426676 0.533632 0.036336 0.048125
0 0.442340 0.481479 0.026570 0.037375
0 0.371918 0.445840 0.021555 0.016986
0 0.422668 0.435167 0.021805 0.024944
0 0.648844 0.487743 0.030078 0.040986
0 0.254152 0.980451 0.120898 0.039097
0 0.602480 0.434500 0.020055 0.027167
0 0.242207 0.734368 0.081195 0.102653
0 0.390707 0.647118 0.054852 0.082125
0 0.441465 0.405764 0.015289 0.021389
0 0.418152 0.402424 0.015789 0.020931
0 0.471285 0.397743 0.013789 0.018708
0 0.447352 0.391062 0.012031 0.017819
0 0.433566 0.383937 0.010523 0.016042
1 0.443719 0.367451 0.014781 0.028514
1 0.359586 0.504403 0.052625 0.101139
0 0.802020 0.677889 0.077945 0.102917
