1 0.571875 0.66875 0.19296875 0.45390625
1 0.5734375 0.390625 0.16171875 0.21953125
2 0.2953125 0.6171875 0.1734375 0.234375
2 0.4265625 0.509375 0.128125 0.18203125
2 0.60625 0.32890625 0.09609375 0.096875
4 0.646875 0.5890625 0.3390625 0.6140625
4 0.221875 0.4421875 0.13046875 0.140625
4 0.96875 0.19453125 0.05625 0.1109375
4 0.8640625 0.0890625 0.0375 0.0609375
4 0.8828125 0.21171875 0.05546875 0.0984375
4 0.8125 0.10703125 0.0453125 0.06953125
4 0.93203125 0.1578125 0.0625 0.10703125
0 0.08046875 0.81796875 0.1609375 0.2640625
0 0.4078125 0.70078125 0.14140625 0.19609375
0 0.846875 0.4015625 0.06328125 0.096875
0 0.796875 0.23671875 0.04296875 0.065625
0 0.7375 0.1921875 0.03515625 0.04296875
0 0.7390625 0.15703125 0.02421875 0.03046875
0 0.8671875 0.24375 0.04453125 0.07109375
0 0.528125 0.43828125 0.06796875 0.1234375
0 0.06328125 0.984375 0.11875 0.028125
0 0.809375 0.32109375 0.03515625 0.075
0 0.90859375 0.11015625 0.015625 0.0234375
0 0.93359375 0.09921875 0.01875 0.02109375
0 0.89140625 0.10625 0.015625 0.01796875
0 0.96015625 0.0734375 0.0125 0.0140625
0 0.94375 0.07265625 0.01640625 0.02109375
0 0.8890625 0.15625 0.02890625 0.0265625
0 0.9828125 0.06171875 0.01015625 0.0125