0 0.588270 0.414076 0.014398 0.018819
1 0.393348 0.418861 0.021914 0.049278
3 0.358965 0.458014 0.029836 0.043167
4 0.331547 0.576722 0.063047 0.108167
0 0.683734 0.530083 0.038031 0.058556
1 0.294160 0.491014 0.104727 0.167111
1 0.027594 0.820528 0.055188 0.313389
0 0.210313 0.812806 0.102578 0.132028
0 0.420641 0.430757 0.018656 0.026764
0 0.454059 0.434674 0.017102 0.030903
0 0.395922 0.484236 0.028359 0.031056
0 0.437176 0.506528 0.029648 0.050417
0 0.538379 0.436056 0.021914 0.037806
0 0.627656 0.462986 0.023844 0.043556
0 0.932594 0.844590 0.134812 0.169597
0 0.203223 0.657958 0.069758 0.079639
4 0.578020 0.481382 0.044477 0.091792
0 0.393656 0.651993 0.051484 0.083625
