1 0.696875 0.4609375 0.14296875 0.2859375
1 0.23125 0.7265625 0.2125 0.34140625
1 0.290625 0.77734375 0.45078125 0.440625
2 0.1453125 0.553125 0.10703125 0.1
2 0.7875 0.3625 0.04609375 0.10859375
2 0.73984375 0.24140625 0.0203125 0.03046875
2 0.7703125 0.2640625 0.02734375 0.05546875
4 0.2453125 0.3859375 0.190625 0.1640625
4 0.8484375 0.26640625 0.04609375 0.103125
4 0.753125 0.1828125 0.01640625 0.01796875
4 0.80703125 0.259375 0.0484375 0.0859375
4 0.86171875 0.1609375 0.0078125 0.01953125
0 0.54296875 0.3453125 0.0421875 0.04296875
0 0.5796875 0.546875 0.04609375 0.0890625
0 0.1765625 0.4859375 0.084375 0.06953125
0 0.659375 0.28671875 0.02734375 0.03203125
0 0.6203125 0.46953125 0.02421875 0.075
0 0.7203125 0.309375 0.03203125 0.0359375
0 0.8515625 0.184375 0.00703125 0.0140625
0 0.728125 0.234375 0.01328125 0.02109375
0 0.76953125 0.2296875 0.015625 0.02109375
0 0.7578125 0.2234375 0.0125 0.01640625
0 0.6296875 0.3828125 0.04765625 0.065625