0 0.459074 0.425222 0.017633 0.023389
3 0.420867 0.435181 0.021281 0.028361
3 0.325691 0.499625 0.041992 0.056722
3 0.579719 0.398896 0.014781 0.024486
0 0.301070 0.644528 0.064156 0.078833
1 0.742617 0.670931 0.200266 0.390417
0 0.383918 0.440653 0.021273 0.027361
0 0.442281 0.485194 0.026594 0.042806
0 0.393992 0.482951 0.030234 0.040319
0 0.419996 0.573229 0.037508 0.056736
0 0.249844 0.594660 0.063828 0.074653
0 0.370773 0.717681 0.061141 0.092556
0 0.551332 0.392326 0.011758 0.018514
0 0.529664 0.412035 0.017469 0.025681
0 0.593152 0.483694 0.025867 0.040611
0 0.554359 0.494743 0.027547 0.035236
0 0.611195 0.683757 0.060797 0.109875
