8 0.17890625 0.296875 0.1234375 0.24453125
1 0.39453125 0.378125 0.1015625 0.15
1 0.628125 0.7875 0.153125 0.24140625
1 0.74765625 0.91796875 0.1578125 0.15859375
1 0.92109375 0.828125 0.1390625 0.1890625
1 0.55546875 0.35 0.0890625 0.121875
1 0.83046875 0.75546875 0.1296875 0.16640625
1 0.96015625 0.3015625 0.0765625 0.11953125
1 0.52421875 0.59609375 0.1203125 0.19140625
1 0.76328125 0.63359375 0.1203125 0.1890625
1 0.57421875 0.690625 0.1234375 0.1859375
1 0.7328125 0.5765625 0.109375 0.1859375
1 0.309375 0.30703125 0.0625 0.10859375
1 0.89609375 0.28203125 0.0765625 0.1140625
1 0.52109375 0.31640625 0.0765625 0.13359375
1 0.83984375 0.25703125 0.0734375 0.1140625
1 0.27578125 0.2734375 0.0796875 0.11953125
1 0.36953125 0.321875 0.0859375 0.1390625
1 0.475 0.29609375 0.059375 0.1140625
1 0.1015625 0.29296875 0.05 0.096875
1 0.95859375 0.22890625 0.0640625 0.06953125
1 0.78359375 0.3 0.0546875 0.05
1 0.0734375 0.303125 0.028125 0.08359375
1 0.69375 0.271875 0.05 0.0390625
1 0.4453125 0.2375 0.075 0.08046875
1 0.3703125 0.25703125 0.075 0.04140625
1 0.43828125 0.290625 0.0578125 0.103125