3 0.6125 0.84609375 0.390625 0.303125
2 0.30234375 0.54609375 0.1203125 0.196875
1 0.4796875 0.515625 0.10625 0.16953125
1 0.7390625 0.59140625 0.121875 0.2109375
1 0.6640625 0.49140625 0.10625 0.1390625
1 0.54453125 0.6515625 0.1359375 0.125
1 0.578125 0.39609375 0.096875 0.1359375
1 0.36640625 0.35703125 0.0890625 0.1140625
1 0.3203125 0.275 0.084375 0.1390625
1 0.4359375 0.434375 0.09375 0.1359375
1 0.95234375 0.878125 0.0921875 0.2390625
1 0.50234375 0.30390625 0.0734375 0.1140625
1 0.43515625 0.271875 0.0671875 0.10546875
1 0.9734375 0.32109375 0.05 0.14140625
1 0.26015625 0.2640625 0.0828125 0.13359375
1 0.7609375 0.9140625 0.096875 0.16640625
1 0.8734375 0.265625 0.06875 0.125
1 0.5703125 0.340625 0.096875 0.1359375
1 0.815625 0.26640625 0.065625 0.1
1 0.74296875 0.259375 0.0546875 0.08046875
1 0.79296875 0.259375 0.0578125 0.103125
1 0.95546875 0.209375 0.0609375 0.053125
1 0.9828125 0.23046875 0.03125 0.04453125
1 0.925 0.284375 0.06875 0.125
1 0.38515625 0.2859375 0.0546875 0.0890625