0 0.5453125 0.24609375 0.146875 0.325
8 0.45078125 0.6015625 0.2171875 0.396875
1 0.4015625 0.88203125 0.140625 0.19140625
1 0.21484375 0.403125 0.0984375 0.1390625
1 0.3265625 0.29453125 0.075 0.1109375
1 0.15 0.284375 0.075 0.11953125
1 0.8921875 0.271875 0.0875 0.13359375
1 0.38671875 0.284375 0.0453125 0.09140625
1 0.9640625 0.29453125 0.06875 0.15546875
1 0.10390625 0.2890625 0.0359375 0.09453125
1 0.459375 0.29140625 0.046875 0.13359375
1 0.81328125 0.265625 0.0453125 0.096875
1 0.77578125 0.259375 0.0609375 0.10859375
1 0.26171875 0.29296875 0.0453125 0.08046875
1 0.73984375 0.259375 0.0296875 0.06953125
1 0.434375 0.26796875 0.0625 0.11953125
1 0.2765625 0.25390625 0.053125 0.0640625
1 0.28984375 0.2875 0.0328125 0.09140625
1 0.4203125 0.2859375 0.0375 0.08359375
1 0.70859375 0.26640625 0.0421875 0.04453125
1 0.2734375 0.278125 0.0625 0.10546875
1 0.21484375 0.29453125 0.0640625 0.0890625
1 0.85625 0.25703125 0.071875 0.125