2 0.440625 0.428125 0.121875 0.171875
1 0.61875 0.728125 0.128125 0.178125
6 0.51875 0.603125 0.0625 0.14453125
1 0.29453125 0.5359375 0.1140625 0.1890625
1 0.5578125 0.34453125 0.09375 0.1390625
1 0.16328125 0.309375 0.0765625 0.10859375
1 0.77890625 0.25390625 0.0734375 0.11953125
1 0.3765625 0.34609375 0.084375 0.125
1 0.471875 0.28359375 0.071875 0.1109375
1 0.525 0.30703125 0.08125 0.1359375
1 0.8875 0.2609375 0.075 0.14453125
1 0.953125 0.27890625 0.090625 0.16953125
1 0.834375 0.265625 0.053125 0.103125
1 0.34765625 0.30859375 0.0734375 0.128125
1 0.08671875 0.29609375 0.0453125 0.0859375
1 0.31640625 0.26953125 0.0890625 0.13359375
1 0.40703125 0.278125 0.0390625 0.071875
1 0.1421875 0.2890625 0.0625 0.09453125
1 0.68515625 0.26640625 0.0515625 0.0390625
1 0.43359375 0.2765625 0.0390625 0.103125
1 0.7359375 0.253125 0.0375 0.078125
1 0.98515625 0.30859375 0.0265625 0.1609375