5 0.35234375 0.29140625 0.0953125 0.16640625
2 0.90859375 0.803125 0.1453125 0.2390625
1 0.65859375 0.840625 0.1421875 0.203125
1 0.4578125 0.453125 0.115625 0.16640625
1 0.5625 0.3734375 0.090625 0.125
1 0.49375 0.95859375 0.1625 0.078125
1 0.48984375 0.2984375 0.0859375 0.125
1 0.90390625 0.2765625 0.0765625 0.13046875
1 0.9640625 0.30390625 0.06875 0.13046875
1 0.1984375 0.2890625 0.059375 0.0890625
1 0.290625 0.2859375 0.05 0.11640625
1 0.25078125 0.2859375 0.0515625 0.09453125
1 0.85 0.27109375 0.059375 0.1140625
1 0.4140625 0.2859375 0.04375 0.09453125
1 0.709375 0.25546875 0.05 0.0609375
1 0.81953125 0.2640625 0.0640625 0.10546875
1 0.45625 0.284375 0.0625 0.1140625
1 0.7765625 0.26953125 0.04375 0.09453125
1 0.9921875 0.34296875 0.0125 0.13046875
1 0.92734375 0.22109375 0.0640625 0.08046875
1 0.740625 0.26640625 0.040625 0.06640625
1 0.0890625 0.3234375 0.059375 0.05859375