3 0.24609375 0.3140625 0.1546875 0.38359375
3 0.3953125 0.25390625 0.15 0.35859375
3 0.328125 0.571875 0.18125 0.45
1 0.68359375 0.8015625 0.1421875 0.20859375
1 0.64296875 0.440625 0.1078125 0.15859375
1 0.446875 0.84140625 0.140625 0.18359375
1 0.82890625 0.7359375 0.1359375 0.20546875
1 0.534375 0.60703125 0.1125 0.1640625
1 0.74921875 0.596875 0.1140625 0.15
1 0.553125 0.321875 0.096875 0.14453125
1 0.88203125 0.275 0.0828125 0.128125
1 0.95234375 0.290625 0.0734375 0.1140625
1 0.81171875 0.25703125 0.0796875 0.11953125
1 0.1234375 0.28046875 0.05625 0.10546875
1 0.4875 0.2984375 0.0625 0.096875
1 0.9796875 0.33359375 0.0375 0.121875
1 0.546875 0.540625 0.103125 0.146875
1 0.2234375 0.54296875 0.053125 0.16953125
1 0.1578125 0.3 0.0375 0.121875
1 0.7703125 0.24609375 0.059375 0.10859375
1 0.09296875 0.30390625 0.0296875 0.075
1 0.72890625 0.2625 0.0328125 0.0640625
1 0.70390625 0.2625 0.0328125 0.04140625
1 0.48125 0.24296875 0.05 0.046875