3 0.28046875 0.1984375 0.1171875 0.26953125
2 0.840625 0.74140625 0.15 0.2390625
1 0.665625 0.4734375 0.121875 0.18046875
1 0.54140625 0.3125 0.0953125 0.146875
1 0.790625 0.953125 0.1625 0.0890625
1 0.490625 0.95390625 0.1625 0.0859375
1 0.42109375 0.4015625 0.0984375 0.1359375
1 0.35703125 0.303125 0.0828125 0.10546875
1 0.15 0.29140625 0.06875 0.0890625
1 0.88359375 0.2734375 0.0765625 0.1140625
1 0.98046875 0.925 0.0359375 0.14453125
1 0.79609375 0.25390625 0.0640625 0.1140625
1 0.9734375 0.3234375 0.05 0.125
1 0.41328125 0.284375 0.0578125 0.08046875
1 0.9375 0.30859375 0.065625 0.1
1 0.765625 0.24296875 0.0625 0.10859375
1 0.9484375 0.23046875 0.0625 0.078125
1 0.7203125 0.253125 0.040625 0.06640625
3 0.07734375 0.29296875 0.0828125 0.096875
1 0.846875 0.2484375 0.065625 0.11953125
1 0.984375 0.23203125 0.028125 0.08046875