3 0.109375 0.2234375 0.109375 0.23046875
2 0.578125 0.70546875 0.134375 0.20546875
1 0.7015625 0.890625 0.14375 0.2140625
1 0.84140625 0.74296875 0.1359375 0.203125
1 0.49609375 0.5484375 0.1140625 0.1859375
1 0.2796875 0.50703125 0.109375 0.153125
1 0.628125 0.4234375 0.103125 0.14140625
1 0.30390625 0.2859375 0.0796875 0.10546875
1 0.759375 0.60390625 0.109375 0.153125
1 0.7015625 0.525 0.1125 0.15
1 0.565625 0.33359375 0.09375 0.13359375
1 0.45859375 0.46640625 0.0984375 0.14453125
1 0.4109375 0.27109375 0.06875 0.10859375
1 0.2453125 0.2734375 0.08125 0.10859375
1 0.91015625 0.2859375 0.0671875 0.121875
1 0.36796875 0.2890625 0.0421875 0.08359375
1 0.72890625 0.271875 0.0609375 0.0609375
1 0.86015625 0.27109375 0.0609375 0.10859375
1 0.81875 0.2640625 0.065625 0.1
1 0.96484375 0.28359375 0.0671875 0.1609375
1 0.93515625 0.215625 0.0390625 0.053125
1 0.49296875 0.246875 0.0765625 0.071875
1 0.4984375 0.2984375 0.0875 0.13046875