2 0.5453125 0.609375 0.14375 0.21953125
3 0.29296875 0.2015625 0.1234375 0.29140625
1 0.7140625 0.909375 0.153125 0.175
1 0.75703125 0.60546875 0.1203125 0.1609375
1 0.88671875 0.8015625 0.1515625 0.2140625
1 0.34609375 0.72109375 0.1234375 0.16953125
1 0.95703125 0.90859375 0.0828125 0.178125
1 0.46015625 0.27890625 0.0765625 0.11953125
1 0.8953125 0.2765625 0.084375 0.125
1 0.14765625 0.296875 0.0671875 0.0890625
1 0.090625 0.29296875 0.071875 0.103125
1 0.390625 0.28359375 0.06875 0.10546875
1 0.81015625 0.259375 0.0796875 0.11953125
1 0.7515625 0.26796875 0.053125 0.0859375
1 0.68125 0.2625 0.065625 0.053125
1 0.35078125 0.2875 0.0234375 0.08046875
1 0.21328125 0.3140625 0.0546875 0.06640625