3 0.69453125 0.69140625 0.2296875 0.5609375
1 0.35859375 0.8 0.1515625 0.23359375
1 0.41015625 0.37890625 0.0953125 0.153125
1 0.9453125 0.84609375 0.10625 0.21953125
1 0.5328125 0.64453125 0.1125 0.16640625
1 0.24375 0.44609375 0.125 0.1859375
1 0.25546875 0.61953125 0.1140625 0.16640625
1 0.33828125 0.290625 0.0796875 0.1359375
1 0.1734375 0.3109375 0.08125 0.1109375
1 0.59609375 0.35546875 0.1046875 0.16640625
1 0.9203125 0.2890625 0.084375 0.1109375
1 0.28125 0.278125 0.0625 0.1109375
1 0.83671875 0.73046875 0.0921875 0.171875
1 0.1453125 0.28359375 0.071875 0.121875
1 0.4296875 0.28203125 0.059375 0.0859375
1 0.4984375 0.315625 0.06875 0.1140625
1 0.82890625 0.25703125 0.0734375 0.11953125
1 0.53203125 0.3375 0.0609375 0.11953125
1 0.978125 0.3140625 0.040625 0.128125
1 0.7234375 0.265625 0.0625 0.08046875
1 0.24296875 0.28046875 0.0328125 0.10546875
1 0.39453125 0.2734375 0.0390625 0.06953125
1 0.7765625 0.26953125 0.046875 0.0890625
1 0.48359375 0.284375 0.0671875 0.11953125
1 0.98046875 0.23046875 0.0359375 0.078125
1 0.884375 0.27109375 0.0625 0.103125