3 0.46796875 0.35546875 0.1765625 0.371875
3 0.4125 0.7359375 0.25625 0.51640625
1 0.590625 0.625 0.1375 0.2109375
1 0.61640625 0.4140625 0.1015625 0.13359375
1 0.9546875 0.90390625 0.0875 0.1859375
3 0.27578125 0.50546875 0.1765625 0.38359375
1 0.971875 0.3109375 0.053125 0.14453125
1 0.1796875 0.32109375 0.08125 0.1140625
0 0.3203125 0.25 0.084375 0.1609375
1 0.64140625 0.965625 0.1484375 0.0640625
1 0.24296875 0.2859375 0.0578125 0.078125
1 0.95390625 0.29140625 0.0796875 0.1390625
1 0.1 0.30390625 0.0375 0.075
1 0.85625 0.2640625 0.071875 0.128125
1 0.753125 0.265625 0.04375 0.08046875
1 0.80859375 0.26640625 0.0453125 0.1
1 0.740625 0.24453125 0.065625 0.08359375
1 0.878125 0.28046875 0.034375 0.10546875
1 0.78984375 0.2625 0.0515625 0.103125
1 0.91796875 0.275 0.0765625 0.13359375
1 0.165625 0.2734375 0.0875 0.13046875