3 0.209375 0.27109375 0.153125 0.3640625
2 0.521875 0.9359375 0.125 0.121875
1 0.61875 0.790625 0.134375 0.2140625
1 0.3703125 0.35 0.090625 0.121875
1 0.63359375 0.41796875 0.1046875 0.15859375
1 0.7046875 0.54296875 0.1125 0.175
1 0.7859375 0.584375 0.134375 0.14140625
1 0.571875 0.340625 0.0875 0.1359375
1 0.44453125 0.2640625 0.0765625 0.121875
1 0.96171875 0.30859375 0.0734375 0.121875
1 0.7140625 0.73203125 0.084375 0.1640625
1 0.80390625 0.24453125 0.0734375 0.1390625
1 0.50703125 0.3 0.0765625 0.128125
1 0.7375 0.2609375 0.065625 0.0890625
1 0.52578125 0.33203125 0.0453125 0.1140625
1 0.1046875 0.3015625 0.0625 0.08046875
1 0.34375 0.31953125 0.075 0.13359375
1 0.31484375 0.2890625 0.0734375 0.128125
1 0.87109375 0.25703125 0.0703125 0.125
1 0.94609375 0.2890625 0.0734375 0.121875
1 0.9125 0.2734375 0.06875 0.11953125
1 0.38984375 0.2875 0.0609375 0.09140625