2 0.35078125 0.66796875 0.1328125 0.20859375
3 0.1046875 0.2265625 0.109375 0.23046875
1 0.71796875 0.87890625 0.1515625 0.225
1 0.546875 0.62109375 0.121875 0.1859375
1 0.40703125 0.38359375 0.1046875 0.1609375
1 0.646875 0.4484375 0.121875 0.18046875
1 0.76171875 0.60390625 0.1171875 0.15859375
1 0.51953125 0.31796875 0.0828125 0.1140625
1 0.95625 0.2984375 0.084375 0.125
1 0.26328125 0.35703125 0.0953125 0.1359375
1 0.878125 0.26953125 0.078125 0.121875
1 0.9828125 0.91640625 0.03125 0.1609375
1 0.2578125 0.2765625 0.078125 0.103125
1 0.78359375 0.259375 0.0703125 0.096875
1 0.4734375 0.3015625 0.046875 0.096875
1 0.45546875 0.2609375 0.0671875 0.09453125
1 0.396875 0.278125 0.0625 0.08359375
1 0.72421875 0.2640625 0.0546875 0.0609375
1 0.60859375 0.39296875 0.0859375 0.14140625
1 0.3328125 0.29296875 0.04375 0.08046875
1 0.36328125 0.28046875 0.0359375 0.0890625
1 0.19921875 0.309375 0.0515625 0.05859375