2 0.72578125 0.56796875 0.1203125 0.175
3 0.12890625 0.2015625 0.1109375 0.25859375
1 0.44140625 0.90703125 0.1453125 0.18046875
1 0.3296875 0.68359375 0.121875 0.16640625
1 0.209375 0.3234375 0.090625 0.1359375
1 0.3328125 0.3140625 0.084375 0.11640625
1 0.7578125 0.909375 0.171875 0.175
1 0.52734375 0.59453125 0.1203125 0.178125
1 0.5875 0.72890625 0.128125 0.1640625
1 0.6703125 0.84296875 0.1375 0.203125
1 0.92734375 0.828125 0.1421875 0.221875
1 0.4359375 0.28046875 0.090625 0.14453125
1 0.58984375 0.4 0.0890625 0.14453125
1 0.53515625 0.33203125 0.0953125 0.14140625
1 0.66171875 0.46640625 0.1234375 0.18359375
1 0.88359375 0.7609375 0.1234375 0.19453125
1 0.96328125 0.3125 0.0703125 0.11953125
1 0.784375 0.246875 0.065625 0.1109375
1 0.9015625 0.28203125 0.0625 0.125
1 0.81171875 0.26640625 0.0640625 0.1109375
1 0.25390625 0.2859375 0.0578125 0.0890625
1 0.83359375 0.98203125 0.1296875 0.03046875
1 0.9625 0.9265625 0.071875 0.14140625
1 0.38359375 0.2765625 0.0359375 0.10859375
1 0.7015625 0.25859375 0.040625 0.05
1 0.5171875 0.29453125 0.08125 0.128125
1 0.85625 0.265625 0.053125 0.11953125
1 0.52109375 0.25546875 0.0734375 0.05
1 0.984375 0.32109375 0.028125 0.13046875
1 0.99453125 0.34609375 0.0078125 0.14140625