3 0.075 0.278125 0.090625 0.13359375
1 0.92109375 0.79140625 0.1390625 0.2109375
5 0.62109375 0.8265625 0.1546875 0.275
1 0.7390625 0.884375 0.18125 0.225
1 0.4484375 0.45 0.10625 0.1390625
1 0.70078125 0.5265625 0.1171875 0.175
1 0.3734375 0.315625 0.0875 0.1359375
1 0.1734375 0.29453125 0.0875 0.13359375
1 0.57578125 0.69453125 0.1265625 0.1890625
1 0.8953125 0.27890625 0.090625 0.125
1 0.27109375 0.27890625 0.0703125 0.103125
1 0.60859375 0.3765625 0.1109375 0.16953125
1 0.97421875 0.31953125 0.0484375 0.128125
1 0.32578125 0.2984375 0.0546875 0.10859375
1 0.67109375 0.4609375 0.0984375 0.1390625
1 0.84140625 0.26796875 0.0609375 0.103125
1 0.7484375 0.25859375 0.05 0.078125
1 0.80390625 0.259375 0.0796875 0.1140625
1 0.70546875 0.2609375 0.0484375 0.05546875
1 0.24296875 0.2734375 0.0578125 0.103125
1 0.3953125 0.2765625 0.053125 0.075
1 0.96640625 0.24453125 0.0640625 0.10546875