8 0.834375 0.16796875 0.115625 0.15859375
8 0.48984375 0.909375 0.1796875 0.175
1 0.909375 0.803125 0.15 0.23359375
1 0.4046875 0.70390625 0.128125 0.203125
1 0.746875 0.59296875 0.11875 0.1859375
1 0.45546875 0.528125 0.1078125 0.15546875
1 0.6625 0.4625 0.10625 0.1640625
1 0.70703125 0.909375 0.1453125 0.175
1 0.28046875 0.28046875 0.0796875 0.11640625
1 0.803125 0.95390625 0.15 0.0859375
1 0.134375 0.296875 0.08125 0.1
1 0.5125 0.95 0.19375 0.09453125
1 0.43203125 0.4359375 0.0953125 0.13359375
1 0.6140625 0.409375 0.09375 0.153125
1 0.9703125 0.30859375 0.05625 0.14453125
1 0.56171875 0.334375 0.1015625 0.16953125
1 0.83984375 0.2640625 0.0796875 0.1109375
1 0.40078125 0.3765625 0.0921875 0.146875
1 0.77265625 0.2625 0.0671875 0.10859375
1 0.3546875 0.34140625 0.071875 0.13359375
1 0.49296875 0.3140625 0.0671875 0.10546875
1 0.89375 0.27109375 0.04375 0.0859375
1 0.3734375 0.2734375 0.071875 0.0640625
1 0.728125 0.271875 0.034375 0.06640625
1 0.2109375 0.3140625 0.0625 0.05546875
1 0.93125 0.278125 0.040625 0.05546875
1 0.44453125 0.25703125 0.0640625 0.0640625
1 0.43984375 0.290625 0.0671875 0.09140625
1 0.9859375 0.21953125 0.025 0.05546875