0 0.525 0.48203125 0.190625 0.425
0 0.25625 0.421875 0.178125 0.34453125
1 0.28125 0.6109375 0.13125 0.1890625
1 0.9359375 0.8484375 0.125 0.19140625
1 0.4234375 0.95703125 0.153125 0.08046875
1 0.38671875 0.34453125 0.0828125 0.128125
1 0.38828125 0.87890625 0.1421875 0.20859375
1 0.89375 0.7640625 0.1375 0.171875
1 0.678125 0.49453125 0.10625 0.1609375
1 0.775 0.65859375 0.128125 0.2
1 0.93828125 0.29453125 0.0859375 0.11640625
1 0.75703125 0.91640625 0.1640625 0.1609375
1 0.76015625 0.571875 0.1265625 0.171875
1 0.43359375 0.27109375 0.0703125 0.1140625
1 0.83046875 0.25859375 0.0703125 0.10546875
1 0.6296875 0.4015625 0.0625 0.1140625
1 0.778125 0.26640625 0.04375 0.0890625
1 0.12734375 0.2765625 0.0359375 0.13046875
1 0.31640625 0.28203125 0.0671875 0.10859375
1 0.9859375 0.921875 0.025 0.15
1 0.50625 0.25859375 0.06875 0.05
1 0.90625 0.27109375 0.071875 0.125
1 0.37578125 0.2640625 0.0578125 0.071875
1 0.08671875 0.28046875 0.0609375 0.11640625
1 0.75546875 0.2484375 0.0609375 0.09140625
1 0.43359375 0.4640625 0.0328125 0.1609375
1 0.98203125 0.24140625 0.0328125 0.10546875
1 0.9875 0.31796875 0.021875 0.1359375
1 0.7140625 0.2640625 0.034375 0.04453125