2 0.54296875 0.6 0.1640625 0.221875
3 0.3234375 0.203125 0.128125 0.30546875
2 0.6828125 0.834375 0.175 0.253125
1 0.69609375 0.51796875 0.1078125 0.146875
1 0.6125 0.40703125 0.1 0.13046875
1 0.80390625 0.9265625 0.1859375 0.14140625
1 0.4125 0.9109375 0.146875 0.171875
1 0.22734375 0.36953125 0.0921875 0.13359375
1 0.509375 0.9640625 0.1375 0.06640625
1 0.53125 0.32890625 0.0875 0.11953125
1 0.86953125 0.27890625 0.0796875 0.10859375
1 0.45234375 0.290625 0.0765625 0.103125
1 0.7015625 0.2625 0.05625 0.053125
1 0.7578125 0.2625 0.05625 0.0859375
1 0.846875 0.26640625 0.065625 0.10546875
1 0.1625 0.3 0.090625 0.13359375
1 0.18359375 0.3390625 0.0640625 0.121875
1 0.80625 0.26640625 0.05625 0.1
1 0.42734375 0.271875 0.0640625 0.10546875
1 0.925 0.278125 0.046875 0.0609375
1 0.23984375 0.2765625 0.0578125 0.09140625
1 0.390625 0.2875 0.025 0.08046875
1 0.134375 0.296875 0.0375 0.121875