0 0.22890625 0.290625 0.1484375 0.3359375
1 0.39609375 0.3359375 0.0953125 0.15546875
1 0.5203125 0.30859375 0.090625 0.13359375
1 0.959375 0.9 0.078125 0.19453125
1 0.921875 0.278125 0.084375 0.13359375
1 0.975 0.30703125 0.046875 0.153125
1 0.32265625 0.28046875 0.0609375 0.1
1 0.8046875 0.2609375 0.0625 0.10546875
1 0.72890625 0.25703125 0.0546875 0.075
1 0.7734375 0.25390625 0.05 0.096875
1 0.4734375 0.28203125 0.075 0.13046875
1 0.8734375 0.26640625 0.06875 0.121875
1 0.46328125 0.30390625 0.0484375 0.0859375
1 0.415625 0.259375 0.059375 0.0859375