2 0.3515625 0.490625 0.128125 0.20859375
8 0.52734375 0.49140625 0.1515625 0.321875
5 0.61875 0.7875 0.140625 0.203125
5 0.76953125 0.909375 0.1671875 0.175
1 0.4859375 0.93359375 0.165625 0.128125
1 0.8953125 0.82890625 0.1375 0.18046875
1 0.3359375 0.68359375 0.125 0.16640625
1 0.54765625 0.6125 0.1328125 0.23046875
1 0.2703125 0.434375 0.0875 0.1640625
1 0.3015625 0.28203125 0.071875 0.10859375
1 0.921875 0.29609375 0.08125 0.1140625
1 0.109375 0.296875 0.065625 0.08359375
1 0.81796875 0.2625 0.0734375 0.096875
1 0.2484375 0.2765625 0.0625 0.10859375
1 0.9859375 0.3125 0.025 0.15859375
1 0.97421875 0.93046875 0.0484375 0.13359375
1 0.46328125 0.296875 0.0734375 0.1
1 0.76953125 0.25703125 0.0609375 0.096875
1 0.52578125 0.30859375 0.0765625 0.071875
1 0.41875 0.28359375 0.0375 0.09453125
1 0.6890625 0.265625 0.071875 0.046875
1 0.86484375 0.265625 0.0421875 0.08046875
1 0.75546875 0.24140625 0.0609375 0.09453125
1 0.35703125 0.303125 0.0484375 0.0609375
1 0.46640625 0.2390625 0.0640625 0.04453125
1 0.9390625 0.2640625 0.078125 0.11640625