3 0.3328125 0.59140625 0.209375 0.50546875
1 0.928125 0.85 0.140625 0.21640625
1 0.58125 0.6875 0.125 0.16953125
1 0.17421875 0.29453125 0.0828125 0.13359375
1 0.84375 0.69296875 0.128125 0.1859375
1 0.48203125 0.4875 0.1078125 0.1640625
1 0.77734375 0.64609375 0.0984375 0.15859375
1 0.53984375 0.6234375 0.1203125 0.1859375
1 0.51640625 0.31953125 0.0859375 0.128125
1 0.959375 0.2875 0.078125 0.1359375
1 0.64765625 0.4359375 0.1109375 0.18359375
1 0.25859375 0.2875 0.0578125 0.0859375
1 0.4671875 0.296875 0.065625 0.10546875
1 0.46015625 0.41640625 0.0953125 0.14453125
1 0.72265625 0.2515625 0.0703125 0.09140625
1 0.8984375 0.28203125 0.06875 0.1140625
1 0.83359375 0.25859375 0.0609375 0.11640625
1 0.4265625 0.27890625 0.0625 0.09140625
1 0.36640625 0.31796875 0.0859375 0.0640625
1 0.2234375 0.2875 0.034375 0.08046875
1 0.3265625 0.29609375 0.08125 0.09140625
1 0.78671875 0.2484375 0.0578125 0.10859375
1 0.4140625 0.25 0.059375 0.0609375
1 0.94921875 0.21953125 0.0578125 0.0609375
1 0.87734375 0.26640625 0.0671875 0.121875
1 0.3125 0.28046875 0.059375 0.09453125
1 0.71484375 0.5375 0.1140625 0.1640625
1 0.99453125 0.340625 0.0078125 0.125
1 0.46328125 0.38046875 0.0828125 0.071875