3 0.18203125 0.2125 0.1359375 0.31953125
2 0.64921875 0.815625 0.1484375 0.2359375
1 0.3796875 0.79453125 0.128125 0.178125
1 0.665625 0.465625 0.11875 0.175
2 0.8953125 0.775 0.15625 0.2390625
5 0.36484375 0.3109375 0.0984375 0.178125
1 0.55234375 0.32890625 0.0921875 0.1359375
1 0.44296875 0.275 0.0734375 0.121875
1 0.9828125 0.32109375 0.03125 0.14140625
1 0.2609375 0.2875 0.046875 0.09140625
1 0.5125 0.29140625 0.0875 0.15
1 0.94296875 0.2875 0.0796875 0.1359375
1 0.77578125 0.25390625 0.0671875 0.0859375
1 0.89453125 0.284375 0.0515625 0.1140625
1 0.87578125 0.265625 0.0734375 0.125
1 0.70625 0.259375 0.0375 0.046875
1 0.7359375 0.25546875 0.034375 0.071875
1 0.78671875 0.28046875 0.0609375 0.06640625
1 0.83671875 0.25859375 0.0296875 0.08359375
1 0.98828125 0.2234375 0.0203125 0.08046875