2 0.234375 0.375 0.109375 0.18359375
4 0.50078125 0.2640625 0.0984375 0.19453125
1 0.5078125 0.56796875 0.125 0.196875
1 0.7703125 0.61640625 0.115625 0.16640625
1 0.43359375 0.9390625 0.1484375 0.11640625
1 0.7390625 0.9 0.15 0.19453125
1 0.696875 0.509375 0.109375 0.146875
1 0.596875 0.41953125 0.103125 0.13359375
1 0.33515625 0.30859375 0.0796875 0.1109375
1 0.9125 0.28046875 0.08125 0.121875
1 0.84765625 0.26953125 0.0671875 0.10546875
1 0.971875 0.31640625 0.053125 0.13359375
1 0.80546875 0.27109375 0.0453125 0.096875
1 0.4171875 0.2890625 0.071875 0.09453125
1 0.159375 0.29453125 0.065625 0.1109375
1 0.296875 0.290625 0.078125 0.103125
1 0.97109375 0.95703125 0.0546875 0.08046875
1 0.73046875 0.2609375 0.0515625 0.071875
1 0.771875 0.26640625 0.05 0.08359375
1 0.975 0.2375 0.046875 0.05859375
1 0.109375 0.3 0.028125 0.08359375
1 0.6890625 0.265625 0.04375 0.0359375
1 0.13203125 0.2875 0.0671875 0.10859375
1 0.3875 0.265625 0.059375 0.08046875