4 0.715625 0.228125 0.071875 0.121875
2 0.246875 0.4140625 0.121875 0.18359375
1 0.8640625 0.74609375 0.1375 0.20859375
1 0.728125 0.89296875 0.15 0.19140625
1 0.4859375 0.515625 0.109375 0.146875
1 0.58203125 0.38203125 0.0984375 0.146875
1 0.72578125 0.575 0.1171875 0.15
1 0.378125 0.34609375 0.090625 0.14140625
1 0.26640625 0.56640625 0.1109375 0.15546875
1 0.4734375 0.2859375 0.08125 0.128125
1 0.18046875 0.3 0.0828125 0.13359375
1 0.9671875 0.30390625 0.0625 0.14140625
1 0.85 0.2640625 0.071875 0.121875
1 0.9125 0.278125 0.078125 0.128125
1 0.56171875 0.321875 0.0921875 0.13359375
1 0.35078125 0.29453125 0.0734375 0.121875
1 0.4203125 0.27890625 0.053125 0.09140625
1 0.74609375 0.253125 0.0484375 0.08359375
1 0.24921875 0.26953125 0.0328125 0.09453125
1 0.7765625 0.25390625 0.0375 0.103125
1 0.81484375 0.2515625 0.0671875 0.125
1 0.28828125 0.26640625 0.0703125 0.1109375