0 0.8328125 0.1484375 0.121875 0.20859375
8 0.078125 0.275 0.09375 0.14453125
1 0.78125 0.91796875 0.190625 0.15859375
1 0.64296875 0.79453125 0.1453125 0.2109375
1 0.28125 0.47109375 0.10625 0.15859375
1 0.55546875 0.3609375 0.0921875 0.121875
1 0.39453125 0.37109375 0.0984375 0.153125
1 0.31640625 0.69140625 0.1171875 0.16640625
1 0.77734375 0.61953125 0.1328125 0.19453125
1 0.58671875 0.69453125 0.1296875 0.19453125
1 0.7078125 0.553125 0.109375 0.16640625
1 0.54765625 0.61640625 0.1109375 0.15
1 0.50625 0.29453125 0.075 0.15546875
1 0.46328125 0.278125 0.0640625 0.11640625
1 0.959375 0.303125 0.078125 0.1390625
1 0.89921875 0.27890625 0.0671875 0.10859375
1 0.76328125 0.265625 0.0421875 0.0859375
1 0.41640625 0.26640625 0.0546875 0.08359375
1 0.82734375 0.25546875 0.0921875 0.13359375
1 0.2109375 0.30546875 0.0375 0.0609375
1 0.99453125 0.35 0.0078125 0.121875
3 0.94296875 0.87890625 0.1109375 0.2359375
1 0.35859375 0.265625 0.0328125 0.06953125
1 0.7015625 0.25546875 0.03125 0.05
1 0.51015625 0.25859375 0.0609375 0.0890625
1 0.24140625 0.2765625 0.0390625 0.096875
1 0.73984375 0.253125 0.0515625 0.078125
1 0.346875 0.3390625 0.05625 0.13359375