2 0.71953125 0.553125 0.1359375 0.2109375
1 0.584375 0.70546875 0.128125 0.2
1 0.8265625 0.684375 0.128125 0.196875
1 0.3265625 0.7015625 0.128125 0.16953125
1 0.19453125 0.30859375 0.0828125 0.13359375
5 0.4484375 0.44140625 0.1125 0.16640625
1 0.53359375 0.334375 0.0921875 0.1359375
1 0.3046875 0.284375 0.078125 0.10859375
1 0.92265625 0.278125 0.0859375 0.128125
1 0.6578125 0.4484375 0.1375 0.19140625
1 0.1265625 0.275 0.065625 0.1
1 0.8453125 0.265625 0.075 0.10859375
1 0.77734375 0.265625 0.0703125 0.09140625
1 0.4203125 0.375 0.0875 0.15
1 0.40390625 0.28203125 0.0609375 0.09140625
1 0.778125 0.978125 0.121875 0.0390625
1 0.26796875 0.2734375 0.0734375 0.10859375
1 0.9796875 0.25 0.0375 0.1109375
1 0.72578125 0.2640625 0.0515625 0.0609375
1 0.46875 0.28203125 0.075 0.0859375
1 0.47578125 0.346875 0.0390625 0.09453125
1 0.8828125 0.2515625 0.0375 0.08046875
1 0.459375 0.2640625 0.05625 0.05546875