0 0.440625 0.8125 0.275 0.36953125
1 0.7578125 0.61953125 0.121875 0.178125
1 0.7640625 0.77109375 0.121875 0.175
1 0.6859375 0.52109375 0.115625 0.16953125
1 0.22578125 0.4390625 0.1015625 0.1609375
1 0.2609375 0.55390625 0.08125 0.146875
0 0.9046875 0.853125 0.1875 0.2890625
1 0.634375 0.446875 0.103125 0.1609375
1 0.55703125 0.35703125 0.0734375 0.125
1 0.2234375 0.3390625 0.096875 0.128125
1 0.86484375 0.26796875 0.0765625 0.10859375
1 0.53515625 0.3140625 0.0859375 0.1390625
1 0.49453125 0.4859375 0.0921875 0.15546875
1 0.1578125 0.31640625 0.06875 0.1109375
1 0.40859375 0.35703125 0.0890625 0.153125
1 0.23828125 0.1640625 0.0734375 0.128125
1 0.35 0.334375 0.059375 0.10859375
1 0.4578125 0.26640625 0.0875 0.1390625
1 0.09453125 0.29296875 0.0421875 0.09140625
1 0.80234375 0.265625 0.0609375 0.096875
1 0.9671875 0.29140625 0.0625 0.16640625
1 0.14765625 0.275 0.0859375 0.128125
1 0.78984375 0.94609375 0.0609375 0.103125
1 0.30859375 0.2875 0.0640625 0.103125
1 0.62421875 0.384375 0.0984375 0.153125
1 0.44296875 0.4015625 0.0890625 0.096875
1 0.72421875 0.25703125 0.0546875 0.06953125
1 0.92734375 0.28046875 0.0515625 0.121875
1 0.278125 0.271875 0.0625 0.10546875
1 0.77890625 0.253125 0.0609375 0.1
4 0.38203125 0.225 0.0671875 0.1109375
1 0.3328125 0.3015625 0.065625 0.1140625
0 0.41015625 0.65546875 0.2515625 0.4390625
1 0.2203125 0.25390625 0.05625 0.053125
1 0.8921875 0.2359375 0.05625 0.071875