3 0.95859375 0.153125 0.0796875 0.25546875
5 0.384375 0.89453125 0.1625 0.20546875
1 0.9171875 0.83359375 0.134375 0.178125
1 0.7125 0.578125 0.1125 0.15
1 0.57265625 0.70546875 0.1234375 0.16640625
1 0.41015625 0.3765625 0.0953125 0.14140625
1 0.83984375 0.71953125 0.1296875 0.19453125
1 0.52734375 0.965625 0.1265625 0.0640625
1 0.5171875 0.3234375 0.0875 0.13046875
1 0.875 0.96953125 0.15 0.05546875
1 0.325 0.2890625 0.08125 0.121875
1 0.14453125 0.2890625 0.0671875 0.1
1 0.8703125 0.265625 0.078125 0.125
1 0.94765625 0.27890625 0.0828125 0.13046875
1 0.24765625 0.2890625 0.0609375 0.08359375
1 0.43125 0.275 0.078125 0.11640625
1 0.8203125 0.259375 0.059375 0.11953125
1 0.0890625 0.30703125 0.05 0.0640625
1 0.77265625 0.2609375 0.0546875 0.0890625
1 0.28515625 0.25703125 0.0578125 0.08046875
1 0.73359375 0.25390625 0.0421875 0.06953125
1 0.70625 0.253125 0.028125 0.05546875
1 0.67890625 0.25703125 0.0359375 0.04140625
1 0.05 0.3234375 0.059375 0.04140625
1 0.20546875 0.309375 0.0359375 0.046875
3 0.4078125 0.228125 0.059375 0.06640625
1 0.9921875 0.32109375 0.0125 0.13046875