2 0.37734375 0.796875 0.1671875 0.25546875
6 0.74296875 0.70703125 0.0578125 0.14140625
1 0.8671875 0.75390625 0.1375 0.203125
1 0.41875 0.39453125 0.10625 0.1609375
1 0.61640625 0.7265625 0.1328125 0.18046875
1 0.203125 0.3359375 0.0875 0.1390625
1 0.69609375 0.515625 0.1265625 0.196875
1 0.48515625 0.29453125 0.0796875 0.121875
1 0.9234375 0.28359375 0.084375 0.128125
1 0.5671875 0.353125 0.0875 0.14453125
1 0.26171875 0.28359375 0.0671875 0.09453125
1 0.64140625 0.4140625 0.1171875 0.178125
1 0.14375 0.28359375 0.065625 0.10546875
1 0.86796875 0.26796875 0.0671875 0.11953125
1 0.36875 0.359375 0.078125 0.13046875
1 0.34296875 0.31796875 0.0765625 0.1140625
1 0.440625 0.2609375 0.0625 0.09453125
1 0.38671875 0.275 0.0515625 0.0609375
1 0.984375 0.25 0.028125 0.121875
1 0.76171875 0.2609375 0.0515625 0.08359375
1 0.09453125 0.290625 0.0515625 0.09140625
1 0.7203125 0.2609375 0.040625 0.05546875
1 0.8109375 0.25 0.0625 0.121875
1 0.4265625 0.2890625 0.05 0.06640625
1 0.83671875 0.25859375 0.0671875 0.121875