8 0.42421875 0.3375 0.1265625 0.25859375
3 0.08515625 0.2625 0.0921875 0.15859375
8 0.4921875 0.475 0.15625 0.30546875
1 0.63046875 0.79140625 0.1328125 0.18359375
1 0.2859375 0.603125 0.115625 0.15
1 0.696875 0.47890625 0.10625 0.15859375
1 0.76953125 0.6140625 0.1234375 0.178125
1 0.55859375 0.678125 0.1265625 0.1890625
1 0.8890625 0.7625 0.146875 0.20859375
1 0.21796875 0.34140625 0.0984375 0.1609375
1 0.946875 0.87109375 0.103125 0.2140625
1 0.25078125 0.46640625 0.1046875 0.1390625
1 0.63671875 0.403125 0.0984375 0.13359375
1 0.57109375 0.328125 0.0859375 0.121875
1 0.8703125 0.265625 0.06875 0.11953125
1 0.74921875 0.915625 0.1859375 0.1640625
1 0.9734375 0.30390625 0.05 0.15859375
1 0.14921875 0.309375 0.0703125 0.13046875
1 0.2609375 0.2765625 0.0625 0.10859375
1 0.91328125 0.28203125 0.0609375 0.1140625
1 0.515625 0.296875 0.0625 0.071875
1 0.3484375 0.3140625 0.04375 0.14453125
1 0.9421875 0.29609375 0.040625 0.1140625
1 0.75859375 0.25 0.0453125 0.10546875
1 0.4265625 0.3859375 0.09375 0.178125
1 0.1390625 0.27890625 0.06875 0.11953125
1 0.32265625 0.30859375 0.0421875 0.11640625
1 0.81328125 0.24296875 0.0796875 0.14140625
1 0.20390625 0.25 0.0546875 0.04453125
1 0.71015625 0.27109375 0.0546875 0.04140625
1 0.97734375 0.21640625 0.0421875 0.05