3 0.12421875 0.2125 0.1171875 0.253125
5 0.44609375 0.41640625 0.1171875 0.19453125
1 0.59296875 0.72890625 0.1328125 0.23046875
1 0.771875 0.9234375 0.15625 0.146875
1 0.64375 0.41640625 0.103125 0.15
1 0.73984375 0.5765625 0.1265625 0.19140625
1 0.865625 0.83203125 0.15 0.225
1 0.52890625 0.31640625 0.0796875 0.1390625
1 0.61484375 0.62890625 0.1203125 0.20859375
1 0.35703125 0.34609375 0.0828125 0.1359375
1 0.91875 0.29296875 0.071875 0.1140625
1 0.2421875 0.290625 0.05625 0.0859375
1 0.2984375 0.28203125 0.065625 0.1140625
1 0.83359375 0.74296875 0.1265625 0.15859375
1 0.9859375 0.325 0.025 0.14453125
1 0.34453125 0.30390625 0.0796875 0.1359375
1 0.87734375 0.2734375 0.0703125 0.125
1 0.82890625 0.265625 0.0515625 0.096875
1 0.971875 0.2984375 0.053125 0.1359375
1 0.79296875 0.24609375 0.0765625 0.11953125
1 0.42109375 0.253125 0.0640625 0.05546875
1 0.37578125 0.2484375 0.0453125 0.053125
1 0.19765625 0.2890625 0.0546875 0.08359375
1 0.4453125 0.334375 0.115625 0.13046875
1 0.725 0.25390625 0.040625 0.06953125
1 0.95078125 0.22109375 0.0421875 0.0640625