2 0.46015625 0.46640625 0.1140625 0.178125
3 0.37578125 0.23359375 0.1390625 0.3390625
1 0.671875 0.82890625 0.15 0.20859375
1 0.865625 0.78359375 0.13125 0.178125
1 0.23671875 0.421875 0.0984375 0.1390625
1 0.5625 0.334375 0.0875 0.11953125
1 0.9515625 0.2859375 0.090625 0.1390625
1 0.984375 0.93359375 0.028125 0.128125
1 0.83515625 0.9734375 0.1296875 0.046875
1 0.265625 0.28203125 0.0625 0.09140625
1 0.21953125 0.284375 0.0640625 0.09140625
1 0.81328125 0.25546875 0.0734375 0.11640625
1 0.52109375 0.3 0.0828125 0.13359375
1 0.903125 0.2734375 0.059375 0.125
1 0.86171875 0.2734375 0.0515625 0.103125
1 0.76171875 0.25390625 0.0484375 0.09140625
1 0.721875 0.25859375 0.04375 0.0609375
1 0.46328125 0.2609375 0.0609375 0.128125
1 0.6953125 0.2609375 0.025 0.03359375