3 0.371875 0.728125 0.225 0.50546875
0 0.3046875 0.2 0.11875 0.271875
0 0.134375 0.2125 0.128125 0.25859375
1 0.9078125 0.84296875 0.146875 0.21953125
1 0.55546875 0.6890625 0.1265625 0.1890625
1 0.6140625 0.39296875 0.103125 0.153125
1 0.7859375 0.925 0.14375 0.14453125
1 0.2375 0.434375 0.096875 0.1359375
1 0.7609375 0.596875 0.128125 0.19453125
1 0.95 0.284375 0.0875 0.13046875
1 0.825 0.69609375 0.134375 0.20859375
1 0.446875 0.42109375 0.1 0.175
1 0.47265625 0.271875 0.0765625 0.1109375
1 0.2109375 0.37890625 0.09375 0.14140625
1 0.40078125 0.365625 0.0890625 0.153125
1 0.5640625 0.346875 0.0875 0.14453125
1 0.7109375 0.25390625 0.065625 0.075
1 0.8203125 0.259375 0.053125 0.103125
1 0.175 0.29609375 0.09375 0.125
1 0.88828125 0.275 0.0671875 0.1109375
1 0.87421875 0.25 0.0765625 0.13359375
1 0.5296875 0.315625 0.071875 0.125
1 0.428125 0.2515625 0.053125 0.075
1 0.784375 0.25703125 0.04375 0.103125
1 0.07109375 0.31640625 0.0328125 0.0609375
1 0.92890625 0.21640625 0.0421875 0.0390625
1 0.98046875 0.25 0.0359375 0.1
1 0.38515625 0.284375 0.0546875 0.08046875
1 0.2375 0.29609375 0.0375 0.06953125