3 0.2265625 0.3015625 0.15 0.3859375
0 0.71953125 0.1859375 0.1046875 0.1890625
3 0.08828125 0.246875 0.1015625 0.20546875
6 0.1296875 0.2890625 0.034375 0.09453125
1 0.40703125 0.85859375 0.1484375 0.221875
1 0.609375 0.7875 0.134375 0.1859375
1 0.38671875 0.33203125 0.0890625 0.14140625
1 0.80234375 0.66953125 0.1328125 0.2
1 0.56796875 0.64453125 0.1484375 0.21640625
1 0.72890625 0.55859375 0.1203125 0.1890625
1 0.490625 0.29140625 0.090625 0.13359375
1 0.9390625 0.81953125 0.11875 0.221875
1 0.7109375 0.471875 0.1125 0.1609375
1 0.97734375 0.915625 0.0421875 0.1640625
1 0.3421875 0.29140625 0.078125 0.14453125
1 0.8953125 0.27890625 0.065625 0.125
1 0.44921875 0.2640625 0.0765625 0.121875
1 0.9515625 0.3109375 0.053125 0.11640625
1 0.98046875 0.33046875 0.0359375 0.121875
1 0.809375 0.26953125 0.053125 0.1
1 0.30390625 0.275 0.0328125 0.10546875
1 0.74453125 0.246875 0.0640625 0.0890625
1 0.76328125 0.2640625 0.0296875 0.08359375
1 0.85703125 0.26796875 0.0359375 0.10859375
1 0.95390625 0.28203125 0.0890625 0.146875
1 0.79453125 0.25859375 0.0578125 0.1