2 0.64140625 0.778125 0.1640625 0.24453125
3 0.3203125 0.21640625 0.13125 0.31640625
1 0.4 0.88203125 0.140625 0.19140625
1 0.5234375 0.3015625 0.0875 0.13046875
1 0.88515625 0.7765625 0.1390625 0.1859375
1 0.42265625 0.28203125 0.0796875 0.11953125
1 0.1484375 0.2984375 0.071875 0.096875
1 0.759375 0.265625 0.08125 0.1140625
1 0.83515625 0.2609375 0.0734375 0.1109375
1 0.10703125 0.28359375 0.0703125 0.11640625
1 0.978125 0.93046875 0.040625 0.13359375
1 0.9765625 0.32109375 0.04375 0.13046875
1 0.24375 0.296875 0.0375 0.078125
1 0.2125 0.3125 0.034375 0.0640625
1 0.70234375 0.265625 0.0421875 0.046875
1 0.96640625 0.296875 0.0609375 0.128125