2 0.2609375 0.4375 0.1375 0.19140625
0 0.4265625 0.2015625 0.115625 0.26953125
1 0.3046875 0.60703125 0.11875 0.1640625
1 0.353125 0.32109375 0.084375 0.13046875
1 0.91953125 0.278125 0.0890625 0.13359375
1 0.11171875 0.29453125 0.0640625 0.09453125
3 0.51953125 0.853125 0.2484375 0.2890625
1 0.16484375 0.309375 0.0328125 0.10859375
1 0.978125 0.9 0.040625 0.11640625
1 0.74765625 0.265625 0.0546875 0.075
1 0.9796875 0.246875 0.0375 0.1109375
1 0.8359375 0.27109375 0.034375 0.103125
1 0.0734375 0.3234375 0.028125 0.046875
1 0.875 0.2625 0.071875 0.13046875
1 0.77890625 0.2625 0.0296875 0.096875
1 0.71171875 0.25859375 0.0421875 0.05546875
1 0.81484375 0.25390625 0.0671875 0.1140625
1 0.94453125 0.2265625 0.0484375 0.05859375