3 0.10546875 0.2109375 0.1328125 0.271875
3 0.53828125 0.8265625 0.3203125 0.34140625
1 0.70625 0.55859375 0.11875 0.178125
1 0.834375 0.71796875 0.1375 0.21953125
1 0.45859375 0.46953125 0.1078125 0.14453125
1 0.540625 0.3375 0.090625 0.125
1 0.659375 0.428125 0.121875 0.178125
1 0.22109375 0.38046875 0.0921875 0.13359375
1 0.94765625 0.89296875 0.1015625 0.203125
1 0.3421875 0.83203125 0.1125 0.23046875
1 0.96015625 0.31796875 0.0765625 0.11953125
1 0.8265625 0.975 0.134375 0.04453125
1 0.3484375 0.31640625 0.084375 0.11640625
1 0.8734375 0.265625 0.08125 0.125
1 0.421875 0.2734375 0.071875 0.10859375
1 0.71171875 0.84609375 0.0953125 0.23046875
1 0.80546875 0.25703125 0.0703125 0.1140625
1 0.5875 0.63046875 0.121875 0.1109375
1 0.33828125 0.70546875 0.1453125 0.2
1 0.48984375 0.29609375 0.0734375 0.1140625
1 0.42109375 0.39453125 0.0953125 0.13359375
1 0.2890625 0.28359375 0.065625 0.09453125
1 0.75234375 0.253125 0.0578125 0.09453125
1 0.95078125 0.225 0.0671875 0.071875
1 0.715625 0.259375 0.03125 0.053125
1 0.25546875 0.26953125 0.0671875 0.09453125
1 0.23671875 0.2890625 0.0484375 0.071875
1 0.990625 0.2390625 0.015625 0.0890625