2 0.68203125 0.48203125 0.1109375 0.175
3 0.50625 0.7890625 0.29375 0.41640625
3 0.05859375 0.296875 0.0765625 0.09453125
1 0.825 0.69609375 0.140625 0.20859375
1 0.79296875 0.94453125 0.1640625 0.10546875
1 0.31171875 0.69453125 0.1140625 0.2
1 0.134375 0.284375 0.06875 0.09140625
1 0.93671875 0.278125 0.1015625 0.1609375
1 0.4859375 0.509375 0.13125 0.146875
1 0.7703125 0.6140625 0.1 0.171875
1 0.79609375 0.25703125 0.0796875 0.1140625
1 0.71328125 0.91640625 0.1203125 0.1609375
1 0.57421875 0.403125 0.0859375 0.128125
1 0.96015625 0.875 0.0765625 0.19453125
1 0.63671875 0.44453125 0.0796875 0.13359375
1 0.66875 0.8265625 0.109375 0.16953125
1 0.86015625 0.259375 0.0453125 0.09140625
1 0.73515625 0.2609375 0.0546875 0.078125
1 0.9890625 0.9140625 0.01875 0.16640625
1 0.69296875 0.2609375 0.0390625 0.05
1 0.571875 0.6484375 0.15625 0.196875
1 0.89375 0.25390625 0.046875 0.096875