3 0.19609375 0.228125 0.0796875 0.1
5 0.3828125 0.328125 0.10625 0.178125
5 0.52109375 0.5765625 0.1328125 0.19140625
1 0.76640625 0.93359375 0.1578125 0.128125
1 0.62890625 0.459375 0.1015625 0.14140625
1 0.54296875 0.33359375 0.0921875 0.1390625
1 0.10078125 0.3 0.0640625 0.08359375
1 0.28359375 0.2859375 0.0640625 0.10546875
1 0.1734375 0.29296875 0.078125 0.096875
1 0.86953125 0.26796875 0.0703125 0.125
1 0.9234375 0.29296875 0.071875 0.1140625
1 0.32421875 0.30703125 0.0484375 0.125
1 0.50078125 0.3140625 0.0609375 0.1109375
1 0.97109375 0.3109375 0.0546875 0.121875
1 0.82421875 0.26640625 0.0515625 0.1
1 0.23515625 0.3015625 0.0453125 0.06953125
1 0.7953125 0.265625 0.059375 0.103125
1 0.69140625 0.259375 0.0421875 0.046875
1 0.72421875 0.265625 0.0421875 0.05859375
1 0.39921875 0.240625 0.0515625 0.0359375
1 0.46171875 0.2984375 0.0546875 0.103125
1 0.75859375 0.265625 0.0359375 0.08046875
1 0.896875 0.21640625 0.059375 0.0609375
1 0.97890625 0.21640625 0.0390625 0.08359375