3 0.4171875 0.325 0.14375 0.36640625
0 0.96953125 0.23203125 0.0578125 0.325
1 0.61875 0.71953125 0.13125 0.2
1 0.93203125 0.85 0.1328125 0.23359375
1 0.5984375 0.39453125 0.1 0.15
1 0.30390625 0.6 0.1203125 0.1890625
1 0.859375 0.8015625 0.1125 0.18046875
1 0.14609375 0.29296875 0.0671875 0.096875
1 0.909375 0.28359375 0.078125 0.1109375
1 0.32578125 0.30703125 0.0640625 0.153125
1 0.5578125 0.34140625 0.090625 0.1390625
1 0.0984375 0.309375 0.040625 0.06953125
1 0.8234375 0.25546875 0.059375 0.11640625
1 0.29140625 0.28203125 0.0640625 0.11953125
1 0.7703125 0.25546875 0.05625 0.09453125
1 0.871875 0.265625 0.065625 0.125
1 0.25234375 0.284375 0.0359375 0.09140625
1 0.72109375 0.265625 0.0484375 0.05859375
1 0.70859375 0.253125 0.0484375 0.05546875
1 0.49609375 0.2890625 0.0421875 0.121875
1 0.78984375 0.26640625 0.0296875 0.1