2 0.259375 0.49609375 0.115625 0.1859375
3 0.09375 0.25390625 0.1 0.203125
1 0.4734375 0.46953125 0.109375 0.16640625
1 0.7578125 0.92109375 0.1875 0.153125
1 0.609375 0.70703125 0.13125 0.196875
1 0.365625 0.31953125 0.09375 0.14453125
1 0.56953125 0.34296875 0.1015625 0.15859375
1 0.65859375 0.446875 0.1015625 0.1390625
1 0.26640625 0.303125 0.0796875 0.11640625
1 0.85 0.721875 0.13125 0.19453125
1 0.4625 0.2890625 0.071875 0.10546875
1 0.928125 0.28203125 0.084375 0.125
1 0.98046875 0.3265625 0.0359375 0.125
1 0.82890625 0.25859375 0.0734375 0.10546875
1 0.7625 0.27109375 0.065625 0.0859375
1 0.52734375 0.31640625 0.0734375 0.128125
1 0.703125 0.25859375 0.05625 0.0609375
1 0.2203125 0.29296875 0.04375 0.0859375
1 0.41953125 0.284375 0.0390625 0.0859375
1 0.98203125 0.24140625 0.0328125 0.09453125
1 0.4046875 0.24296875 0.053125 0.046875
1 0.87265625 0.25390625 0.0390625 0.0859375