3 0.5140625 0.7890625 0.278125 0.4109375
0 0.1078125 0.24453125 0.10625 0.20546875
2 0.56015625 0.3375 0.1109375 0.175
1 0.65078125 0.746875 0.0859375 0.2
1 0.490625 0.3015625 0.06875 0.1140625
1 0.8625 0.2734375 0.0625 0.10859375
1 0.78203125 0.25859375 0.0578125 0.10546875
1 0.91484375 0.26796875 0.0640625 0.153125
1 0.2109375 0.3125 0.06875 0.0640625
1 0.85703125 0.9734375 0.1234375 0.046875
1 0.83359375 0.25390625 0.0640625 0.1140625
1 0.746875 0.2484375 0.040625 0.0859375
4 0.96875 0.2515625 0.059375 0.21953125
1 0.98984375 0.3265625 0.0171875 0.146875
1 0.715625 0.253125 0.0375 0.06640625