3 0.2875 0.478125 0.190625 0.46640625
1 0.7421875 0.6 0.11875 0.18359375
1 0.884375 0.74453125 0.134375 0.20546875
1 0.76171875 0.9 0.1828125 0.19453125
1 0.6 0.371875 0.090625 0.128125
1 0.528125 0.32109375 0.0875 0.13046875
1 0.67578125 0.471875 0.1078125 0.1609375
1 0.1625 0.278125 0.08125 0.1390625
1 0.96640625 0.9125 0.0640625 0.16953125
1 0.49296875 0.54609375 0.1140625 0.1640625
1 0.84375 0.26640625 0.075 0.1109375
1 0.4609375 0.2734375 0.071875 0.10859375
3 0.5203125 0.80859375 0.284375 0.378125
1 0.4109375 0.378125 0.1 0.1390625
1 0.5578125 0.5890625 0.121875 0.09453125
1 0.45859375 0.46640625 0.0984375 0.1390625
1 0.7765625 0.2640625 0.071875 0.09453125
1 0.96328125 0.29296875 0.0703125 0.14140625
1 0.675 0.75703125 0.084375 0.20859375
1 0.9125 0.26953125 0.075 0.1390625
1 0.321875 0.2375 0.059375 0.046875
1 0.7171875 0.2609375 0.05 0.05546875
1 0.3828125 0.29140625 0.0625 0.078125
1 0.39609375 0.2359375 0.0609375 0.05546875
1 0.75546875 0.2609375 0.0328125 0.078125
1 0.99296875 0.328125 0.0109375 0.14453125