3 0.54765625 0.47109375 0.1890625 0.4640625
1 0.265625 0.559375 0.125 0.19140625
1 0.90859375 0.82109375 0.1421875 0.21953125
1 0.7390625 0.5734375 0.125 0.18046875
1 0.65859375 0.9109375 0.1453125 0.171875
1 0.33203125 0.30546875 0.0796875 0.121875
1 0.8046875 0.953125 0.1625 0.0890625
1 0.19375 0.41953125 0.090625 0.1390625
1 0.18359375 0.32109375 0.0953125 0.153125
1 0.92890625 0.28359375 0.0765625 0.13359375
1 0.42109375 0.42109375 0.0796875 0.1359375
1 0.50625 0.978125 0.134375 0.0390625
1 0.27421875 0.27109375 0.0671875 0.1140625
1 0.8015625 0.2609375 0.075 0.10546875
1 0.975 0.30546875 0.046875 0.121875
1 0.665625 0.478125 0.075 0.1390625
1 0.88203125 0.265625 0.0515625 0.09140625
1 0.115625 0.284375 0.059375 0.103125
1 0.4234375 0.2890625 0.05 0.1
1 0.478125 0.27890625 0.08125 0.14140625
1 0.375 0.29140625 0.034375 0.078125
1 0.2328125 0.2859375 0.034375 0.08359375
1 0.99140625 0.34296875 0.0140625 0.11953125
1 0.98046875 0.2390625 0.0359375 0.04453125
1 0.8546875 0.2609375 0.04375 0.0890625