3 0.30390625 0.19609375 0.1265625 0.2859375
0 0.87265625 0.65859375 0.2171875 0.49453125
1 0.4078125 0.90859375 0.14375 0.178125
1 0.59453125 0.6984375 0.1296875 0.196875
1 0.265625 0.521875 0.11875 0.178125
1 0.2109375 0.3484375 0.090625 0.1359375
1 0.66875 0.4390625 0.10625 0.178125
1 0.51171875 0.58046875 0.1078125 0.15546875
1 0.58515625 0.39296875 0.0859375 0.1359375
1 0.7328125 0.55703125 0.09375 0.175
1 0.44765625 0.440625 0.1015625 0.153125
1 0.96875 0.30390625 0.059375 0.146875
1 0.4953125 0.503125 0.10625 0.1390625
1 0.446875 0.27890625 0.065625 0.09140625
1 0.4171875 0.39140625 0.084375 0.15
1 0.3765625 0.3640625 0.075 0.128125
1 0.86015625 0.265625 0.0734375 0.125
1 0.91953125 0.27890625 0.0765625 0.13046875
1 0.82109375 0.259375 0.0578125 0.11953125
1 0.72734375 0.27109375 0.0609375 0.06953125
1 0.5296875 0.3515625 0.078125 0.103125
1 0.39296875 0.2609375 0.0609375 0.0890625
1 0.15546875 0.290625 0.0578125 0.10859375
1 0.19296875 0.31640625 0.0734375 0.128125
1 0.52265625 0.3125 0.0796875 0.103125
1 0.78828125 0.25 0.0609375 0.1109375