2 0.77578125 0.9015625 0.2140625 0.19140625
3 0.41640625 0.30546875 0.1578125 0.3890625
1 0.32265625 0.6234375 0.1171875 0.15859375
1 0.6046875 0.40703125 0.1 0.13046875
1 0.846875 0.74609375 0.134375 0.1640625
1 0.7046875 0.57890625 0.1125 0.153125
1 0.25703125 0.54140625 0.1078125 0.15546875
1 0.97265625 0.90859375 0.0515625 0.178125
1 0.96328125 0.28359375 0.0703125 0.15546875
1 0.57109375 0.34140625 0.0953125 0.14453125
1 0.30859375 0.2765625 0.0671875 0.13046875
1 0.76015625 0.26640625 0.0765625 0.09453125
1 0.2359375 0.465625 0.109375 0.16953125
1 0.5078125 0.30546875 0.04375 0.1109375
1 0.9015625 0.2765625 0.078125 0.125
1 0.7109375 0.2625 0.034375 0.046875
1 0.275 0.26640625 0.05625 0.1109375
1 0.81953125 0.303125 0.0484375 0.03359375
1 0.2359375 0.275 0.05625 0.1109375
1 0.99453125 0.32890625 0.0078125 0.146875
1 0.22578125 0.40703125 0.1015625 0.1359375
1 0.2265625 0.36953125 0.096875 0.0609375