3 0.1578125 0.2390625 0.159375 0.33359375
3 0.2734375 0.2015625 0.10625 0.253125
2 0.6171875 0.775 0.14375 0.23359375
1 0.9234375 0.8140625 0.13125 0.2
1 0.3796875 0.353125 0.0875 0.128125
1 0.50625 0.30703125 0.0875 0.1359375
1 0.54375 0.6390625 0.140625 0.20546875
1 0.78515625 0.63203125 0.1203125 0.203125
1 0.69921875 0.56796875 0.0984375 0.146875
1 0.93046875 0.2859375 0.1015625 0.1390625
1 0.3390625 0.30703125 0.075 0.13046875
1 0.69765625 0.490625 0.1078125 0.153125
1 0.459375 0.296875 0.040625 0.10546875
1 0.87265625 0.259375 0.0765625 0.14140625
1 0.77265625 0.27109375 0.0609375 0.09140625
1 0.3 0.29453125 0.040625 0.10546875
1 0.81796875 0.26953125 0.0453125 0.1
1 0.70390625 0.2515625 0.0640625 0.06953125
1 0.9859375 0.265625 0.025 0.08046875
1 0.4078125 0.25859375 0.053125 0.06640625
1 0.425 0.284375 0.05625 0.09140625
1 0.740625 0.265625 0.028125 0.0640625
1 0.99375 0.2734375 0.009375 0.096875