2 0.6515625 0.828125 0.15 0.2390625
3 0.165625 0.24453125 0.1625 0.3609375
3 0.2796875 0.2 0.109375 0.2609375
1 0.3953125 0.375 0.09375 0.13359375
1 0.82578125 0.68203125 0.1234375 0.2140625
1 0.571875 0.684375 0.14375 0.2140625
1 0.5265625 0.32109375 0.090625 0.14140625
1 0.91484375 0.27890625 0.0984375 0.1359375
1 0.73046875 0.6109375 0.1015625 0.15
1 0.95234375 0.87109375 0.0921875 0.20859375
1 0.721875 0.5390625 0.1125 0.1609375
1 0.3578125 0.32109375 0.08125 0.13046875
1 0.43984375 0.2859375 0.0609375 0.09453125
1 0.859375 0.25703125 0.075 0.14140625
1 0.47890625 0.30546875 0.0453125 0.10546875
1 0.76875 0.27109375 0.059375 0.09140625
1 0.69921875 0.253125 0.0609375 0.06640625
1 0.98671875 0.25703125 0.0234375 0.1140625
1 0.325 0.3015625 0.0625 0.10859375
1 0.80703125 0.26796875 0.0421875 0.096875
1 0.4203125 0.265625 0.05625 0.0859375
1 0.73671875 0.2640625 0.0296875 0.0609375
1 0.3765625 0.253125 0.046875 0.0390625