3 0.2046875 0.2859375 0.15 0.378125
1 0.446875 0.42890625 0.11875 0.19140625
1 0.75390625 0.6390625 0.1234375 0.16640625
1 0.5671875 0.48046875 0.103125 0.16640625
1 0.3109375 0.28203125 0.071875 0.11953125
1 0.375 0.3375 0.084375 0.125
1 0.84296875 0.26640625 0.0765625 0.11640625
1 0.58828125 0.38203125 0.1046875 0.16953125
1 0.9265625 0.271875 0.096875 0.15
1 0.48203125 0.30859375 0.0671875 0.0890625
1 0.5421875 0.3234375 0.075 0.13046875
1 0.78359375 0.26796875 0.0609375 0.09140625
1 0.45078125 0.25390625 0.0703125 0.08046875
1 0.3828125 0.2609375 0.06875 0.05546875
1 0.98125 0.3140625 0.034375 0.14453125
1 0.73046875 0.25859375 0.0578125 0.08359375
1 0.08984375 0.31953125 0.0578125 0.05546875
1 0.28046875 0.24296875 0.0328125 0.06953125
1 0.12578125 0.28203125 0.0359375 0.1140625