3 0.38828125 0.734375 0.2109375 0.50859375
3 0.4453125 0.3390625 0.159375 0.41640625
1 0.75234375 0.61953125 0.1265625 0.18359375
1 0.66171875 0.825 0.1359375 0.18359375
1 0.6296875 0.4140625 0.1125 0.1609375
1 0.89921875 0.80703125 0.1359375 0.175
1 0.93828125 0.2984375 0.0859375 0.1140625
1 0.8359375 0.265625 0.078125 0.125
1 0.1484375 0.2875 0.071875 0.125
1 0.62890625 0.74296875 0.1203125 0.16953125
1 0.865625 0.975 0.13125 0.04453125
1 0.98046875 0.91953125 0.0359375 0.15546875
1 0.26875 0.70703125 0.0625 0.19140625
1 0.78125 0.25859375 0.065625 0.11640625
1 0.10390625 0.29140625 0.0390625 0.09453125
1 0.89765625 0.278125 0.0640625 0.10546875
1 0.55703125 0.35 0.0796875 0.11640625
1 0.18515625 0.346875 0.0359375 0.1390625
1 0.74609375 0.246875 0.0515625 0.09453125
1 0.55546875 0.29140625 0.0796875 0.08359375
1 0.18828125 0.37890625 0.0328125 0.08046875
1 0.51171875 0.97890625 0.1140625 0.0359375
1 0.990625 0.3375 0.015625 0.14140625
3 0.28828125 0.58046875 0.1328125 0.19453125
1 0.70859375 0.265625 0.0328125 0.046875