3 0.165625 0.2140625 0.13125 0.3
1 0.68984375 0.87890625 0.1578125 0.2359375
1 0.47421875 0.51640625 0.1078125 0.15546875
1 0.86484375 0.78359375 0.1359375 0.178125
1 0.4640625 0.9234375 0.153125 0.146875
1 0.7546875 0.65703125 0.11875 0.15859375
1 0.58359375 0.35390625 0.0921875 0.14140625
1 0.40859375 0.3625 0.0921875 0.153125
1 0.30234375 0.2875 0.0828125 0.13046875
1 0.79453125 0.2640625 0.0734375 0.1
1 0.9 0.27109375 0.0875 0.13046875
1 0.98046875 0.32890625 0.0359375 0.125
1 0.51171875 0.29296875 0.0828125 0.153125
1 0.70859375 0.55703125 0.1203125 0.175
1 0.734375 0.2609375 0.059375 0.08359375
1 0.37109375 0.3234375 0.0671875 0.13046875
1 0.2453125 0.2890625 0.046875 0.0890625
1 0.96953125 0.296875 0.0578125 0.1390625
1 0.9625 0.22109375 0.071875 0.103125
1 0.85234375 0.27109375 0.0359375 0.096875
1 0.4453125 0.284375 0.06875 0.103125
1 0.09453125 0.2875 0.0421875 0.10859375
1 0.8328125 0.25703125 0.028125 0.075
1 0.9046875 0.196875 0.0375 0.04453125