3 0.16484375 0.209375 0.1296875 0.30859375
3 0.296875 0.1984375 0.128125 0.26953125
1 0.5234375 0.5640625 0.11875 0.171875
1 0.43984375 0.89453125 0.1796875 0.20546875
1 0.30625 0.58359375 0.128125 0.19453125
1 0.7296875 0.60703125 0.115625 0.153125
1 0.7328125 0.8734375 0.1375 0.2359375
1 0.70703125 0.5109375 0.1140625 0.16640625
1 0.3390625 0.775 0.134375 0.20546875
1 0.4515625 0.278125 0.075 0.121875
1 0.396875 0.26796875 0.059375 0.10859375
1 0.88125 0.2640625 0.078125 0.121875
1 0.49921875 0.3 0.0765625 0.13359375
1 0.55859375 0.33203125 0.1015625 0.15859375
1 0.95234375 0.284375 0.0859375 0.1359375
1 0.6328125 0.4125 0.115625 0.175
8 0.86328125 0.9015625 0.2703125 0.19140625
1 0.7546875 0.9484375 0.05625 0.096875
1 0.815625 0.246875 0.071875 0.128125
1 0.94140625 0.83203125 0.1140625 0.1359375
1 0.77421875 0.265625 0.0359375 0.09140625
1 0.98671875 0.315625 0.0234375 0.153125
1 0.36484375 0.284375 0.0296875 0.0859375
1 0.7328125 0.26640625 0.053125 0.06640625
1 0.69453125 0.2609375 0.0359375 0.0390625