3 0.3359375 0.20703125 0.134375 0.30859375
0 0.928125 0.7515625 0.140625 0.49140625
1 0.675 0.8515625 0.146875 0.21953125
1 0.30703125 0.634375 0.1265625 0.19140625
1 0.578125 0.69453125 0.11875 0.16640625
1 0.73125 0.54453125 0.115625 0.19453125
1 0.22734375 0.403125 0.1015625 0.15
1 0.81953125 0.678125 0.1046875 0.1890625
1 0.6421875 0.478125 0.1 0.1390625
1 0.5046875 0.540625 0.1125 0.16953125
1 0.41484375 0.4265625 0.0859375 0.1359375
1 0.178125 0.2875 0.075 0.15859375
1 0.46875 0.4734375 0.10625 0.1640625
1 0.48359375 0.296875 0.0796875 0.11640625
1 0.5546875 0.6109375 0.115625 0.15
1 0.959375 0.29140625 0.078125 0.15
1 0.84375 0.2640625 0.075 0.121875
1 0.5875 0.40703125 0.1 0.1140625
1 0.90703125 0.2765625 0.0703125 0.13046875
1 0.42734375 0.26953125 0.0671875 0.1109375
1 0.5484375 0.325 0.08125 0.13359375
1 0.7046875 0.2734375 0.053125 0.04140625
1 0.253125 0.2765625 0.05 0.09140625
1 0.21875 0.33046875 0.084375 0.08359375
1 0.80234375 0.259375 0.0421875 0.1140625
1 0.5703125 0.3484375 0.084375 0.10859375
1 0.76875 0.2484375 0.059375 0.103125
1 0.4765625 0.97890625 0.11875 0.0359375
1 0.9921875 0.3265625 0.0125 0.13046875