0 0.56484375 0.86796875 0.2953125 0.25859375
4 0.77734375 0.215625 0.0828125 0.16953125
1 0.471875 0.4765625 0.109375 0.14140625
1 0.571875 0.35390625 0.09375 0.146875
1 0.87890625 0.78203125 0.1296875 0.175
1 0.3453125 0.309375 0.08125 0.1140625
1 0.503125 0.30390625 0.075 0.10859375
1 0.42734375 0.275 0.0796875 0.1109375
1 0.2828125 0.278125 0.065625 0.10546875
1 0.70703125 0.5125 0.1109375 0.153125
1 0.975 0.90859375 0.046875 0.178125
1 0.91640625 0.27890625 0.0859375 0.13046875
1 0.95546875 0.8765625 0.0859375 0.225
1 0.7515625 0.915625 0.115625 0.1640625
1 0.11328125 0.290625 0.0484375 0.0859375
1 0.98125 0.3140625 0.034375 0.14453125
1 0.8546875 0.25703125 0.065625 0.13046875
1 0.17578125 0.321875 0.0828125 0.11640625
1 0.24296875 0.28359375 0.0296875 0.0890625
1 0.7875 0.25390625 0.04375 0.10859375
1 0.17421875 0.25546875 0.0828125 0.1
1 0.684375 0.79140625 0.1125 0.09453125
1 0.72109375 0.25390625 0.0453125 0.06953125
1 0.8171875 0.25546875 0.046875 0.121875
1 0.98359375 0.221875 0.0296875 0.078125
1 0.3671875 0.28359375 0.05625 0.08359375