3 0.14765625 0.20859375 0.1296875 0.29453125
3 0.36171875 0.6140625 0.1828125 0.4609375
1 0.60625 0.728125 0.134375 0.20546875
1 0.83828125 0.71796875 0.1296875 0.196875
1 0.6109375 0.3890625 0.10625 0.1609375
1 0.9328125 0.84296875 0.13125 0.253125
1 0.50078125 0.29140625 0.0953125 0.15
1 0.7984375 0.940625 0.184375 0.1140625
1 0.7734375 0.640625 0.11875 0.15859375
1 0.8921875 0.271875 0.08125 0.13359375
1 0.7109375 0.54609375 0.115625 0.20859375
1 0.3625 0.315625 0.09375 0.14140625
1 0.48984375 0.553125 0.1078125 0.16640625
1 0.97265625 0.31796875 0.0515625 0.14140625
1 0.8171875 0.26953125 0.071875 0.10546875
1 0.29296875 0.4140625 0.1015625 0.16640625
1 0.4375 0.27890625 0.059375 0.1140625
1 0.25390625 0.28046875 0.0765625 0.1109375
1 0.3109375 0.28359375 0.071875 0.10546875
1 0.7765625 0.25546875 0.065625 0.10546875
1 0.72734375 0.25859375 0.0515625 0.071875
1 0.47734375 0.471875 0.0921875 0.1
1 0.69375 0.25859375 0.040625 0.05
1 0.6875 0.51796875 0.096875 0.1640625
1 0.9703125 0.259375 0.05625 0.103125