2 0.67734375 0.47109375 0.1109375 0.1640625
2 0.1296875 0.28203125 0.08125 0.10859375
1 0.53125 0.57890625 0.134375 0.20859375
1 0.6140625 0.8125 0.134375 0.1640625
1 0.7453125 0.928125 0.146875 0.1390625
1 0.790625 0.6640625 0.125 0.16640625
1 0.9125 0.7890625 0.146875 0.20546875
1 0.45 0.46640625 0.121875 0.20546875
1 0.53046875 0.325 0.0921875 0.1390625
1 0.940625 0.90390625 0.115625 0.1859375
1 0.29375 0.27890625 0.078125 0.10859375
1 0.971875 0.30390625 0.053125 0.14140625
1 0.4078125 0.38046875 0.090625 0.15
1 0.90546875 0.284375 0.0671875 0.10859375
1 0.22109375 0.309375 0.0609375 0.06953125
1 0.76640625 0.25390625 0.0578125 0.096875
1 0.94140625 0.29296875 0.0421875 0.1140625
1 0.421875 0.27890625 0.071875 0.075
1 0.81328125 0.25859375 0.0578125 0.1109375
1 0.4640625 0.23046875 0.06875 0.05
1 0.840625 0.26640625 0.0375 0.11640625
1 0.978125 0.23046875 0.040625 0.04453125
1 0.875 0.26953125 0.065625 0.121875
1 0.4765625 0.30546875 0.065625 0.1109375