2 0.53359375 0.3125 0.1078125 0.15859375
5 0.37578125 0.33046875 0.0984375 0.15
2 0.88046875 0.784375 0.1453125 0.2140625
1 0.23671875 0.378125 0.1015625 0.15546875
1 0.6484375 0.45546875 0.103125 0.14453125
1 0.12265625 0.2875 0.0703125 0.096875
1 0.6046875 0.378125 0.10625 0.15
1 0.8296875 0.25390625 0.084375 0.125
1 0.89375 0.265625 0.078125 0.13046875
1 0.23671875 0.275 0.0734375 0.09453125
1 0.98046875 0.3234375 0.0359375 0.146875
1 0.7765625 0.246875 0.0625 0.1109375
1 0.97109375 0.21953125 0.0546875 0.0609375
1 0.984375 0.2265625 0.028125 0.05859375
1 0.3359375 0.28359375 0.0625 0.09453125
1 0.92265625 0.29453125 0.0359375 0.1109375
1 0.7265625 0.265625 0.05 0.05859375
1 0.95703125 0.303125 0.0671875 0.13359375