5 0.521875 0.584375 0.134375 0.2359375
5 0.6203125 0.37890625 0.115625 0.1859375
1 0.371875 0.7640625 0.128125 0.18359375
1 0.2890625 0.5984375 0.11875 0.1859375
1 0.88203125 0.821875 0.1328125 0.19453125
1 0.2125 0.39296875 0.1 0.1359375
1 0.63671875 0.778125 0.1390625 0.171875
1 0.775 0.9390625 0.1625 0.11640625
1 0.8234375 0.71796875 0.125 0.16953125
1 0.7609375 0.6140625 0.1125 0.15546875
1 0.9734375 0.3125 0.05 0.1359375
1 0.428125 0.42890625 0.1 0.13046875
1 0.878125 0.278125 0.078125 0.10546875
1 0.65234375 0.4609375 0.0890625 0.1390625
1 0.171875 0.30703125 0.071875 0.11953125
1 0.23984375 0.2875 0.0671875 0.0859375
1 0.74375 0.5109375 0.128125 0.1890625
1 0.4625 0.51953125 0.084375 0.171875
1 0.803125 0.2625 0.075 0.1140625
1 0.71875 0.25859375 0.040625 0.06640625
1 0.9453125 0.25859375 0.065625 0.0890625
1 0.7515625 0.259375 0.046875 0.09140625
1 0.13125 0.2890625 0.053125 0.09453125