3 0.7484375 0.740625 0.290625 0.5140625
1 0.5234375 0.5375 0.125 0.196875
1 0.646875 0.453125 0.1 0.1390625
1 0.146875 0.2890625 0.075 0.1
1 0.46640625 0.940625 0.1703125 0.1140625
1 0.46796875 0.47109375 0.1015625 0.1859375
1 0.24375 0.28046875 0.06875 0.09453125
1 0.3078125 0.284375 0.071875 0.1140625
1 0.96171875 0.2984375 0.0734375 0.11953125
1 0.43515625 0.9 0.1546875 0.19453125
1 0.421875 0.39296875 0.1 0.153125
1 0.95859375 0.8609375 0.0796875 0.221875
1 0.8703125 0.2734375 0.065625 0.1140625
1 0.38125 0.35859375 0.078125 0.121875
1 0.79921875 0.259375 0.0421875 0.10859375
1 0.09375 0.3015625 0.04375 0.075
1 0.84375 0.25859375 0.071875 0.121875
1 0.44921875 0.26953125 0.0734375 0.10546875
1 0.92578125 0.2859375 0.0703125 0.11640625
1 0.40390625 0.2484375 0.0640625 0.096875
1 0.77578125 0.246875 0.0671875 0.1109375
1 0.72421875 0.25859375 0.0484375 0.078125
1 0.871875 0.72890625 0.046875 0.16953125
1 0.96953125 0.20859375 0.0578125 0.08359375
1 0.3625 0.2609375 0.0375 0.10546875