2 0.890625 0.26953125 0.1 0.15
3 0.06796875 0.275 0.0921875 0.14453125
5 0.76875 0.60390625 0.121875 0.196875
8 0.59140625 0.84609375 0.3171875 0.303125
1 0.93671875 0.8484375 0.1234375 0.23046875
1 0.3796875 0.8484375 0.128125 0.225
1 0.15234375 0.2875 0.0796875 0.103125
1 0.87265625 0.75859375 0.1140625 0.1890625
1 0.64765625 0.5 0.1015625 0.13359375
1 0.78984375 0.9390625 0.1078125 0.11640625
1 0.53359375 0.625 0.1140625 0.15
1 0.70859375 0.55546875 0.0953125 0.15546875
1 0.76171875 0.2625 0.0734375 0.10859375
1 0.98125 0.3140625 0.034375 0.13359375
1 0.3328125 0.3140625 0.0625 0.05
1 0.5609375 0.65390625 0.11875 0.10859375
1 0.82265625 0.27109375 0.0359375 0.08046875
1 0.70078125 0.265625 0.0515625 0.046875
1 0.9734375 0.25546875 0.05 0.1
1 0.91484375 0.25546875 0.0578125 0.1