2 0.26328125 0.4625 0.1265625 0.196875
0 0.44609375 0.3125 0.1515625 0.3640625
3 0.21640625 0.26953125 0.1453125 0.371875
1 0.64375 0.4765625 0.103125 0.14140625
1 0.58671875 0.678125 0.1265625 0.121875
1 0.33359375 0.290625 0.0859375 0.13046875
1 0.9125 0.2765625 0.0875 0.125
3 0.625 0.85859375 0.365625 0.278125
1 0.79453125 0.2625 0.0703125 0.096875
1 0.59609375 0.375 0.0921875 0.128125
1 0.8484375 0.259375 0.05625 0.09140625
1 0.56171875 0.3359375 0.0765625 0.13359375
1 0.75390625 0.2515625 0.0609375 0.09140625
1 0.97265625 0.2375 0.0515625 0.1140625
1 0.13203125 0.2875 0.0453125 0.096875
1 0.68828125 0.26796875 0.0515625 0.0359375
1 0.3078125 0.2609375 0.065625 0.11640625
1 0.54140625 0.27109375 0.0609375 0.096875
1 0.92734375 0.225 0.0515625 0.05546875