2 0.41640625 0.82890625 0.1703125 0.26953125
3 0.29921875 0.553125 0.1984375 0.5
0 0.63984375 0.65 0.2109375 0.49453125
6 0.659375 0.80703125 0.140625 0.15859375
1 0.86484375 0.74296875 0.1265625 0.175
1 0.45546875 0.46953125 0.1109375 0.178125
1 0.95234375 0.903125 0.0921875 0.1890625
1 0.7984375 0.65859375 0.11875 0.1890625
1 0.8828125 0.26796875 0.08125 0.125
1 0.53046875 0.33359375 0.0859375 0.11640625
1 0.79140625 0.259375 0.0765625 0.103125
1 0.98046875 0.30859375 0.0359375 0.1390625
1 0.425 0.3890625 0.10625 0.1609375
1 0.4171875 0.2609375 0.075 0.1
1 0.7640625 0.5125 0.084375 0.13046875
1 0.6375 0.38359375 0.175 0.121875
8 0.91328125 0.221875 0.1046875 0.14453125
1 0.1953125 0.384375 0.034375 0.125
1 0.71328125 0.26953125 0.0546875 0.05
1 0.334375 0.28046875 0.065625 0.0609375
1 0.38203125 0.30546875 0.0828125 0.0890625
1 0.5890625 0.36796875 0.08125 0.09140625
1 0.9796875 0.2515625 0.0375 0.09140625