3 0.9015625 0.83203125 0.19375 0.325
5 0.64765625 0.7609375 0.1484375 0.23359375
1 0.52578125 0.315625 0.0890625 0.1359375
1 0.56953125 0.69140625 0.1203125 0.2109375
1 0.36796875 0.33203125 0.0859375 0.11953125
1 0.17890625 0.32109375 0.0859375 0.11953125
1 0.79921875 0.68359375 0.1203125 0.16640625
1 0.28671875 0.2734375 0.0859375 0.11953125
1 0.5203125 0.58359375 0.11875 0.18359375
1 0.9421875 0.29296875 0.090625 0.11953125
1 0.47421875 0.515625 0.1046875 0.14140625
1 0.46953125 0.28046875 0.0859375 0.14453125
1 0.11875 0.284375 0.0625 0.096875
1 0.8765625 0.27109375 0.06875 0.10859375
1 0.79609375 0.265625 0.0546875 0.096875
1 0.77578125 0.253125 0.0609375 0.10546875
1 0.709375 0.2484375 0.04375 0.0640625
1 0.8421875 0.26640625 0.059375 0.10546875
1 0.73203125 0.25546875 0.0359375 0.071875
1 0.43828125 0.259375 0.0796875 0.1359375
1 0.3609375 0.27109375 0.0625 0.0640625
1 0.6796875 0.25703125 0.025 0.04140625
1 0.8890625 0.215625 0.059375 0.05859375
1 0.94453125 0.2125 0.0609375 0.075