3 0.0921875 0.24609375 0.10625 0.196875
1 0.44375 0.634375 0.125 0.175
1 0.70703125 0.88203125 0.1515625 0.23046875
1 0.3875 0.87890625 0.1375 0.19140625
1 0.6484375 0.47109375 0.109375 0.1359375
1 0.5109375 0.50859375 0.115625 0.171875
1 0.4375 0.434375 0.10625 0.175
5 0.3421875 0.29609375 0.09375 0.15859375
1 0.91875 0.8125 0.153125 0.225
1 0.54609375 0.38203125 0.0953125 0.146875
1 0.63515625 0.79453125 0.1265625 0.16640625
1 0.4921875 0.290625 0.078125 0.11953125
1 0.86484375 0.9390625 0.1765625 0.11640625
1 0.8484375 0.73203125 0.121875 0.19140625
1 0.42109375 0.278125 0.0703125 0.1109375
1 0.9234375 0.28359375 0.08125 0.1390625
1 0.97265625 0.31640625 0.0515625 0.121875
1 0.86875 0.27109375 0.06875 0.10859375
1 0.275 0.278125 0.053125 0.121875
1 0.23515625 0.284375 0.0421875 0.09140625
1 0.57265625 0.3390625 0.0828125 0.14453125
1 0.79765625 0.2484375 0.0796875 0.125
1 0.971875 0.2234375 0.053125 0.08046875
1 0.73125 0.253125 0.053125 0.071875
1 0.69765625 0.25703125 0.0328125 0.046875
1 0.7484375 0.2640625 0.03125 0.078125
1 0.9875 0.2265625 0.021875 0.08046875