2 0.66328125 0.8359375 0.1515625 0.23359375
3 0.459375 0.7890625 0.2875 0.41640625
0 0.9296875 0.85703125 0.1375 0.28046875
1 0.58359375 0.35859375 0.1078125 0.15546875
1 0.8109375 0.71640625 0.125 0.1609375
1 0.7328125 0.6 0.11875 0.15
1 0.121875 0.29296875 0.06875 0.09140625
1 0.43984375 0.2765625 0.0796875 0.11953125
1 0.46875 0.478125 0.103125 0.1390625
1 0.96484375 0.3015625 0.0671875 0.1359375
1 0.76796875 0.2625 0.0703125 0.10859375
1 0.8484375 0.259375 0.090625 0.125
1 0.53671875 0.5515625 0.1140625 0.1359375
1 0.9140625 0.290625 0.071875 0.10859375
1 0.28828125 0.6890625 0.0734375 0.16640625
1 0.60234375 0.71640625 0.1078125 0.2
1 0.3859375 0.26640625 0.059375 0.121875
1 0.24921875 0.2890625 0.0671875 0.08359375
1 0.7078125 0.265625 0.053125 0.053125
1 0.525 0.5859375 0.096875 0.08359375
1 0.23203125 0.278125 0.0609375 0.09453125
1 0.96953125 0.21640625 0.0578125 0.05546875
1 0.9046875 0.23203125 0.034375 0.0359375