2 0.47109375 0.525 0.1328125 0.19453125
2 0.14453125 0.27890625 0.0828125 0.1359375
1 0.60078125 0.7109375 0.1265625 0.19453125
1 0.871875 0.74296875 0.128125 0.175
1 0.39375 0.34609375 0.090625 0.14140625
1 0.521875 0.3125 0.0875 0.13046875
1 0.253125 0.2765625 0.071875 0.1140625
1 0.3234375 0.28359375 0.078125 0.121875
1 0.9453125 0.296875 0.084375 0.128125
1 0.86953125 0.2765625 0.0765625 0.10859375
1 0.75390625 0.2640625 0.0546875 0.08359375
1 0.4390625 0.284375 0.065625 0.096875
1 0.39921875 0.240625 0.0640625 0.05859375
1 0.98359375 0.24296875 0.0296875 0.096875
1 0.93125 0.23359375 0.059375 0.06640625
1 0.81015625 0.2515625 0.0703125 0.1140625
1 0.89609375 0.21953125 0.0484375 0.05
1 0.9921875 0.2765625 0.0125 0.10859375