3 0.54140625 0.8109375 0.2921875 0.36640625
0 0.11015625 0.2359375 0.1078125 0.2109375
2 0.57890625 0.359375 0.1140625 0.18046875
1 0.68671875 0.80703125 0.0953125 0.20859375
1 0.50703125 0.30859375 0.0765625 0.11640625
1 0.21875 0.30390625 0.06875 0.06953125
1 0.8515625 0.271875 0.059375 0.10546875
1 0.790625 0.2609375 0.06875 0.10546875
1 0.98515625 0.32109375 0.0265625 0.14140625
1 0.9046875 0.27890625 0.059375 0.13046875
1 0.74375 0.25 0.040625 0.0890625
4 0.96328125 0.246875 0.0703125 0.21640625