2 0.6390625 0.85703125 0.109375 0.2640625
8 0.7859375 0.81953125 0.2125 0.35
2 0.43671875 0.4109375 0.1046875 0.15
1 0.1640625 0.30546875 0.078125 0.1109375
1 0.66171875 0.496875 0.1078125 0.1390625
1 0.35390625 0.32109375 0.0859375 0.13046875
1 0.7640625 0.6 0.115625 0.10546875
1 0.45859375 0.29453125 0.0765625 0.1
1 0.6359375 0.41953125 0.103125 0.15
1 0.925 0.2890625 0.08125 0.1109375
1 0.75 0.26640625 0.065625 0.08359375
1 0.821875 0.25390625 0.065625 0.11953125
1 0.59453125 0.38046875 0.0796875 0.121875
1 0.26953125 0.28203125 0.0609375 0.09140625
1 0.834375 0.92890625 0.15 0.1359375
1 0.23671875 0.28203125 0.0390625 0.09140625
1 0.3234375 0.2984375 0.065625 0.10859375
1 0.98359375 0.315625 0.0296875 0.1359375
1 0.6953125 0.25859375 0.059375 0.05
1 0.9625 0.234375 0.06875 0.10859375
1 0.38828125 0.28046875 0.0390625 0.078125
1 0.8859375 0.25546875 0.084375 0.1390625
1 0.7875 0.90390625 0.184375 0.1859375
1 0.43125 0.271875 0.0625 0.10546875
1 0.35859375 0.2984375 0.2828125 0.16953125
1 0.575 0.784375 0.0875 0.20859375
1 0.7484375 0.640625 0.146875 0.1859375