3 0.16171875 0.209375 0.1296875 0.3140625
2 0.56953125 0.66640625 0.1359375 0.23359375
1 0.75546875 0.61796875 0.1203125 0.15859375
1 0.2453125 0.428125 0.103125 0.1609375
1 0.4609375 0.4390625 0.10625 0.13359375
1 0.68828125 0.51640625 0.1109375 0.171875
1 0.31015625 0.60546875 0.1203125 0.18359375
1 0.953125 0.29609375 0.090625 0.1359375
1 0.3125 0.2734375 0.08125 0.13046875
1 0.50078125 0.5984375 0.1046875 0.153125
1 0.84765625 0.2609375 0.0796875 0.11640625
1 0.38515625 0.284375 0.0671875 0.09140625
1 0.84140625 0.9734375 0.1203125 0.046875
1 0.2484375 0.28046875 0.0625 0.10546875
1 0.9609375 0.225 0.075 0.10546875
1 0.8921875 0.253125 0.0625 0.10546875
1 0.78984375 0.25 0.0796875 0.121875
1 0.7015625 0.2640625 0.04375 0.04453125
1 0.10078125 0.290625 0.0265625 0.09140625
1 0.7359375 0.26640625 0.0375 0.0609375