2 0.64921875 0.790625 0.1640625 0.246875
3 0.321875 0.21640625 0.13125 0.31640625
1 0.528125 0.303125 0.090625 0.13359375
1 0.40390625 0.89296875 0.1421875 0.19140625
1 0.8953125 0.790625 0.1375 0.1859375
1 0.14765625 0.2984375 0.0734375 0.096875
1 0.10625 0.28203125 0.071875 0.11953125
1 0.425 0.28203125 0.08125 0.11953125
1 0.82890625 0.2625 0.0796875 0.1140625
1 0.75546875 0.26640625 0.0765625 0.1109375
1 0.9734375 0.315625 0.05 0.1359375
1 0.2453125 0.296875 0.0375 0.078125
1 0.21328125 0.3109375 0.0359375 0.0609375
1 0.70078125 0.26796875 0.0421875 0.046875