4 0.91953125 0.765625 0.1578125 0.35859375
3 0.33203125 0.58046875 0.2046875 0.50546875
1 0.61328125 0.74140625 0.1296875 0.20546875
1 0.7921875 0.6765625 0.115625 0.15859375
1 0.72578125 0.58046875 0.1109375 0.15
1 0.15 0.27890625 0.078125 0.11953125
1 0.46640625 0.5125 0.1171875 0.19140625
1 0.56796875 0.665625 0.1328125 0.196875
1 0.50625 0.2984375 0.078125 0.1359375
1 0.67890625 0.49609375 0.1109375 0.1640625
1 0.2109375 0.37890625 0.075 0.13046875
1 0.83203125 0.265625 0.0703125 0.1140625
1 0.2484375 0.28203125 0.06875 0.096875
1 0.43125 0.265625 0.071875 0.10859375
1 0.9125 0.29453125 0.065625 0.11640625
1 0.4625 0.29609375 0.0375 0.103125
1 0.65546875 0.4234375 0.1171875 0.196875
1 0.96640625 0.315625 0.0578125 0.11953125
1 0.346875 0.290625 0.075 0.0859375
1 0.1046875 0.290625 0.034375 0.09140625
1 0.3171875 0.278125 0.065625 0.1
1 0.98828125 0.33359375 0.0203125 0.15
1 0.76796875 0.25859375 0.0484375 0.1
1 0.4 0.3625 0.078125 0.11953125
1 0.84140625 0.9765625 0.1484375 0.04140625
1 0.70859375 0.25390625 0.0453125 0.0640625
1 0.871875 0.2734375 0.0375 0.10859375
1 0.59609375 0.3625 0.0921875 0.1859375