3 0.58359375 0.521875 0.1984375 0.4890625
1 0.28515625 0.61796875 0.1296875 0.203125
1 0.79140625 0.6375 0.1296875 0.19140625
1 0.71171875 0.94140625 0.1546875 0.1109375
1 0.35078125 0.31796875 0.0828125 0.125
1 0.95078125 0.89140625 0.0953125 0.2109375
1 0.44765625 0.471875 0.0921875 0.14453125
1 0.20625 0.4609375 0.096875 0.14453125
1 0.19609375 0.3484375 0.0984375 0.1640625
1 0.2890625 0.26953125 0.071875 0.1109375
1 0.90234375 0.271875 0.0734375 0.121875
1 0.13828125 0.29296875 0.0640625 0.09140625
1 0.70546875 0.540625 0.0765625 0.14140625
1 0.4453125 0.29609375 0.053125 0.10859375
1 0.78046875 0.2625 0.0703125 0.103125
1 0.50703125 0.29140625 0.0859375 0.14453125
1 0.97734375 0.325 0.0421875 0.11640625
1 0.1203125 0.278125 0.0625 0.1109375
1 0.2421875 0.28046875 0.040625 0.0890625
1 0.96171875 0.29453125 0.0703125 0.11640625
1 0.85390625 0.27109375 0.0421875 0.0859375
1 0.39140625 0.290625 0.0390625 0.0859375
1 0.840625 0.25 0.08125 0.11640625
1 0.98515625 0.2359375 0.0265625 0.05546875
1 0.43125 0.278125 0.059375 0.10546875