2 0.85703125 0.728125 0.1390625 0.228125
3 0.38671875 0.2484375 0.1484375 0.35859375
3 0.0875 0.25390625 0.1 0.203125
1 0.38828125 0.828125 0.1484375 0.221875
1 0.70546875 0.890625 0.1390625 0.19140625
1 0.275 0.54140625 0.1125 0.171875
1 0.74921875 0.65 0.1203125 0.15546875
1 0.5453125 0.640625 0.11875 0.1859375
1 0.6 0.715625 0.128125 0.19140625
1 0.4921875 0.58359375 0.103125 0.15
1 0.66171875 0.8015625 0.1328125 0.175
1 0.9671875 0.89296875 0.0625 0.20859375
1 0.678125 0.5515625 0.1125 0.13046875
1 0.56484375 0.35703125 0.0859375 0.11953125
1 0.65859375 0.45390625 0.1015625 0.1359375
1 0.80703125 0.259375 0.0890625 0.11953125
1 0.26171875 0.46640625 0.1015625 0.15
1 0.28671875 0.271875 0.0671875 0.1109375
1 0.9765625 0.29453125 0.04375 0.15
1 0.9296875 0.28203125 0.078125 0.14140625
1 0.63203125 0.4140625 0.0984375 0.15
1 0.4890625 0.29140625 0.078125 0.128125
1 0.8828125 0.26796875 0.06875 0.13046875
1 0.20625 0.3484375 0.090625 0.146875
1 0.5421875 0.33359375 0.071875 0.11640625
1 0.740625 0.25390625 0.0625 0.09140625