2 0.25703125 0.44609375 0.1265625 0.196875
3 0.2109375 0.2609375 0.14375 0.3609375
0 0.43671875 0.30390625 0.1484375 0.35859375
1 0.63125 0.45859375 0.103125 0.14453125
1 0.57421875 0.65703125 0.1234375 0.125
1 0.91875 0.27890625 0.0875 0.125
1 0.3265625 0.2890625 0.08125 0.128125
1 0.79921875 0.2640625 0.0703125 0.1
1 0.1296875 0.2890625 0.04375 0.1
1 0.69296875 0.26640625 0.0578125 0.04453125
1 0.58515625 0.36640625 0.0890625 0.121875
1 0.85390625 0.25703125 0.0578125 0.09140625
1 0.76015625 0.2515625 0.0609375 0.09140625
1 0.5546875 0.32890625 0.075 0.13046875
1 0.759375 0.8640625 0.0625 0.23359375
1 0.53203125 0.26640625 0.0609375 0.09453125
1 0.97578125 0.2359375 0.0453125 0.1109375
1 0.30234375 0.259375 0.0640625 0.11953125
1 0.93203125 0.221875 0.0546875 0.05