2 0.34375 0.5625 0.153125 0.20859375
0 0.48671875 0.21640625 0.1296875 0.29453125
1 0.34921875 0.74140625 0.1296875 0.178125
8 0.32734375 0.4890625 0.1890625 0.35
1 0.2046875 0.34453125 0.084375 0.121875
3 0.65390625 0.928125 0.2890625 0.1390625
1 0.13125 0.28359375 0.075 0.1109375
1 0.903125 0.275 0.09375 0.13359375
1 0.4109375 0.3890625 0.08125 0.1390625
1 0.28828125 0.28359375 0.0765625 0.09453125
1 0.97421875 0.2984375 0.0484375 0.18046875
1 0.3625 0.29296875 0.05625 0.08046875
1 0.79921875 0.265625 0.0484375 0.096875
1 0.0859375 0.3015625 0.034375 0.0859375
1 0.24453125 0.2734375 0.0578125 0.0859375
1 0.82578125 0.26640625 0.0390625 0.1
1 0.7296875 0.2640625 0.046875 0.0609375
1 0.40390625 0.271875 0.0515625 0.10546875
1 0.759375 0.259375 0.03125 0.0859375