3 0.23515625 0.30703125 0.1390625 0.35859375
0 0.08828125 0.2515625 0.0984375 0.175
1 0.37421875 0.7375 0.1390625 0.203125
1 0.5375 0.66640625 0.121875 0.16640625
1 0.4875 0.50859375 0.1125 0.178125
1 0.35234375 0.3125 0.0828125 0.125
1 0.5984375 0.471875 0.096875 0.1390625
1 0.5578125 0.35703125 0.09375 0.146875
1 0.43671875 0.39296875 0.0921875 0.13046875
1 0.80234375 0.25390625 0.0765625 0.11953125
1 0.759375 0.590625 0.134375 0.196875
1 0.934375 0.290625 0.075 0.1140625
1 0.68984375 0.50703125 0.1171875 0.19140625
1 0.4234375 0.2734375 0.065625 0.10859375
1 0.52109375 0.30390625 0.0828125 0.13046875
1 0.14296875 0.2890625 0.0640625 0.10546875
1 0.725 0.2625 0.05 0.05859375
1 0.88359375 0.2625 0.0640625 0.11953125
1 0.10625 0.2859375 0.053125 0.10546875
1 0.4828125 0.2734375 0.071875 0.11953125
1 0.9125 0.27109375 0.071875 0.11953125
1 0.30546875 0.26796875 0.0328125 0.10859375
1 0.7609375 0.25390625 0.028125 0.09140625
1 0.9796875 0.28359375 0.0375 0.15
1 0.340625 0.24296875 0.053125 0.04140625
1 0.9546875 0.2140625 0.05 0.05546875
1 0.9953125 0.3390625 0.00625 0.11640625