3 0.20078125 0.24140625 0.1453125 0.35546875
0 0.41328125 0.2765625 0.1421875 0.34140625
1 0.24453125 0.40703125 0.1203125 0.1859375
3 0.553125 0.8234375 0.328125 0.34140625
1 0.59921875 0.415625 0.0984375 0.1359375
1 0.54296875 0.6015625 0.1171875 0.125
1 0.7 0.79609375 0.078125 0.21953125
1 0.9421875 0.28203125 0.090625 0.13046875
1 0.8125 0.2625 0.071875 0.103125
1 0.5578125 0.340625 0.0875 0.11953125
1 0.3109375 0.278125 0.075 0.121875
1 0.70546875 0.2625 0.0609375 0.05859375
1 0.86953125 0.25859375 0.0609375 0.09453125
1 0.77421875 0.2484375 0.0671875 0.096875
1 0.52890625 0.309375 0.0734375 0.125
1 0.12265625 0.2890625 0.0421875 0.09453125
1 0.98515625 0.2375 0.0265625 0.10859375
1 0.5078125 0.2359375 0.059375 0.05
1 0.94375 0.215625 0.059375 0.04140625
1 0.2890625 0.2359375 0.059375 0.071875