3 0.353125 0.21796875 0.1375 0.31953125
3 0.28515625 0.46796875 0.1671875 0.40859375
1 0.43984375 0.684375 0.1265625 0.15859375
1 0.7125 0.58359375 0.121875 0.1890625
1 0.5703125 0.62109375 0.125 0.19140625
1 0.46796875 0.4734375 0.1015625 0.14140625
1 0.575 0.35 0.084375 0.15
1 0.92265625 0.284375 0.0890625 0.1359375
1 0.521875 0.41796875 0.090625 0.1359375
1 0.66328125 0.46796875 0.1046875 0.1359375
1 0.8390625 0.259375 0.084375 0.125
1 0.49375 0.290625 0.0875 0.13046875
1 0.97734375 0.30390625 0.0421875 0.125
1 0.43515625 0.27890625 0.0515625 0.103125
1 0.109375 0.2890625 0.05 0.1
1 0.14609375 0.31953125 0.0265625 0.1109375
1 0.1921875 0.440625 0.046875 0.153125
1 0.7234375 0.25546875 0.0375 0.0609375
1 0.78828125 0.2484375 0.0640625 0.11953125