3 0.3140625 0.57890625 0.225 0.503125
3 0.48203125 0.4359375 0.1765625 0.40546875
2 0.65546875 0.8125 0.1421875 0.225
1 0.65625 0.428125 0.1 0.14453125
1 0.73046875 0.53203125 0.1203125 0.175
1 0.728125 0.6765625 0.13125 0.196875
1 0.93125 0.2859375 0.08125 0.11640625
1 0.93984375 0.865625 0.1171875 0.2640625
1 0.14296875 0.27890625 0.0796875 0.11953125
1 0.28671875 0.2765625 0.0734375 0.1140625
1 0.3515625 0.2734375 0.0875 0.13046875
1 0.23359375 0.284375 0.0515625 0.09140625
1 0.7796875 0.253125 0.05625 0.1
1 0.853125 0.25390625 0.084375 0.1359375
1 0.72265625 0.25859375 0.0578125 0.06640625
1 0.09140625 0.284375 0.0453125 0.10859375
1 0.990625 0.315625 0.015625 0.175
1 0.80625 0.2609375 0.03125 0.1109375
1 0.91171875 0.23203125 0.0515625 0.06953125
1 0.42734375 0.2609375 0.0890625 0.09453125
1 0.96875 0.24453125 0.059375 0.0890625