3 0.9453125 0.859375 0.10625 0.275
2 0.2578125 0.253125 0.071875 0.128125
2 0.37109375 0.80546875 0.1671875 0.24453125
1 0.675 0.5125 0.10625 0.146875
1 0.83125 0.6890625 0.14375 0.228125
1 0.45078125 0.43046875 0.1046875 0.171875
1 0.24375 0.4640625 0.103125 0.14453125
1 0.54375 0.6875 0.115625 0.18046875
1 0.42265625 0.9515625 0.1546875 0.09140625
1 0.56015625 0.3609375 0.0859375 0.121875
1 0.64375 0.40546875 0.103125 0.14453125
1 0.84921875 0.265625 0.0765625 0.11953125
1 0.146875 0.29140625 0.06875 0.1
1 0.39453125 0.35859375 0.0859375 0.14453125
1 0.2234375 0.3890625 0.1 0.15546875
1 0.76015625 0.61640625 0.1015625 0.15546875
1 0.29375 0.2859375 0.065625 0.09453125
1 0.44375 0.28359375 0.06875 0.1109375
1 0.9625 0.315625 0.071875 0.11953125
1 0.77734375 0.271875 0.0703125 0.09453125
1 0.35 0.309375 0.075 0.13046875
1 0.521875 0.3234375 0.078125 0.1140625
1 0.8796875 0.88046875 0.04375 0.178125
1 0.5625 0.6375 0.115625 0.146875
1 0.93046875 0.27890625 0.0796875 0.14140625
1 0.20234375 0.2875 0.0546875 0.0859375
1 0.10625 0.28046875 0.05625 0.09453125
1 0.7109375 0.25859375 0.05 0.0609375
1 0.9859375 0.234375 0.025 0.0859375
1 0.38984375 0.259375 0.0515625 0.0640625
1 0.73515625 0.26640625 0.0328125 0.0609375
1 0.83515625 0.984375 0.1140625 0.025