2 0.384375 0.79609375 0.146875 0.21953125
3 0.17265625 0.2109375 0.1328125 0.30546875
2 0.46171875 0.4609375 0.1296875 0.1890625
1 0.52734375 0.628125 0.1234375 0.178125
1 0.7703125 0.91796875 0.1625 0.15859375
1 0.38203125 0.34296875 0.0921875 0.14140625
1 0.70703125 0.53203125 0.1078125 0.16953125
1 0.7 0.8484375 0.1375 0.18046875
1 0.46953125 0.303125 0.0765625 0.11640625
1 0.55390625 0.32890625 0.0984375 0.146875
1 0.61640625 0.4140625 0.0953125 0.13359375
1 0.30390625 0.2765625 0.0703125 0.10859375
1 0.853125 0.26796875 0.075 0.10859375
1 0.25078125 0.28359375 0.0453125 0.09453125
1 0.09375 0.29296875 0.046875 0.09140625
1 0.6765625 0.47109375 0.0875 0.14140625
1 0.4546875 0.2625 0.084375 0.1140625
1 0.98359375 0.325 0.0296875 0.1390625
1 0.91953125 0.28203125 0.0703125 0.1140625
1 0.8046875 0.2640625 0.053125 0.09453125
1 0.96875 0.29453125 0.059375 0.1390625
1 0.753125 0.2609375 0.0625 0.09453125
1 0.38125 0.2609375 0.059375 0.05546875
1 0.925 0.22890625 0.065625 0.075