3 0.115625 0.20546875 0.140625 0.28359375
1 0.7546875 0.63046875 0.125 0.18359375
1 0.578125 0.3734375 0.096875 0.13046875
1 0.8984375 0.803125 0.14375 0.23359375
1 0.4921875 0.52890625 0.1125 0.15859375
1 0.23125 0.415625 0.096875 0.1359375
1 0.703125 0.49140625 0.13125 0.1890625
1 0.44921875 0.278125 0.0796875 0.11640625
1 0.375 0.8859375 0.125 0.221875
1 0.9375 0.30390625 0.090625 0.1140625
1 0.778125 0.903125 0.090625 0.1890625
1 0.53046875 0.3140625 0.0859375 0.121875
1 0.85234375 0.25703125 0.0765625 0.11953125
1 0.37109375 0.34453125 0.0890625 0.121875
1 0.3109375 0.290625 0.071875 0.103125
1 0.44921875 0.44296875 0.1015625 0.1359375
1 0.78515625 0.25703125 0.0703125 0.10859375
1 0.98515625 0.93046875 0.0265625 0.13359375
1 0.34453125 0.7734375 0.1234375 0.196875
1 0.73046875 0.25390625 0.0546875 0.08046875
1 0.37734375 0.27109375 0.0609375 0.0640625
1 0.9265625 0.21953125 0.0625 0.05
1 0.6296875 0.69140625 0.121875 0.0890625
1 0.2734375 0.25546875 0.05625 0.0609375
1 0.97734375 0.21953125 0.0421875 0.0609375
1 0.225 0.2875 0.040625 0.0859375
1 0.26640625 0.2765625 0.0703125 0.103125
1 0.253125 0.29140625 0.053125 0.08359375
1 0.4390625 0.725 0.115625 0.121875
1 0.98984375 0.334375 0.0171875 0.125