2 0.38515625 0.31796875 0.0984375 0.153125
3 0.190625 0.25859375 0.146875 0.3609375
1 0.721875 0.87109375 0.153125 0.253125
1 0.93359375 0.85546875 0.1296875 0.18359375
1 0.38828125 0.80703125 0.1390625 0.2140625
1 0.859375 0.74140625 0.13125 0.20546875
1 0.3140625 0.60546875 0.11875 0.18359375
1 0.62109375 0.80859375 0.1109375 0.19453125
1 0.5609375 0.628125 0.121875 0.15546875
1 0.85546875 0.26953125 0.0796875 0.121875
1 0.7875 0.2625 0.06875 0.103125
1 0.28671875 0.275 0.0671875 0.121875
1 0.44296875 0.2765625 0.0671875 0.1140625
1 0.89453125 0.24140625 0.0640625 0.1109375
1 0.7453125 0.24609375 0.059375 0.096875
1 0.71484375 0.25390625 0.0234375 0.0640625
1 0.93671875 0.25546875 0.0265625 0.1