0 0.94296875 0.184375 0.0734375 0.1359375
5 0.52109375 0.60546875 0.1359375 0.2
2 0.73046875 0.571875 0.1390625 0.20546875
2 0.4046875 0.790625 0.14375 0.2140625
1 0.83046875 0.703125 0.1453125 0.2
1 0.934375 0.85859375 0.128125 0.1890625
1 0.18203125 0.296875 0.0859375 0.13359375
1 0.38984375 0.3359375 0.0828125 0.121875
1 0.303125 0.2734375 0.0875 0.1359375
1 0.246875 0.28359375 0.04375 0.09453125
1 0.1046875 0.303125 0.0625 0.078125
1 0.903125 0.275 0.078125 0.1390625
1 0.8453125 0.26953125 0.06875 0.11640625
1 0.95234375 0.303125 0.0734375 0.11640625
1 0.3875 0.26796875 0.078125 0.08046875
1 0.746875 0.253125 0.05625 0.0890625
1 0.796875 0.25703125 0.065625 0.10859375
1 0.7125 0.25390625 0.025 0.05859375
1 0.98671875 0.315625 0.0234375 0.1640625