3 0.3265625 0.5765625 0.209375 0.503125
1 0.9140625 0.82890625 0.146875 0.2140625
1 0.57109375 0.66953125 0.1234375 0.16640625
1 0.828125 0.6734375 0.125 0.1859375
1 0.1703125 0.2890625 0.08125 0.13359375
1 0.475 0.47109375 0.10625 0.1640625
1 0.53046875 0.603125 0.1171875 0.1890625
1 0.7625 0.6265625 0.096875 0.15859375
1 0.96171875 0.2890625 0.0734375 0.13359375
1 0.50859375 0.315625 0.0828125 0.125
1 0.63671875 0.4234375 0.1078125 0.18046875
1 0.2546875 0.2890625 0.059375 0.0890625
1 0.90078125 0.28359375 0.0703125 0.1109375
1 0.83671875 0.25703125 0.0609375 0.1140625
1 0.72578125 0.25703125 0.0703125 0.0859375
1 0.46171875 0.2890625 0.0640625 0.1
1 0.35859375 0.3125 0.0765625 0.05859375
1 0.79140625 0.25 0.0609375 0.1109375
1 0.4078125 0.25703125 0.0625 0.075
1 0.4546875 0.403125 0.09375 0.13359375
1 0.953125 0.22109375 0.059375 0.0640625
1 0.4203125 0.28203125 0.05625 0.09140625
1 0.30859375 0.278125 0.0578125 0.09453125
1 0.88125 0.26640625 0.06875 0.121875
1 0.70546875 0.51796875 0.1140625 0.1640625
1 0.328125 0.2875 0.065625 0.08046875