3 0.165625 0.2125 0.128125 0.30859375
2 0.65390625 0.85703125 0.1515625 0.23046875
1 0.43203125 0.93203125 0.1515625 0.13046875
1 0.28828125 0.49296875 0.1140625 0.1640625
1 0.42421875 0.44453125 0.1015625 0.14453125
1 0.83515625 0.709375 0.1484375 0.225
1 0.93359375 0.84296875 0.1296875 0.20859375
1 0.73671875 0.6109375 0.1203125 0.171875
1 0.671875 0.4890625 0.11875 0.171875
1 0.7984375 0.959375 0.165625 0.075
1 0.29765625 0.278125 0.0734375 0.11640625
1 0.38046875 0.27890625 0.0765625 0.103125
1 0.61875 0.403125 0.1 0.15546875
1 0.43984375 0.3640625 0.1078125 0.16640625
1 0.546875 0.33359375 0.096875 0.14453125
1 0.25859375 0.27109375 0.0546875 0.10859375
1 0.80859375 0.265625 0.0734375 0.1140625
1 0.7734375 0.246875 0.065625 0.1109375
1 0.98046875 0.32109375 0.0359375 0.14140625
1 0.8515625 0.26640625 0.046875 0.11640625
1 0.9546875 0.3109375 0.05625 0.11640625
1 0.5265625 0.2984375 0.078125 0.11953125
1 0.95546875 0.28203125 0.0859375 0.153125
1 0.9875 0.3375 0.021875 0.125
1 0.8984375 0.28203125 0.065625 0.125