3 0.27421875 0.41796875 0.1765625 0.446875
1 0.6078125 0.75703125 0.140625 0.20859375
1 0.8515625 0.74609375 0.159375 0.23046875
1 0.4546875 0.4625 0.103125 0.153125
1 0.7859375 0.9265625 0.19375 0.14140625
1 0.74375 0.609375 0.115625 0.15859375
1 0.9390625 0.2859375 0.09375 0.1390625
1 0.62109375 0.4125 0.1109375 0.16953125
1 0.690625 0.4984375 0.128125 0.19140625
1 0.9625 0.90703125 0.071875 0.18046875
1 0.44375 0.27109375 0.0625 0.10859375
1 0.15703125 0.3109375 0.0703125 0.1390625
1 0.52890625 0.30859375 0.0859375 0.13359375
1 0.48125 0.296875 0.053125 0.11640625
1 0.56015625 0.37109375 0.0796875 0.1359375
1 0.40859375 0.42109375 0.0796875 0.1359375
1 0.38671875 0.36640625 0.0765625 0.11640625
1 0.8234375 0.2515625 0.065625 0.11953125
1 0.7328125 0.26796875 0.05625 0.06953125
1 0.3734375 0.2984375 0.059375 0.0859375
1 0.77578125 0.26640625 0.0453125 0.0890625
1 0.86796875 0.2640625 0.0734375 0.121875
1 0.9890625 0.25390625 0.01875 0.11953125