0 0.25546875 0.19296875 0.1046875 0.196875
0 0.11171875 0.2234375 0.1171875 0.225
3 0.2859375 0.49140625 0.175 0.421875
1 0.68828125 0.55859375 0.1171875 0.178125
1 0.57421875 0.6265625 0.1140625 0.15859375
1 0.7828125 0.7609375 0.11875 0.16640625
1 0.64609375 0.80390625 0.1421875 0.21953125
1 0.425 0.4375 0.103125 0.153125
1 0.9421875 0.875 0.1125 0.24453125
1 0.50703125 0.29453125 0.0859375 0.128125
1 0.61328125 0.971875 0.1546875 0.05
1 0.7109375 0.92109375 0.146875 0.153125
1 0.646875 0.43046875 0.109375 0.16640625
1 0.89921875 0.778125 0.1421875 0.23359375
1 0.1796875 0.32890625 0.071875 0.1140625
1 0.34921875 0.30703125 0.0796875 0.1359375
1 0.44140625 0.2765625 0.0765625 0.125
1 0.96015625 0.29609375 0.0765625 0.1140625
1 0.86796875 0.26640625 0.0609375 0.121875
1 0.75703125 0.25703125 0.0734375 0.10859375
1 0.60625 0.36796875 0.1 0.15859375
1 0.39375 0.2734375 0.04375 0.096875
1 0.93125 0.2625 0.084375 0.14140625
1 0.83671875 0.253125 0.0640625 0.11640625
1 0.99140625 0.3234375 0.0140625 0.1359375
1 0.159375 0.30546875 0.071875 0.121875
1 0.32578125 0.25390625 0.0609375 0.06953125
1 0.14609375 0.275 0.0734375 0.10546875