2 0.64140625 0.79140625 0.1453125 0.25
3 0.346875 0.20546875 0.140625 0.3109375
4 0.5046875 0.25546875 0.096875 0.221875
1 0.40703125 0.271875 0.0328125 0.078125
1 0.4234375 0.8875 0.15625 0.21953125
1 0.83046875 0.69609375 0.1328125 0.203125
1 0.8984375 0.82109375 0.134375 0.18046875
1 0.38515625 0.721875 0.1546875 0.28359375
1 0.5171875 0.58359375 0.109375 0.1609375
1 0.7515625 0.921875 0.15625 0.15
1 0.4140625 0.38203125 0.103125 0.15859375
1 0.24921875 0.45859375 0.1359375 0.18359375
1 0.28125 0.63203125 0.115625 0.15859375
1 0.70703125 0.5015625 0.1328125 0.203125
1 0.5953125 0.3625 0.090625 0.1359375
1 0.46796875 0.4875 0.1078125 0.14140625
1 0.16171875 0.3109375 0.0765625 0.13359375
1 0.94296875 0.290625 0.0796875 0.11953125
1 0.97734375 0.89140625 0.0421875 0.2109375
1 0.83046875 0.24609375 0.0828125 0.1359375
1 0.58359375 0.715625 0.1046875 0.15859375
1 0.9 0.2734375 0.06875 0.11953125
1 0.12265625 0.26953125 0.0765625 0.128125
1 0.66171875 0.428125 0.0984375 0.15546875
1 0.77265625 0.25703125 0.0515625 0.096875
1 0.49921875 0.990625 0.1265625 0.0140625
1 0.87734375 0.98359375 0.1296875 0.028125
1 0.728125 0.259375 0.05 0.0640625
1 0.925 0.21640625 0.059375 0.05
1 0.98203125 0.23359375 0.0328125 0.08359375
1 0.26953125 0.24453125 0.0359375 0.078125
1 0.98828125 0.303125 0.0203125 0.15546875