3 0.51640625 0.525 0.1921875 0.3609375
3 0.4578125 0.746875 0.2625 0.49453125
0 0.78359375 0.18359375 0.1140625 0.2390625
1 0.83359375 0.73046875 0.1296875 0.16640625
1 0.68671875 0.5125 0.1140625 0.16953125
1 0.221875 0.378125 0.09375 0.14453125
1 0.16640625 0.303125 0.0734375 0.1109375
1 0.4078125 0.3890625 0.096875 0.15546875
1 0.53203125 0.303125 0.0984375 0.121875
1 0.33984375 0.31640625 0.0734375 0.1109375
1 0.903125 0.284375 0.065625 0.125
1 0.77890625 0.6140625 0.1171875 0.15
1 0.98046875 0.33359375 0.0359375 0.121875
1 0.3078125 0.28203125 0.071875 0.11953125
1 0.45390625 0.275 0.0734375 0.10546875
1 0.9671875 0.2890625 0.0625 0.15
1 0.8234375 0.271875 0.053125 0.10546875
1 0.41015625 0.240625 0.0671875 0.075
1 0.7875 0.246875 0.06875 0.1109375
1 0.7171875 0.25546875 0.0375 0.06640625
1 0.93125 0.29453125 0.034375 0.1109375
1 0.40390625 0.30390625 0.0671875 0.053125
1 0.92578125 0.21796875 0.0671875 0.053125
8 0.065625 0.296875 0.084375 0.1