3 0.42421875 0.3359375 0.1609375 0.4
1 0.69375 0.478125 0.1125 0.171875
1 0.55390625 0.35859375 0.0953125 0.15
1 0.20625 0.37890625 0.090625 0.11953125
1 0.9171875 0.2734375 0.0875 0.1359375
1 0.14453125 0.28046875 0.0953125 0.13359375
1 0.81875 0.2640625 0.08125 0.1109375
1 0.2609375 0.2875 0.0625 0.096875
1 0.31953125 0.29453125 0.0703125 0.10546875
1 0.71015625 0.26796875 0.0640625 0.0640625
1 0.97578125 0.24453125 0.0453125 0.1109375
1 0.08125 0.2984375 0.040625 0.09140625
1 0.2125 0.29296875 0.04375 0.06953125
1 0.51171875 0.303125 0.0484375 0.11640625
1 0.69453125 0.47890625 0.1578125 0.253125