3 0.29375 0.53203125 0.2125 0.48046875
1 0.65703125 0.83203125 0.1609375 0.2359375
1 0.53515625 0.6359375 0.1203125 0.18359375
1 0.85078125 0.70546875 0.1515625 0.23359375
1 0.57890625 0.359375 0.0953125 0.146875
1 0.7296875 0.578125 0.1125 0.178125
1 0.4765625 0.53359375 0.109375 0.15
1 0.96328125 0.89453125 0.0703125 0.20546875
1 0.109375 0.2859375 0.075 0.1109375
1 0.5 0.284375 0.084375 0.15859375
1 0.70078125 0.50859375 0.1015625 0.14453125
1 0.41796875 0.396875 0.0890625 0.14453125
1 0.1828125 0.29609375 0.075 0.10859375
1 0.9703125 0.30390625 0.05625 0.14140625
1 0.76171875 0.2734375 0.0671875 0.09140625
1 0.709375 0.24453125 0.05625 0.0890625
1 0.9265625 0.284375 0.08125 0.1359375
1 0.828125 0.27890625 0.0375 0.08046875
1 0.44765625 0.28046875 0.0578125 0.10546875
1 0.86171875 0.271875 0.0453125 0.08359375
1 0.26171875 0.28046875 0.0703125 0.0609375
1 0.4125 0.271875 0.034375 0.0609375
1 0.9078125 0.253125 0.0625 0.1
1 0.39296875 0.25390625 0.0671875 0.075