3 0.2734375 0.39609375 0.184375 0.4359375
2 0.4125 0.915625 0.153125 0.1640625
1 0.58125 0.36953125 0.096875 0.128125
1 0.959375 0.90703125 0.078125 0.18046875
1 0.91484375 0.28203125 0.0859375 0.125
1 0.796875 0.26796875 0.06875 0.096875
1 0.8609375 0.26640625 0.06875 0.121875
1 0.15390625 0.28359375 0.0703125 0.1390625
1 0.40859375 0.27890625 0.0453125 0.103125
1 0.984375 0.25546875 0.028125 0.0890625
1 0.1078125 0.296875 0.034375 0.08359375
1 0.7421875 0.25859375 0.05625 0.08359375
1 0.95078125 0.25546875 0.0546875 0.0890625
1 0.70703125 0.259375 0.0328125 0.046875