3 0.1078125 0.20859375 0.1375 0.2609375
3 0.2703125 0.1984375 0.10625 0.246875
2 0.64296875 0.79140625 0.1453125 0.20546875
1 0.84921875 0.7234375 0.1421875 0.20859375
1 0.284375 0.55 0.109375 0.15
1 0.39921875 0.3625 0.0953125 0.146875
1 0.5703125 0.65546875 0.1375 0.19453125
1 0.48671875 0.50390625 0.1078125 0.146875
1 0.20546875 0.3484375 0.0921875 0.146875
1 0.77734375 0.60703125 0.1515625 0.23046875
1 0.6859375 0.5015625 0.13125 0.20859375
1 0.621875 0.4015625 0.103125 0.153125
1 0.8828125 0.26640625 0.078125 0.11640625
1 0.4234375 0.26796875 0.0625 0.103125
1 0.3546875 0.30703125 0.078125 0.1359375
1 0.58125 0.35546875 0.0875 0.14453125
1 0.3109375 0.2859375 0.0625 0.11640625
1 0.97421875 0.30703125 0.0484375 0.14140625
1 0.76953125 0.25390625 0.0578125 0.103125
1 0.53359375 0.3125 0.0796875 0.14140625
1 0.82265625 0.25 0.0609375 0.1109375
1 0.16484375 0.3140625 0.0734375 0.1109375
1 0.72734375 0.25 0.0421875 0.078125
1 0.94296875 0.2890625 0.0703125 0.128125
1 0.4890625 0.2890625 0.075 0.128125
1 0.990625 0.340625 0.015625 0.11953125
1 0.965625 0.21796875 0.065625 0.05859375
1 0.68828125 0.25859375 0.0421875 0.0390625
1 0.271875 0.2640625 0.090625 0.121875