8 0.91796875 0.1375 0.1359375 0.1859375
1 0.58828125 0.6625 0.1234375 0.16953125
2 0.41328125 0.3890625 0.1109375 0.171875
6 0.49375 0.54609375 0.05625 0.14140625
1 0.27890625 0.48046875 0.1109375 0.18359375
1 0.53203125 0.321875 0.0890625 0.13359375
1 0.15859375 0.2984375 0.0765625 0.10859375
1 0.8375 0.971875 0.146875 0.05
1 0.35859375 0.3265625 0.0765625 0.11953125
1 0.959375 0.2875 0.078125 0.16953125
1 0.79453125 0.253125 0.0734375 0.121875
1 0.84921875 0.27109375 0.0546875 0.103125
1 0.90234375 0.26640625 0.0734375 0.14453125
1 0.33125 0.296875 0.071875 0.128125
1 0.69765625 0.2640625 0.0578125 0.05546875
1 0.0796875 0.303125 0.040625 0.078125
1 0.12421875 0.28046875 0.0640625 0.1109375
1 0.74765625 0.25546875 0.0390625 0.08359375
1 0.45625 0.271875 0.0625 0.1
1 0.99296875 0.33046875 0.0109375 0.1390625
1 0.503125 0.29296875 0.075 0.125
1 0.2984375 0.265625 0.090625 0.13046875