3 0.31796875 0.5265625 0.2015625 0.49140625
1 0.6046875 0.753125 0.140625 0.20546875
1 0.73515625 0.57109375 0.1171875 0.18046875
1 0.62421875 0.409375 0.1078125 0.15859375
1 0.75390625 0.928125 0.1546875 0.1390625
1 0.528125 0.6 0.1125 0.16640625
1 0.47890625 0.48203125 0.1078125 0.1859375
1 0.51328125 0.3125 0.0859375 0.14140625
1 0.86328125 0.25859375 0.0890625 0.14453125
1 0.11328125 0.29296875 0.0609375 0.0859375
1 0.42578125 0.384375 0.0671875 0.13046875
1 0.5828125 0.3625 0.08125 0.1359375
1 0.42890625 0.275 0.0671875 0.1109375
1 0.803125 0.25546875 0.05625 0.11640625
1 0.2984375 0.2484375 0.065625 0.08046875
1 0.9796875 0.290625 0.0375 0.153125
1 0.36484375 0.28046875 0.0796875 0.09453125
1 0.94453125 0.284375 0.0609375 0.13046875
1 0.75 0.259375 0.0625 0.09140625
1 0.69375 0.26953125 0.053125 0.0390625