3 0.0859375 0.271875 0.0875 0.15
2 0.303125 0.2640625 0.078125 0.1390625
2 0.3859375 0.35390625 0.09375 0.14140625
1 0.25 0.409375 0.1 0.14140625
1 0.34296875 0.70546875 0.1265625 0.2
1 0.4828125 0.94609375 0.171875 0.103125
1 0.909375 0.2734375 0.084375 0.125
1 0.7625 0.2640625 0.071875 0.10546875
1 0.159375 0.28046875 0.071875 0.1109375
1 0.9796875 0.31953125 0.0375 0.121875
1 0.41953125 0.2875 0.0671875 0.096875
1 0.1046875 0.2984375 0.046875 0.0859375
1 0.86796875 0.2640625 0.0609375 0.121875
1 0.36328125 0.28046875 0.0546875 0.0890625
1 0.8171875 0.2734375 0.046875 0.08046875
1 0.23125 0.30390625 0.0375 0.0640625
1 0.2578125 0.28203125 0.03125 0.0859375
1 0.96953125 0.253125 0.0578125 0.1