3 0.34140625 0.20859375 0.1359375 0.3109375
0 0.9359375 0.75703125 0.125 0.48046875
1 0.31328125 0.6515625 0.1296875 0.196875
1 0.68828125 0.8734375 0.1484375 0.225
1 0.740625 0.5609375 0.115625 0.19453125
1 0.58828125 0.7140625 0.1203125 0.16640625
1 0.65 0.49296875 0.1 0.14140625
1 0.83515625 0.7 0.1078125 0.19453125
1 0.23046875 0.4140625 0.1015625 0.15
1 0.5125 0.55859375 0.115625 0.171875
1 0.421875 0.440625 0.0875 0.1359375
1 0.56484375 0.628125 0.1171875 0.15546875
1 0.475 0.490625 0.10625 0.1640625
1 0.48984375 0.303125 0.0765625 0.11640625
1 0.95703125 0.290625 0.0828125 0.146875
1 0.840625 0.2625 0.075 0.11953125
1 0.59609375 0.41796875 0.1015625 0.1140625
1 0.43203125 0.27109375 0.0703125 0.1140625
1 0.55390625 0.33046875 0.0828125 0.13359375
1 0.5796875 0.359375 0.090625 0.1140625
1 0.90390625 0.275 0.0703125 0.13359375
1 0.25703125 0.27109375 0.0515625 0.09140625
1 0.8 0.259375 0.040625 0.1140625
1 0.221875 0.340625 0.0875 0.0859375
1 0.765625 0.2484375 0.059375 0.103125
1 0.70078125 0.2734375 0.0515625 0.0359375
1 0.1765625 0.23203125 0.040625 0.046875
1 0.98984375 0.3125 0.0171875 0.153125
1 0.1796875 0.30703125 0.075 0.13046875