2 0.27421875 0.50546875 0.1140625 0.2109375
3 0.48359375 0.41640625 0.1703125 0.45546875
1 0.3421875 0.8265625 0.140625 0.2140625
1 0.65 0.87109375 0.13125 0.1859375
1 0.70859375 0.5484375 0.1078125 0.146875
1 0.3640625 0.33203125 0.084375 0.14140625
1 0.60859375 0.396875 0.0953125 0.15546875
1 0.83515625 0.721875 0.1265625 0.16640625
1 0.8859375 0.85390625 0.14375 0.153125
1 0.8234375 0.9609375 0.159375 0.071875
1 0.7484375 0.9140625 0.140625 0.16640625
1 0.36484375 0.72890625 0.1296875 0.19140625
1 0.66796875 0.5015625 0.0984375 0.14140625
1 0.79765625 0.665625 0.1265625 0.1859375
1 0.89453125 0.27109375 0.0796875 0.1359375
1 0.7671875 0.2625 0.075 0.10859375
1 0.984375 0.309375 0.028125 0.1359375
1 0.8390625 0.2609375 0.071875 0.121875
1 0.234375 0.29296875 0.065625 0.08046875
1 0.978125 0.93359375 0.040625 0.128125
1 0.196875 0.2875 0.05 0.0859375
1 0.578125 0.31640625 0.040625 0.1
1 0.7234375 0.25390625 0.03125 0.06953125
1 0.3140625 0.309375 0.040625 0.053125
1 0.68671875 0.2609375 0.0515625 0.0390625
1 0.96015625 0.2734375 0.0765625 0.14140625