3 0.29765625 0.52890625 0.1953125 0.48046875
1 0.78515625 0.653125 0.1265625 0.20546875
1 0.6109375 0.39296875 0.103125 0.15859375
1 0.77734375 0.91640625 0.1546875 0.1609375
1 0.94921875 0.884375 0.0984375 0.225
1 0.5328125 0.5765625 0.13125 0.11953125
1 0.43359375 0.4234375 0.1078125 0.175
1 0.896875 0.784375 0.13125 0.196875
1 0.5015625 0.29140625 0.084375 0.128125
1 0.89453125 0.27109375 0.0921875 0.146875
1 0.11328125 0.2859375 0.0734375 0.1
1 0.18203125 0.396875 0.0578125 0.128125
1 0.66640625 0.80390625 0.0703125 0.203125
1 0.978125 0.30546875 0.040625 0.1609375
1 0.74921875 0.25 0.0734375 0.1109375
1 0.571875 0.34453125 0.078125 0.14453125
1 0.44921875 0.2875 0.0515625 0.096875
1 0.26640625 0.259375 0.0546875 0.08046875
1 0.31484375 0.25859375 0.0609375 0.078125
1 0.8015625 0.25703125 0.034375 0.103125
1 0.84296875 0.24453125 0.0734375 0.13359375
1 0.38828125 0.30546875 0.0734375 0.078125
1 0.4203125 0.275 0.040625 0.071875
1 0.36796875 0.26640625 0.0578125 0.05
1 0.9734375 0.253125 0.05 0.10546875