3 0.3890625 0.684375 0.23125 0.553125
1 0.7375 0.590625 0.115625 0.153125
1 0.196875 0.3265625 0.084375 0.1359375
1 0.609375 0.4015625 0.103125 0.153125
1 0.6859375 0.4859375 0.109375 0.1390625
1 0.94296875 0.86953125 0.1109375 0.1890625
1 0.30546875 0.29296875 0.0640625 0.103125
1 0.96953125 0.91953125 0.0578125 0.15546875
1 0.1453125 0.2875 0.065625 0.103125
1 0.3640625 0.328125 0.08125 0.15546875
1 0.90703125 0.284375 0.0703125 0.125
1 0.27578125 0.278125 0.0640625 0.10546875
1 0.97265625 0.29453125 0.0515625 0.15546875
1 0.8265625 0.271875 0.05625 0.10546875
1 0.9390625 0.29609375 0.04375 0.1140625
1 0.38515625 0.23046875 0.0640625 0.04453125
1 0.4609375 0.421875 0.165625 0.31640625
1 0.7859375 0.246875 0.06875 0.1109375
1 0.7203125 0.25390625 0.03125 0.0640625
1 0.87578125 0.2734375 0.0421875 0.1140625
1 0.803125 0.2609375 0.046875 0.10546875
1 0.93046875 0.21953125 0.0734375 0.05546875
1 0.49296875 0.2515625 0.0640625 0.05859375
1 0.99140625 0.34453125 0.0140625 0.13359375