3 0.33671875 0.5890625 0.2046875 0.50546875
1 0.61796875 0.75390625 0.1296875 0.203125
1 0.8 0.6875 0.115625 0.15859375
1 0.73203125 0.59140625 0.1109375 0.15
1 0.471875 0.51953125 0.11875 0.19453125
1 0.575 0.6734375 0.1375 0.196875
1 0.15 0.278125 0.078125 0.11640625
1 0.509375 0.3015625 0.075 0.1359375
1 0.684375 0.50390625 0.109375 0.1640625
4 0.9234375 0.7734375 0.15 0.35859375
1 0.2125 0.38359375 0.075 0.13359375
1 0.24921875 0.28203125 0.0734375 0.096875
1 0.83203125 0.265625 0.0703125 0.1140625
1 0.43515625 0.26796875 0.0703125 0.10859375
1 0.66015625 0.43359375 0.1171875 0.19453125
1 0.35078125 0.29296875 0.0796875 0.09140625
1 0.46640625 0.2984375 0.0359375 0.103125
1 0.91171875 0.29296875 0.0671875 0.1140625
1 0.96640625 0.315625 0.0546875 0.11953125
1 0.6015625 0.36953125 0.09375 0.1890625
1 0.9875 0.33203125 0.021875 0.153125
1 0.1046875 0.290625 0.034375 0.09140625
1 0.76640625 0.25703125 0.0484375 0.096875
1 0.403125 0.36796875 0.078125 0.11953125
1 0.31875 0.28359375 0.06875 0.10546875
1 0.7078125 0.25390625 0.046875 0.0640625
1 0.38828125 0.2640625 0.0359375 0.071875
1 0.871875 0.275 0.0375 0.10546875