3 0.625 0.4109375 0.11875 0.18359375
3 0.571875 0.84140625 0.3125 0.3109375
2 0.16640625 0.30546875 0.0859375 0.13359375
5 0.32578125 0.665625 0.1515625 0.23046875
6 0.67265625 0.58203125 0.0515625 0.1359375
1 0.76640625 0.6265625 0.1265625 0.19140625
1 0.55078125 0.61953125 0.1234375 0.16640625
1 0.3734375 0.3359375 0.096875 0.15
1 0.95546875 0.8515625 0.0859375 0.2140625
1 0.94921875 0.290625 0.0859375 0.13046875
1 0.7625 0.9125 0.1125 0.16953125
1 0.51484375 0.30859375 0.0796875 0.1390625
1 0.446875 0.2765625 0.06875 0.1140625
1 0.57265625 0.346875 0.1046875 0.1609375
1 0.23671875 0.296875 0.0609375 0.078125
1 0.8859375 0.271875 0.06875 0.121875
1 0.08671875 0.30703125 0.0515625 0.075
1 0.3046875 0.29609375 0.065625 0.10859375
1 0.77109375 0.265625 0.0515625 0.0859375
1 0.40234375 0.265625 0.0453125 0.09140625
1 0.13203125 0.28359375 0.0578125 0.10546875
1 0.721875 0.2609375 0.0625 0.0609375
1 0.85 0.2609375 0.06875 0.121875
1 0.821875 0.2484375 0.065625 0.11953125
1 0.3296875 0.31640625 0.06875 0.11640625