0 0.3296875 0.20859375 0.11875 0.28359375
3 0.39296875 0.7109375 0.2453125 0.5609375
1 0.1875 0.3 0.09375 0.15546875
1 0.51171875 0.4984375 0.1015625 0.175
1 0.88125 0.2734375 0.078125 0.1140625
1 0.88515625 0.96640625 0.1609375 0.0609375
1 0.48359375 0.303125 0.0765625 0.1109375
1 0.42890625 0.38203125 0.0953125 0.11953125
1 0.76484375 0.259375 0.0703125 0.103125
1 0.95546875 0.896875 0.0859375 0.2
1 0.8390625 0.25546875 0.071875 0.121875
1 0.43515625 0.271875 0.0640625 0.1
1 0.984375 0.25546875 0.028125 0.11640625
1 0.7265625 0.253125 0.028125 0.071875
1 0.9046875 0.24453125 0.065625 0.1
1 0.2484375 0.28046875 0.059375 0.1
1 0.40625 0.246875 0.04375 0.078125