3 0.15390625 0.2125 0.1421875 0.303125
1 0.36796875 0.79140625 0.1390625 0.18359375
1 0.33515625 0.290625 0.0921875 0.153125
1 0.56640625 0.3890625 0.0953125 0.13359375
1 0.92734375 0.290625 0.0828125 0.125
1 0.503125 0.30390625 0.08125 0.13046875
1 0.24765625 0.28203125 0.0484375 0.09140625
1 0.453125 0.27109375 0.078125 0.14140625
1 0.86953125 0.2734375 0.0640625 0.10859375
1 0.75625 0.2640625 0.06875 0.1
1 0.28046875 0.28203125 0.0390625 0.096875
1 0.81796875 0.253125 0.0640625 0.10546875
1 0.3875 0.2859375 0.034375 0.0890625
1 0.41171875 0.2734375 0.0265625 0.096875
1 0.9828125 0.31796875 0.03125 0.153125