2 0.6984375 0.88046875 0.146875 0.228125
3 0.10703125 0.22109375 0.1109375 0.24140625
1 0.31875 0.58359375 0.121875 0.1890625
1 0.45390625 0.459375 0.1078125 0.15859375
1 0.79375 0.6625 0.1375 0.21953125
1 0.23203125 0.43046875 0.1046875 0.171875
1 0.6515625 0.7625 0.134375 0.20859375
1 0.321875 0.3 0.08125 0.13359375
1 0.671875 0.49140625 0.115625 0.16640625
1 0.4046875 0.3640625 0.090625 0.13359375
1 0.946875 0.85859375 0.103125 0.228125
1 0.89296875 0.78203125 0.1171875 0.19140625
1 0.621875 0.4109375 0.09375 0.14453125
1 0.73203125 0.5859375 0.1140625 0.178125
1 0.4828125 0.2875 0.084375 0.1359375
1 0.98203125 0.3390625 0.0328125 0.121875
1 0.921875 0.29296875 0.0625 0.1140625
1 0.84765625 0.2765625 0.0671875 0.10859375
1 0.77734375 0.25859375 0.0578125 0.1
1 0.41015625 0.3015625 0.0828125 0.103125
1 0.9765625 0.30546875 0.04375 0.13359375
1 0.90546875 0.2765625 0.0703125 0.11953125
1 0.734375 0.25703125 0.040625 0.06953125
1 0.25859375 0.28359375 0.0484375 0.0890625
1 0.9578125 0.29609375 0.040625 0.125
1 0.284375 0.2859375 0.034375 0.09453125
1 0.809375 0.265625 0.0375 0.096875
1 0.86015625 0.2140625 0.0703125 0.05546875
1 0.93359375 0.20703125 0.0640625 0.0640625
1 0.97578125 0.215625 0.0453125 0.05859375
1 0.71171875 0.25 0.0296875 0.05546875