0 0.5703125 0.26640625 0.146875 0.3390625
8 0.51171875 0.65390625 0.2296875 0.4140625
1 0.42890625 0.91953125 0.1484375 0.15546875
1 0.21953125 0.440625 0.1015625 0.1359375
1 0.34453125 0.30390625 0.0765625 0.1140625
1 0.159375 0.29609375 0.078125 0.125
1 0.96015625 0.29296875 0.0765625 0.153125
1 0.88828125 0.26953125 0.0859375 0.13359375
1 0.765625 0.25859375 0.0625 0.1
1 0.48046875 0.303125 0.0546875 0.14453125
1 0.40234375 0.284375 0.0484375 0.09140625
1 0.8078125 0.26640625 0.05 0.1
1 0.303125 0.29296875 0.0375 0.096875
1 0.72890625 0.25859375 0.0296875 0.06640625
1 0.2453125 0.2875 0.03125 0.09140625
1 0.44921875 0.26640625 0.0640625 0.121875
1 0.11953125 0.28203125 0.0546875 0.103125
1 0.08828125 0.296875 0.0265625 0.08359375
1 0.853125 0.25703125 0.071875 0.125
1 0.28515625 0.2765625 0.0640625 0.10859375