3 0.5078125 0.4640625 0.178125 0.46640625
3 0.11875 0.209375 0.11875 0.2640625
1 0.3734375 0.884375 0.146875 0.225
1 0.2875 0.5515625 0.115625 0.2140625
1 0.7421875 0.6015625 0.1125 0.153125
1 0.69921875 0.91640625 0.1453125 0.1609375
1 0.88046875 0.78359375 0.1328125 0.171875
1 0.6359375 0.4359375 0.1 0.1609375
1 0.803125 0.94609375 0.153125 0.103125
1 0.834375 0.72109375 0.13125 0.19140625
1 0.3890625 0.7890625 0.134375 0.2
1 0.9328125 0.91796875 0.13125 0.15859375
1 0.69609375 0.5515625 0.1015625 0.146875
1 0.9796875 0.30390625 0.0375 0.1359375
1 0.38125 0.35546875 0.0875 0.15
1 0.24296875 0.2875 0.0671875 0.0859375
1 0.8859375 0.26796875 0.075 0.1359375
1 0.82734375 0.259375 0.0671875 0.11953125
1 0.7578125 0.265625 0.071875 0.103125
1 0.209375 0.284375 0.05 0.09140625
1 0.33125 0.30390625 0.046875 0.075
1 0.71484375 0.25390625 0.0328125 0.0640625
1 0.9515625 0.271875 0.08125 0.1390625
1 0.60078125 0.3390625 0.0390625 0.1