2 0.409375 0.865625 0.175 0.2640625
3 0.746875 0.928125 0.396875 0.1390625
6 0.7859375 0.77109375 0.059375 0.15859375
1 0.73359375 0.5734375 0.1359375 0.203125
1 0.65703125 0.79140625 0.1421875 0.18359375
1 0.440625 0.434375 0.1125 0.175
1 0.22421875 0.3625 0.0921875 0.146875
1 0.925 0.82109375 0.14375 0.2140625
1 0.50390625 0.30703125 0.0828125 0.13046875
1 0.59609375 0.38203125 0.0953125 0.153125
1 0.91328125 0.27890625 0.0828125 0.13046875
1 0.15234375 0.27890625 0.0734375 0.10859375
1 0.27265625 0.27890625 0.0703125 0.103125
1 0.6796875 0.459375 0.121875 0.1859375
1 0.1 0.2890625 0.053125 0.1
1 0.38828125 0.3890625 0.0828125 0.13359375
1 0.4609375 0.2765625 0.06875 0.1140625
1 0.4015625 0.28203125 0.059375 0.09140625
1 0.36484375 0.3359375 0.0796875 0.128125
1 0.3453125 0.2890625 0.053125 0.078125
1 0.75546875 0.2609375 0.0546875 0.08359375
1 0.98828125 0.30546875 0.0203125 0.14453125
1 0.85859375 0.26796875 0.0640625 0.11953125
1 0.98125 0.24453125 0.034375 0.11640625
1 0.80625 0.25 0.0625 0.121875
1 0.71484375 0.2609375 0.0421875 0.05
1 0.83046875 0.253125 0.0640625 0.1109375