2 0.5046875 0.30703125 0.0875 0.1359375
3 0.678125 0.6859375 0.221875 0.55
5 0.93515625 0.821875 0.1265625 0.23359375
3 0.584375 0.7609375 0.36875 0.471875
1 0.24765625 0.41796875 0.1015625 0.16953125
1 0.365625 0.33359375 0.090625 0.13359375
1 0.32578125 0.64140625 0.1296875 0.19453125
1 0.365625 0.815625 0.1 0.19140625
1 0.1796875 0.33203125 0.08125 0.11953125
1 0.921875 0.29140625 0.084375 0.11640625
1 0.29765625 0.278125 0.0765625 0.121875
1 0.81796875 0.671875 0.0921875 0.171875
1 0.8171875 0.26796875 0.071875 0.103125
1 0.75625 0.25859375 0.065625 0.10546875
1 0.97265625 0.24140625 0.0515625 0.1109375
1 0.24296875 0.3109375 0.0578125 0.06640625
1 0.875 0.275 0.075 0.121875
1 0.6359375 0.91796875 0.271875 0.15859375
1 0.80625 0.565625 0.071875 0.0859375
1 0.69375 0.25390625 0.0375 0.053125
1 0.7171875 0.25 0.0375 0.071875
1 0.9296875 0.225 0.046875 0.04453125