2 0.7890625 0.63046875 0.146875 0.26640625
3 0.19140625 0.2625 0.0890625 0.13046875
1 0.70859375 0.90390625 0.1421875 0.1859375
1 0.40546875 0.378125 0.0953125 0.15
1 0.20390625 0.4 0.0953125 0.13359375
1 0.94375 0.88046875 0.109375 0.221875
1 0.575 0.6859375 0.13125 0.1890625
1 0.2984375 0.2734375 0.084375 0.1359375
1 0.6546875 0.80390625 0.128125 0.18046875
1 0.515625 0.609375 0.1125 0.1640625
1 0.61171875 0.434375 0.0953125 0.1359375
1 0.903125 0.8 0.134375 0.20546875
1 0.69609375 0.54296875 0.0984375 0.14140625
1 0.9265625 0.284375 0.096875 0.146875
1 0.49296875 0.30390625 0.0828125 0.13046875
1 0.78984375 0.259375 0.0796875 0.1140625
1 0.54453125 0.3375 0.0765625 0.11953125
1 0.85703125 0.2765625 0.0671875 0.10859375
1 0.428125 0.28203125 0.065625 0.09140625
1 0.17109375 0.3140625 0.0828125 0.1109375
1 0.98515625 0.25859375 0.0265625 0.09453125
1 0.603125 0.3859375 0.096875 0.1390625
1 0.7109375 0.275 0.059375 0.05