2 0.33125 0.63046875 0.125 0.20546875
3 0.66953125 0.8875 0.3703125 0.21953125
1 0.3390625 0.29140625 0.090625 0.14453125
1 0.515625 0.584375 0.115625 0.175
1 0.3953125 0.396875 0.09375 0.11640625
1 0.71484375 0.565625 0.1140625 0.146875
1 0.5875 0.73359375 0.1375 0.13359375
1 0.61328125 0.44453125 0.1046875 0.14453125
1 0.80390625 0.6984375 0.1234375 0.175
1 0.53828125 0.3265625 0.0796875 0.11953125
1 0.46875 0.278125 0.078125 0.11640625
1 0.4703125 0.4984375 0.1 0.14140625
1 0.284375 0.259375 0.084375 0.14140625
1 0.4015625 0.28203125 0.05625 0.096875
1 0.965625 0.30859375 0.065625 0.1390625
1 0.60859375 0.375 0.1015625 0.13359375
1 0.85625 0.2640625 0.06875 0.121875
1 0.7921875 0.63203125 0.11875 0.153125
1 0.7265625 0.25859375 0.05625 0.06640625
1 0.7984375 0.26640625 0.0625 0.1
1 0.90703125 0.27890625 0.0671875 0.125
1 0.94296875 0.29140625 0.0671875 0.128125
1 0.77578125 0.25859375 0.0578125 0.09453125
1 0.2453125 0.27890625 0.021875 0.09140625
1 0.971875 0.228125 0.053125 0.04453125
1 0.9265625 0.209375 0.059375 0.04140625
1 0.99140625 0.328125 0.0140625 0.13359375