3 0.3484375 0.2390625 0.1375 0.3390625
2 0.578125 0.33359375 0.096875 0.14453125
2 0.73828125 0.8859375 0.1796875 0.221875
1 0.4578125 0.95 0.15625 0.09453125
1 0.159375 0.31796875 0.08125 0.103125
1 0.4578125 0.2890625 0.0875 0.13359375
1 0.9640625 0.90546875 0.06875 0.18359375
1 0.9359375 0.290625 0.0875 0.1359375
1 0.78828125 0.265625 0.0734375 0.10859375
1 0.72265625 0.2625 0.0640625 0.08046875
2 0.1171875 0.27890625 0.0875 0.13046875
1 0.9859375 0.2640625 0.025 0.1
1 0.26640625 0.290625 0.0484375 0.09140625
1 0.228125 0.3 0.040625 0.078125
1 0.89140625 0.28359375 0.0390625 0.11640625