3 0.12734375 0.20859375 0.1296875 0.271875
3 0.3 0.50546875 0.171875 0.421875
1 0.53515625 0.61640625 0.1234375 0.1890625
1 0.70859375 0.87890625 0.1609375 0.2359375
1 0.45859375 0.9390625 0.1890625 0.11640625
1 0.75859375 0.609375 0.1171875 0.18046875
1 0.5625 0.34140625 0.096875 0.15
1 0.86015625 0.721875 0.1515625 0.23359375
1 0.8609375 0.96640625 0.15625 0.0609375
1 0.4421875 0.4484375 0.10625 0.15859375
1 0.65390625 0.45859375 0.1046875 0.19453125
1 0.95078125 0.290625 0.0890625 0.1359375
1 0.4625 0.275 0.090625 0.1390625
1 0.709375 0.540625 0.109375 0.153125
1 0.8703125 0.278125 0.08125 0.1109375
1 0.93984375 0.8375 0.1171875 0.225
1 0.97890625 0.903125 0.0390625 0.1890625
1 0.40234375 0.278125 0.0515625 0.10546875
1 0.82421875 0.25703125 0.0734375 0.125
1 0.32734375 0.29296875 0.0953125 0.13046875
1 0.7359375 0.25390625 0.046875 0.08046875
1 0.7734375 0.2609375 0.053125 0.1109375
1 0.8984375 0.24296875 0.05625 0.06953125
1 0.41953125 0.40546875 0.0890625 0.128125
1 0.6125 0.4390625 0.04375 0.14453125
1 0.2796875 0.265625 0.053125 0.08046875
1 0.2390625 0.284375 0.053125 0.09140625