3 0.46015625 0.3875 0.1796875 0.425
1 0.79296875 0.70703125 0.1265625 0.16953125
1 0.66953125 0.5 0.1078125 0.14453125
1 0.36484375 0.728125 0.1296875 0.2
1 0.2859375 0.6484375 0.1125 0.1640625
1 0.9484375 0.8890625 0.1 0.178125
1 0.8828125 0.971875 0.16875 0.05
1 0.63203125 0.40703125 0.1046875 0.15859375
1 0.340625 0.29296875 0.071875 0.14140625
1 0.9828125 0.321875 0.03125 0.14453125
1 0.9265625 0.26640625 0.084375 0.15
1 0.85546875 0.2640625 0.0734375 0.11640625
1 0.29140625 0.28046875 0.0703125 0.128125
1 0.7375 0.26796875 0.065625 0.075
1 0.96875 0.296875 0.059375 0.13359375
1 0.26484375 0.5609375 0.1171875 0.19453125
1 0.559375 0.34609375 0.05 0.1140625
1 0.21484375 0.30859375 0.0390625 0.05546875
1 0.246875 0.2875 0.040625 0.09140625
1 0.2515625 0.4875 0.109375 0.153125