3 0.28828125 0.5640625 0.2484375 0.49453125
1 0.8203125 0.69453125 0.13125 0.2109375
1 0.63203125 0.41796875 0.1046875 0.1640625
1 0.5171875 0.3 0.0875 0.13359375
1 0.45078125 0.459375 0.1109375 0.18046875
1 0.93203125 0.834375 0.1296875 0.203125
1 0.1171875 0.28359375 0.08125 0.10546875
1 0.815625 0.94140625 0.15625 0.1109375
1 0.8828125 0.26953125 0.09375 0.14453125
1 0.69921875 0.84609375 0.0640625 0.2140625
1 0.97109375 0.9015625 0.0546875 0.19140625
1 0.55234375 0.609375 0.1328125 0.1140625
1 0.3984375 0.34453125 0.084375 0.13359375
1 0.971875 0.29609375 0.053125 0.1640625
1 0.740625 0.253125 0.075 0.10546875
3 0.5390625 0.825 0.29375 0.34453125
1 0.32421875 0.27109375 0.0640625 0.096875
1 0.27265625 0.2734375 0.0578125 0.096875
1 0.465625 0.29296875 0.053125 0.103125
1 0.5875 0.36953125 0.08125 0.14453125
1 0.434375 0.28046875 0.053125 0.0890625
1 0.190625 0.42109375 0.059375 0.13046875
1 0.375 0.2875 0.075 0.06953125
1 0.7921875 0.25859375 0.0375 0.10546875
1 0.83203125 0.24453125 0.0703125 0.128125