3 0.34921875 0.603125 0.2171875 0.51640625
1 0.98984375 0.9390625 0.0171875 0.11640625
1 0.87421875 0.78046875 0.1359375 0.20546875
1 0.78046875 0.63046875 0.1234375 0.1890625
1 0.67578125 0.48046875 0.1078125 0.14453125
1 0.1984375 0.3109375 0.090625 0.15546875
1 0.57265625 0.6875 0.1296875 0.1640625
1 0.5203125 0.3109375 0.0875 0.13359375
1 0.609375 0.39296875 0.096875 0.14140625
1 0.11484375 0.29609375 0.0640625 0.0859375
3 0.6625 0.875 0.371875 0.24453125
1 0.97265625 0.2984375 0.0515625 0.146875
1 0.53203125 0.60546875 0.1109375 0.15546875
1 0.36328125 0.29140625 0.0859375 0.11640625
1 0.478125 0.49140625 0.103125 0.15
1 0.9296875 0.278125 0.078125 0.1390625
1 0.26328125 0.27109375 0.0671875 0.10859375
1 0.4359375 0.26953125 0.08125 0.13359375
1 0.6421875 0.73359375 0.1 0.071875
1 0.8265625 0.2609375 0.059375 0.1
1 0.76796875 0.26640625 0.0734375 0.09453125
1 0.39609375 0.234375 0.0296875 0.05859375
1 0.8828125 0.2625 0.071875 0.1359375
1 0.42109375 0.34609375 0.0734375 0.0640625
1 0.98203125 0.215625 0.0328125 0.053125
1 0.45234375 0.40546875 0.0671875 0.078125
1 0.703125 0.2640625 0.046875 0.04453125