3 0.24140625 0.20703125 0.1046875 0.2140625
0 0.65703125 0.3640625 0.1703125 0.3890625
8 0.75 0.79453125 0.2625 0.40546875
1 0.265625 0.5859375 0.1125 0.15546875
1 0.18984375 0.32890625 0.0890625 0.14140625
1 0.390625 0.35703125 0.084375 0.125
1 0.59140625 0.7375 0.0765625 0.1859375
1 0.9515625 0.28203125 0.090625 0.146875
1 0.5421875 0.38359375 0.08125 0.15
1 0.45234375 0.2890625 0.0578125 0.09453125
1 0.32578125 0.3 0.0734375 0.128125
1 0.50859375 0.29296875 0.0796875 0.14140625
1 0.27890625 0.28359375 0.0515625 0.10546875
1 0.36328125 0.325 0.0734375 0.11640625
1 0.14765625 0.27890625 0.0765625 0.10859375
1 0.8859375 0.26953125 0.06875 0.128125
1 0.78203125 0.26640625 0.0515625 0.0890625
1 0.84921875 0.265625 0.0453125 0.11953125
1 0.74453125 0.25546875 0.0359375 0.078125
1 0.1 0.29140625 0.028125 0.08359375
1 0.41171875 0.275 0.0453125 0.06640625
1 0.4 0.24609375 0.053125 0.046875
1 0.55546875 0.29296875 0.0546875 0.05859375