3 0.275 0.2 0.115625 0.2609375
2 0.68359375 0.85859375 0.1515625 0.221875
1 0.3578125 0.7375 0.13125 0.203125
1 0.77734375 0.65703125 0.1265625 0.19140625
1 0.503125 0.58046875 0.11875 0.19453125
1 0.6140625 0.69453125 0.128125 0.18359375
1 0.44765625 0.425 0.1078125 0.15
1 0.6796875 0.4875 0.10625 0.146875
1 0.57578125 0.37109375 0.0953125 0.13046875
1 0.14921875 0.29453125 0.0734375 0.1109375
1 0.32265625 0.28046875 0.0828125 0.13359375
1 0.975 0.30390625 0.046875 0.14140625
1 0.95078125 0.8484375 0.0953125 0.2140625
1 0.98359375 0.921875 0.0296875 0.15
1 0.40546875 0.278125 0.0765625 0.1
1 0.8296875 0.259375 0.065625 0.11953125
1 0.9265625 0.2890625 0.071875 0.1109375
1 0.5125 0.965625 0.15625 0.0640625
1 0.8890625 0.2609375 0.078125 0.128125
1 0.7234375 0.2484375 0.059375 0.08046875
1 0.778125 0.259375 0.0625 0.096875