2 0.846875 0.72890625 0.153125 0.23046875
6 0.9234375 0.91953125 0.06875 0.15546875
1 0.503125 0.571875 0.125 0.19453125
1 0.78828125 0.925 0.1578125 0.14453125
1 0.26875 0.453125 0.10625 0.16640625
1 0.515625 0.95 0.19375 0.09453125
1 0.67421875 0.4890625 0.1203125 0.171875
1 0.5625 0.3609375 0.096875 0.14453125
1 0.17421875 0.29453125 0.0796875 0.128125
1 0.7734375 0.59609375 0.1375 0.20859375
1 0.30078125 0.2765625 0.0765625 0.1140625
1 0.378125 0.278125 0.0625 0.1109375
1 0.8890625 0.271875 0.08125 0.121875
1 0.115625 0.278125 0.071875 0.1109375
1 0.4265625 0.415625 0.09375 0.13046875
1 0.4375 0.28203125 0.071875 0.103125
1 0.45390625 0.49296875 0.1046875 0.153125
1 0.515625 0.309375 0.078125 0.1359375
1 0.98359375 0.328125 0.0296875 0.121875
1 0.83984375 0.2640625 0.0609375 0.11640625
1 0.2390625 0.2984375 0.05625 0.06953125
1 0.96796875 0.29140625 0.0609375 0.128125
1 0.74453125 0.2625 0.0671875 0.08046875
1 0.80625 0.2515625 0.078125 0.11953125
1 0.97890625 0.2109375 0.0390625 0.05546875
1 0.69765625 0.2640625 0.0390625 0.0390625