3 0.2796875 0.1984375 0.159375 0.28046875
3 0.0859375 0.275 0.090625 0.1390625
2 0.74296875 0.584375 0.1359375 0.203125
2 0.58984375 0.35703125 0.0984375 0.15859375
1 0.940625 0.8765625 0.115625 0.24140625
1 0.46640625 0.4765625 0.1078125 0.146875
1 0.38828125 0.328125 0.0890625 0.11640625
1 0.1609375 0.2875 0.071875 0.096875
1 0.86328125 0.27109375 0.0734375 0.1140625
1 0.95703125 0.30859375 0.0828125 0.11640625
1 0.78125 0.25546875 0.0625 0.1109375
1 0.43984375 0.284375 0.0671875 0.096875
1 0.7453125 0.24453125 0.046875 0.09453125
1 0.83359375 0.246875 0.0640625 0.11640625
1 0.71015625 0.25703125 0.0328125 0.05859375
1 0.93828125 0.2265625 0.0578125 0.06953125
1 0.67890625 0.2609375 0.0421875 0.03359375