3 0.18125 0.23203125 0.140625 0.33046875
3 0.32578125 0.20703125 0.1296875 0.29140625
1 0.5984375 0.6890625 0.13125 0.1890625
1 0.34375 0.69296875 0.1375 0.2140625
1 0.82578125 0.7359375 0.1296875 0.16640625
1 0.84453125 0.94140625 0.1734375 0.1109375
1 0.79609375 0.63359375 0.1265625 0.18359375
1 0.415625 0.89296875 0.15 0.20859375
1 0.61875 0.4015625 0.11875 0.175
1 0.54296875 0.95390625 0.1859375 0.0859375
1 0.70703125 0.50859375 0.1328125 0.221875
1 0.49609375 0.2984375 0.0828125 0.14140625
1 0.56015625 0.34609375 0.0890625 0.146875
1 0.91015625 0.2765625 0.0859375 0.13046875
1 0.85078125 0.25546875 0.0671875 0.11640625
1 0.7875 0.253125 0.071875 0.121875
1 0.4390625 0.26953125 0.065625 0.11640625
1 0.978125 0.30703125 0.040625 0.153125
1 0.95703125 0.3 0.0421875 0.13359375
1 0.40078125 0.278125 0.0328125 0.09453125