5 0.3671875 0.32890625 0.103125 0.146875
1 0.48203125 0.50703125 0.1078125 0.175
1 0.6765625 0.4859375 0.109375 0.16640625
1 0.25390625 0.4859375 0.1078125 0.14453125
1 0.175 0.28046875 0.08125 0.121875
1 0.62421875 0.81953125 0.1453125 0.171875
1 0.60625 0.38359375 0.109375 0.1890625
1 0.246875 0.28359375 0.06875 0.1
1 0.7515625 0.89140625 0.146875 0.2109375
1 0.68359375 0.9484375 0.1828125 0.096875
1 0.91171875 0.28359375 0.0828125 0.11640625
1 0.1015625 0.29609375 0.0625 0.0859375
1 0.8375 0.2625 0.075 0.1140625
1 0.45234375 0.28359375 0.0796875 0.121875
1 0.55625 0.32890625 0.09375 0.16953125
1 0.9734375 0.2984375 0.05 0.14140625
1 0.7765625 0.2640625 0.0625 0.0890625
1 0.31171875 0.2875 0.0390625 0.0859375
1 0.94921875 0.2359375 0.0578125 0.08359375
1 0.70703125 0.25703125 0.0640625 0.05859375
1 0.69296875 0.25546875 0.0359375 0.05
1 0.896875 0.21953125 0.05625 0.06640625
1 0.40390625 0.2734375 0.0390625 0.075
1 0.74375 0.259375 0.028125 0.06953125
1 0.3546875 0.2515625 0.053125 0.0359375
1 0.34765625 0.29609375 0.0671875 0.11953125