5 0.53046875 0.5375 0.1265625 0.196875
3 0.978125 0.16953125 0.040625 0.29453125
1 0.33125 0.6015625 0.11875 0.19140625
1 0.9390625 0.859375 0.11875 0.225
5 0.2203125 0.4625 0.115625 0.175
1 0.67109375 0.50390625 0.1140625 0.1640625
1 0.78671875 0.659375 0.1265625 0.16953125
1 0.3734375 0.3484375 0.084375 0.125
1 0.47578125 0.296875 0.0796875 0.1109375
1 0.2796875 0.28203125 0.06875 0.103125
1 0.57578125 0.36953125 0.0890625 0.13359375
1 0.953125 0.2875 0.0875 0.14140625
1 0.796875 0.259375 0.06875 0.10859375
1 0.3546875 0.28359375 0.065625 0.0890625
1 0.86328125 0.2640625 0.0671875 0.121875
1 0.5609375 0.325 0.078125 0.128125
1 0.75390625 0.25546875 0.0390625 0.0890625
1 0.9 0.27890625 0.0625 0.125
1 0.71953125 0.2515625 0.0515625 0.075
1 0.22265625 0.2984375 0.0578125 0.06953125
1 0.928125 0.209375 0.05625 0.0359375
1 0.70546875 0.246875 0.0265625 0.06640625