3 0.36640625 0.22890625 0.1453125 0.3359375
3 0.28046875 0.4875 0.1953125 0.475
1 0.91875 0.83203125 0.140625 0.21953125
1 0.61875 0.76796875 0.134375 0.1859375
1 0.7828125 0.93203125 0.15625 0.13046875
1 0.68671875 0.546875 0.1078125 0.1609375
1 0.78046875 0.6625 0.1203125 0.1640625
1 0.5 0.35390625 0.10625 0.16953125
1 0.55234375 0.6640625 0.1421875 0.2109375
1 0.98359375 0.3234375 0.0296875 0.14140625
1 0.9171875 0.290625 0.04375 0.10859375
1 0.8234375 0.26796875 0.059375 0.10859375
1 0.78046875 0.265625 0.0453125 0.09140625
1 0.71015625 0.265625 0.0546875 0.053125
1 0.11796875 0.29140625 0.0515625 0.09453125
1 0.87890625 0.27890625 0.0671875 0.10859375
1 0.48515625 0.28046875 0.0734375 0.078125
1 0.76953125 0.24609375 0.0671875 0.10859375
1 0.9609375 0.2859375 0.075 0.15546875