2 0.634375 0.7609375 0.15625 0.2390625
3 0.24140625 0.359375 0.1640625 0.43046875
3 0.440625 0.74609375 0.253125 0.503125
1 0.64765625 0.4515625 0.1046875 0.15859375
1 0.74765625 0.57109375 0.1171875 0.175
1 0.590625 0.3625 0.090625 0.146875
1 0.5234375 0.3109375 0.078125 0.11640625
1 0.82109375 0.721875 0.1109375 0.1609375
1 0.91953125 0.784375 0.1515625 0.23046875
1 0.9328125 0.87109375 0.13125 0.253125
1 0.4796875 0.4640625 0.1125 0.1109375
1 0.86796875 0.27109375 0.0828125 0.1140625
1 0.1328125 0.271875 0.06875 0.121875
1 0.42890625 0.41953125 0.0984375 0.15
1 0.4296875 0.284375 0.075 0.1140625
1 0.35859375 0.325 0.0828125 0.1390625
1 0.984375 0.31640625 0.028125 0.14453125
1 0.8 0.265625 0.059375 0.103125
1 0.39765625 0.3734375 0.0796875 0.125
1 0.7640625 0.2640625 0.034375 0.08359375
1 0.7296875 0.265625 0.05 0.0640625
1 0.946875 0.278125 0.08125 0.14453125
1 0.56484375 0.603125 0.0953125 0.1890625
1 0.34140625 0.259375 0.0640625 0.075