3 0.3578125 0.2484375 0.140625 0.346875
1 0.59453125 0.346875 0.0984375 0.14453125
1 0.76953125 0.903125 0.1859375 0.1890625
1 0.47109375 0.29609375 0.0859375 0.13046875
1 0.16640625 0.32109375 0.0796875 0.103125
1 0.91796875 0.2875 0.0890625 0.13046875
1 0.77734375 0.265625 0.0703125 0.10859375
1 0.47578125 0.96796875 0.1265625 0.05859375
1 0.71484375 0.26640625 0.0609375 0.071875
1 0.1234375 0.28203125 0.08125 0.125
1 0.27421875 0.290625 0.0515625 0.096875
1 0.98671875 0.315625 0.0234375 0.146875
1 0.23359375 0.29609375 0.0421875 0.075
1 0.978125 0.2625 0.040625 0.096875
1 0.875 0.28359375 0.034375 0.1109375