2 0.81875 0.65859375 0.153125 0.23359375
3 0.38984375 0.25 0.1546875 0.35
1 0.2890625 0.590625 0.15 0.203125
1 0.7828125 0.9109375 0.165625 0.171875
1 0.603125 0.740625 0.121875 0.18046875
1 0.67734375 0.4625 0.1078125 0.153125
1 0.5609375 0.346875 0.1 0.15
1 0.3484375 0.7890625 0.13125 0.178125
1 0.18828125 0.359375 0.0921875 0.146875
1 0.946875 0.87109375 0.103125 0.23046875
1 0.46328125 0.85703125 0.1734375 0.28046875
1 0.5421875 0.625 0.121875 0.15546875
1 0.51875 0.96953125 0.146875 0.05546875
1 0.4796875 0.490625 0.121875 0.175
1 0.70078125 0.8890625 0.1140625 0.178125
1 0.890625 0.278125 0.075 0.11640625
1 0.76328125 0.565625 0.1140625 0.175
1 0.39453125 0.17890625 0.0953125 0.1640625
1 0.14609375 0.2734375 0.0921875 0.14140625
1 0.9765625 0.31640625 0.04375 0.128125
1 0.7921875 0.2484375 0.071875 0.125
1 0.85859375 0.2625 0.0796875 0.11953125
1 0.959375 0.2734375 0.078125 0.15859375
1 0.26171875 0.284375 0.0421875 0.09140625
1 0.29921875 0.28203125 0.0515625 0.14140625
4 0.54609375 0.2765625 0.0984375 0.2140625
1 0.73828125 0.25859375 0.0484375 0.078125
1 0.22578125 0.296875 0.0390625 0.071875
1 0.490625 0.284375 0.0375 0.153125
1 0.69765625 0.2640625 0.0421875 0.0390625