3 0.0796875 0.265625 0.08125 0.1640625
2 0.56640625 0.66953125 0.1390625 0.20546875
8 0.29140625 0.55703125 0.1609375 0.325
6 0.98828125 0.94140625 0.0203125 0.1109375
1 0.7546875 0.921875 0.165625 0.15
1 0.7421875 0.6015625 0.1125 0.153125
1 0.3828125 0.35 0.096875 0.14453125
1 0.20390625 0.33203125 0.0890625 0.14140625
1 0.44296875 0.46640625 0.0953125 0.1390625
1 0.68671875 0.5125 0.1109375 0.1640625
1 0.52734375 0.57890625 0.1171875 0.175
1 0.6421875 0.43046875 0.096875 0.1390625
1 0.9453125 0.2875 0.090625 0.1359375
1 0.5890625 0.359375 0.1125 0.16953125
1 0.50390625 0.53046875 0.1109375 0.178125
1 0.7890625 0.27109375 0.06875 0.09140625
1 0.53828125 0.328125 0.0734375 0.13359375
1 0.50078125 0.3015625 0.0703125 0.125
1 0.25 0.271875 0.05625 0.1
1 0.16328125 0.30859375 0.0703125 0.128125
1 0.3046875 0.278125 0.075 0.121875
1 0.13203125 0.2765625 0.0734375 0.125
1 0.31953125 0.30390625 0.0609375 0.103125
1 0.42734375 0.26640625 0.0671875 0.121875
1 0.47734375 0.284375 0.0765625 0.1359375
1 0.8921875 0.2609375 0.0875 0.15
1 0.7359375 0.27109375 0.05 0.06953125
1 0.38125 0.2484375 0.040625 0.053125
1 0.35546875 0.31796875 0.0765625 0.11953125
1 0.8453125 0.26640625 0.028125 0.09453125
1 0.69375 0.26640625 0.046875 0.04453125