2 0.4546875 0.45 0.109375 0.1609375
3 0.109375 0.21953125 0.1 0.2390625
5 0.359375 0.74453125 0.13125 0.20546875
1 0.27109375 0.521875 0.1078125 0.15
1 0.62421875 0.4234375 0.1046875 0.15859375
1 0.16328125 0.2859375 0.0796875 0.121875
1 0.62890625 0.77109375 0.1484375 0.2140625
1 0.2890625 0.284375 0.078125 0.10859375
1 0.51171875 0.5765625 0.1140625 0.146875
1 0.7890625 0.6265625 0.128125 0.15859375
1 0.46484375 0.2859375 0.0796875 0.1390625
1 0.578125 0.6734375 0.121875 0.175
1 0.684375 0.884375 0.115625 0.19140625
1 0.35 0.284375 0.040625 0.09140625
1 0.5734375 0.359375 0.1 0.1640625
1 0.765625 0.584375 0.115625 0.16953125
3 0.84921875 0.8375 0.2296875 0.196875
1 0.225 0.309375 0.053125 0.0640625
1 0.415625 0.265625 0.065625 0.125
1 0.525 0.325 0.075 0.128125
1 0.90234375 0.28203125 0.0640625 0.125
1 0.990625 0.3265625 0.015625 0.1359375
1 0.7859375 0.246875 0.06875 0.1109375
1 0.8171875 0.2640625 0.053125 0.1109375
1 0.86796875 0.26796875 0.0390625 0.11953125
1 0.84921875 0.265625 0.0390625 0.11953125
1 0.38125 0.278125 0.040625 0.10546875
3 0.8390625 0.95546875 0.31875 0.08359375
1 0.96484375 0.3109375 0.0671875 0.121875
1 0.7109375 0.25390625 0.034375 0.05859375