3 0.62578125 0.6375 0.2359375 0.525
1 0.45078125 0.41640625 0.1109375 0.16640625
1 0.89609375 0.8109375 0.1390625 0.18359375
1 0.8375 0.684375 0.13125 0.196875
1 0.4125 0.925 0.153125 0.14453125
1 0.12734375 0.29296875 0.0703125 0.0859375
1 0.92890625 0.29296875 0.0765625 0.11953125
1 0.40234375 0.36953125 0.0859375 0.1609375
1 0.35390625 0.75390625 0.1328125 0.196875
1 0.36171875 0.31953125 0.0828125 0.1390625
1 0.571875 0.34140625 0.090625 0.0890625
1 0.9765625 0.31796875 0.04375 0.125
1 0.28125 0.28203125 0.0625 0.096875
1 0.378125 0.8484375 0.146875 0.2359375
1 0.22109375 0.30390625 0.0609375 0.08046875
1 0.3140625 0.30859375 0.046875 0.1109375
1 0.896875 0.26953125 0.075 0.128125
1 0.84921875 0.26796875 0.0453125 0.1140625
1 0.825 0.246875 0.075 0.13359375
1 0.76484375 0.25390625 0.0609375 0.09140625
1 0.41484375 0.2609375 0.0609375 0.08359375
1 0.74296875 0.56796875 0.0453125 0.146875
1 0.3703125 0.2375 0.05 0.046875
1 0.978125 0.23203125 0.040625 0.08046875
1 0.93359375 0.21640625 0.0546875 0.05
1 0.46484375 0.98359375 0.1390625 0.028125
1 0.33203125 0.25 0.0296875 0.03359375