2 0.33125 0.725 0.15 0.228125
3 0.21328125 0.296875 0.1421875 0.34453125
3 0.09375 0.23046875 0.109375 0.228125
1 0.68203125 0.89296875 0.1390625 0.1859375
1 0.52890625 0.6015625 0.1296875 0.19140625
1 0.79921875 0.66796875 0.1453125 0.21953125
1 0.42109375 0.4015625 0.0984375 0.153125
1 0.40234375 0.915625 0.1515625 0.1640625
1 0.63046875 0.7484375 0.1421875 0.21953125
1 0.6046875 0.3984375 0.103125 0.15859375
1 0.95625 0.290625 0.084375 0.14140625
1 0.35234375 0.315625 0.0921875 0.13046875
1 0.684375 0.47890625 0.125 0.1859375
1 0.5421875 0.32890625 0.084375 0.16953125
1 0.75234375 0.58046875 0.1359375 0.2
1 0.81640625 0.96796875 0.1265625 0.05859375
1 0.9625 0.8765625 0.071875 0.24140625
1 0.84921875 0.27109375 0.0671875 0.125
1 0.90546875 0.27109375 0.0703125 0.1359375
1 0.4796875 0.28203125 0.075 0.11953125
1 0.77109375 0.2734375 0.0671875 0.09140625
1 0.4 0.27109375 0.071875 0.103125
1 0.5015625 0.328125 0.04375 0.128125
1 0.3 0.26953125 0.059375 0.1109375
1 0.72109375 0.26796875 0.0484375 0.05859375
1 0.99296875 0.3484375 0.0109375 0.096875