3 0.45390625 0.784375 0.2859375 0.41953125
1 0.57890625 0.35390625 0.1078125 0.153125
1 0.65546875 0.82890625 0.1484375 0.225
1 0.7265625 0.59140625 0.11875 0.14453125
1 0.465625 0.47109375 0.103125 0.1359375
1 0.1203125 0.29453125 0.06875 0.0890625
1 0.43671875 0.278125 0.0796875 0.11640625
1 0.77109375 0.2625 0.0703125 0.10859375
1 0.96796875 0.303125 0.0609375 0.13359375
0 0.92578125 0.853125 0.1453125 0.2890625
1 0.2484375 0.29140625 0.065625 0.08359375
1 0.284375 0.68046875 0.06875 0.16640625
1 0.85703125 0.2609375 0.0796875 0.121875
1 0.53359375 0.54140625 0.1109375 0.13359375
1 0.59765625 0.70703125 0.1046875 0.19140625
1 0.80234375 0.70703125 0.1234375 0.15859375
1 0.91953125 0.29140625 0.0734375 0.1109375
1 0.709375 0.26640625 0.05625 0.05546875
1 0.384375 0.26640625 0.05625 0.11640625
1 0.2296875 0.28046875 0.059375 0.09453125
1 0.8203125 0.25390625 0.034375 0.103125
1 0.52109375 0.578125 0.0984375 0.08359375
1 0.9078125 0.23203125 0.034375 0.0359375
1 0.9703125 0.21796875 0.05625 0.05859375