3 0.34296875 0.61796875 0.2171875 0.51953125
1 0.9421875 0.87890625 0.1125 0.21953125
1 0.5984375 0.71640625 0.128125 0.171875
1 0.86875 0.7234375 0.128125 0.19140625
1 0.1796875 0.296875 0.084375 0.1390625
1 0.7296875 0.54296875 0.11875 0.2140625
1 0.5546875 0.653125 0.11875 0.1890625
1 0.49375 0.5125 0.109375 0.1640625
1 0.80078125 0.678125 0.0984375 0.1609375
1 0.5265625 0.33203125 0.084375 0.125
1 0.66484375 0.459375 0.1140625 0.1859375
1 0.2640625 0.2890625 0.0625 0.0890625
1 0.95546875 0.284375 0.0828125 0.1359375
1 0.4796875 0.3015625 0.06875 0.10859375
1 0.47265625 0.43046875 0.0984375 0.1390625
1 0.34453125 0.309375 0.0828125 0.10859375
1 0.82734375 0.25859375 0.0609375 0.11640625
1 0.7171875 0.24296875 0.06875 0.103125
1 0.37109375 0.34296875 0.0953125 0.0859375
1 0.23125 0.28046875 0.040625 0.08359375
1 0.4328125 0.28046875 0.06875 0.09453125
1 0.9921875 0.31796875 0.0125 0.15859375
1 0.94140625 0.21640625 0.0546875 0.05
1 0.89375 0.28046875 0.06875 0.1109375
1 0.875 0.265625 0.071875 0.11953125
1 0.41953125 0.2625 0.0609375 0.0859375
1 0.31796875 0.2875 0.0609375 0.103125
1 0.778125 0.2484375 0.059375 0.103125