3 0.19921875 0.234375 0.1421875 0.3359375
1 0.521875 0.5984375 0.14375 0.20859375
1 0.61796875 0.784375 0.1390625 0.196875
1 0.43203125 0.4234375 0.1046875 0.15859375
1 0.81484375 0.69296875 0.1203125 0.18046875
1 0.4546875 0.921875 0.165625 0.15
1 0.33359375 0.303125 0.0796875 0.121875
1 0.69609375 0.53203125 0.1078125 0.146875
1 0.6203125 0.41640625 0.115625 0.18359375
1 0.8390625 0.959375 0.159375 0.075
1 0.5328125 0.34453125 0.084375 0.128125
1 0.96171875 0.296875 0.0734375 0.1390625
1 0.76640625 0.61796875 0.1078125 0.15859375
1 0.8125 0.2640625 0.071875 0.1
1 0.7265625 0.25859375 0.0625 0.071875
1 0.11015625 0.28046875 0.0546875 0.1109375
1 0.425 0.284375 0.05 0.096875
1 0.875 0.2734375 0.065625 0.10859375
1 0.2875 0.290625 0.053125 0.10859375
1 0.93203125 0.278125 0.0765625 0.13359375
1 0.475 0.28046875 0.06875 0.128125
1 0.51015625 0.2984375 0.0890625 0.14140625
1 0.3765625 0.2890625 0.03125 0.078125
1 0.96015625 0.215625 0.0578125 0.04140625