3 0.16953125 0.225 0.1328125 0.321875
1 0.61640625 0.75 0.1390625 0.2390625
1 0.3359375 0.675 0.121875 0.19453125
1 0.815625 0.7 0.128125 0.16640625
1 0.49296875 0.5015625 0.1109375 0.146875
1 0.74375 0.59609375 0.11875 0.18046875
1 0.26875 0.4875 0.109375 0.16953125
1 0.33515625 0.2875 0.0890625 0.1359375
1 0.5421875 0.671875 0.115625 0.1609375
1 0.9140625 0.284375 0.0875 0.13046875
1 0.4046875 0.278125 0.065625 0.10546875
1 0.82578125 0.25859375 0.0765625 0.1109375
1 0.984375 0.25859375 0.028125 0.1109375
1 0.9375 0.2390625 0.075 0.121875
1 0.26015625 0.278125 0.0671875 0.1109375
1 0.71953125 0.265625 0.0390625 0.053125
1 0.77734375 0.246875 0.0609375 0.1109375