8 0.2734375 0.5265625 0.153125 0.29140625
3 0.07578125 0.275 0.0765625 0.15546875
2 0.53828125 0.62890625 0.1359375 0.196875
1 0.71953125 0.896875 0.1578125 0.2
1 0.71796875 0.5640625 0.1109375 0.15
1 0.36953125 0.33203125 0.0953125 0.14140625
1 0.1984375 0.31796875 0.0875 0.1359375
1 0.6671875 0.478125 0.109375 0.1609375
1 0.8078125 0.27109375 0.071875 0.096875
1 0.42265625 0.4359375 0.0890625 0.13359375
1 0.9609375 0.296875 0.075 0.1390625
1 0.50390625 0.5375 0.1140625 0.16953125
1 0.8421875 0.96640625 0.128125 0.0609375
1 0.5703125 0.3390625 0.109375 0.16640625
1 0.6203125 0.40703125 0.09375 0.1359375
1 0.965625 0.890625 0.065625 0.2140625
1 0.153125 0.303125 0.065625 0.121875
1 0.4875 0.490625 0.115625 0.16953125
1 0.51953125 0.315625 0.0703125 0.13046875
1 0.70703125 0.2609375 0.0515625 0.05546875
1 0.9859375 0.9359375 0.025 0.121875
1 0.12578125 0.27890625 0.0734375 0.125
1 0.48359375 0.29453125 0.0703125 0.121875
1 0.75078125 0.271875 0.0546875 0.078125
1 0.91484375 0.26640625 0.0890625 0.15
1 0.3265625 0.309375 0.040625 0.1140625
1 0.24375 0.275 0.05 0.1
1 0.3046875 0.2984375 0.05625 0.103125
1 0.29375 0.2765625 0.071875 0.1140625
1 0.46640625 0.2484375 0.0671875 0.075
1 0.86328125 0.2640625 0.0359375 0.09453125
1 0.4171875 0.24453125 0.0625 0.078125
1 0.37109375 0.246875 0.0390625 0.04453125