3 0.22421875 0.309375 0.1546875 0.39140625
1 0.63125 0.81953125 0.140625 0.221875
1 0.71640625 0.5359375 0.1140625 0.178125
1 0.80390625 0.93359375 0.1609375 0.128125
1 0.47734375 0.51953125 0.1171875 0.15
1 0.61875 0.42109375 0.096875 0.1359375
1 0.93046875 0.86953125 0.1359375 0.23359375
1 0.57421875 0.68046875 0.1265625 0.1609375
1 0.88359375 0.765625 0.1359375 0.196875
1 0.453125 0.275 0.0875 0.14453125
1 0.584375 0.359375 0.08125 0.1359375
1 0.84375 0.26953125 0.065625 0.11640625
1 0.9828125 0.3125 0.03125 0.153125
1 0.90625 0.2859375 0.071875 0.1109375
1 0.4546875 0.421875 0.11875 0.178125
1 0.69453125 0.259375 0.0609375 0.053125
1 0.9578125 0.3 0.05625 0.11640625
1 0.796875 0.265625 0.05625 0.096875
1 0.4 0.28359375 0.040625 0.0890625
1 0.74453125 0.2640625 0.0421875 0.071875
1 0.88125 0.27109375 0.040625 0.1140625
1 0.9734375 0.228125 0.04375 0.05
1 0.92734375 0.23046875 0.0671875 0.05546875
1 0.0859375 0.30390625 0.03125 0.0640625