3 0.1796875 0.24296875 0.15 0.34140625
3 0.4578125 0.7734375 0.221875 0.446875
1 0.7015625 0.521875 0.121875 0.18359375
1 0.75859375 0.91640625 0.1578125 0.1609375
1 0.58203125 0.35390625 0.1046875 0.16953125
1 0.84765625 0.7265625 0.1359375 0.2359375
1 0.43125 0.41953125 0.115625 0.171875
1 0.615625 0.765625 0.13125 0.203125
1 0.9359375 0.859375 0.125 0.1859375
1 0.95859375 0.30390625 0.0796875 0.11953125
1 0.79609375 0.6859375 0.1234375 0.18359375
1 0.80546875 0.25859375 0.0734375 0.11640625
1 0.5109375 0.3125 0.075 0.13046875
1 0.3109375 0.61640625 0.115625 0.2
1 0.37265625 0.3375 0.0859375 0.1359375
1 0.9765625 0.909375 0.04375 0.175
1 0.42109375 0.278125 0.0703125 0.1109375
1 0.58828125 0.675 0.0953125 0.121875
1 0.88359375 0.2734375 0.0828125 0.13046875
1 0.73984375 0.275 0.0640625 0.078125
1 0.3015625 0.28046875 0.065625 0.11640625
1 0.33515625 0.309375 0.0703125 0.1140625
1 0.70234375 0.25859375 0.0515625 0.05546875
1 0.99140625 0.27890625 0.0140625 0.14140625
1 0.3625 0.24296875 0.0375 0.046875
1 0.26484375 0.27890625 0.0359375 0.103125