3 0.3171875 0.546875 0.203125 0.4890625
1 0.73359375 0.90390625 0.1578125 0.1859375
1 0.85390625 0.771875 0.1296875 0.178125
1 0.52421875 0.6 0.1140625 0.171875
1 0.7828125 0.64609375 0.14375 0.20859375
1 0.70859375 0.54140625 0.1234375 0.19453125
1 0.89453125 0.271875 0.0890625 0.13359375
1 0.1875 0.36640625 0.08125 0.15546875
1 0.6046875 0.37109375 0.1 0.146875
1 0.640625 0.475 0.096875 0.14453125
1 0.4984375 0.296875 0.078125 0.121875
1 0.47578125 0.54609375 0.1015625 0.146875
1 0.83046875 0.25703125 0.0640625 0.1140625
1 0.5578125 0.3375 0.06875 0.13046875
1 0.959375 0.89140625 0.078125 0.2109375
1 0.78203125 0.25859375 0.0578125 0.1109375
1 0.43984375 0.45703125 0.0890625 0.13046875
1 0.4125 0.35546875 0.075 0.1
1 0.440625 0.2875 0.059375 0.09140625
1 0.9671875 0.2484375 0.0625 0.1140625
1 0.740625 0.26796875 0.0375 0.06953125
1 0.34375 0.28359375 0.0875 0.05546875
1 0.70234375 0.27109375 0.0453125 0.0359375
1 0.98828125 0.2515625 0.0203125 0.1140625