4 0.3609375 0.66640625 0.153125 0.3109375
1 0.70390625 0.55546875 0.1171875 0.178125
1 0.52421875 0.59140625 0.1140625 0.171875
1 0.23203125 0.44140625 0.1015625 0.14453125
1 0.39296875 0.365625 0.0890625 0.125
1 0.57890625 0.36953125 0.1015625 0.15
1 0.9171875 0.7890625 0.153125 0.1890625
1 0.9296875 0.29296875 0.0875 0.11953125
1 0.4625 0.484375 0.10625 0.1359375
1 0.4421875 0.28046875 0.071875 0.10546875
1 0.1515625 0.2890625 0.065625 0.1
1 0.6546875 0.4734375 0.103125 0.1359375
1 0.95234375 0.90546875 0.0921875 0.18359375
1 0.340625 0.30859375 0.08125 0.11640625
1 0.85546875 0.2734375 0.0734375 0.11953125
1 0.2078125 0.340625 0.084375 0.11953125
1 0.521875 0.33203125 0.071875 0.1140625
1 0.79296875 0.259375 0.0671875 0.1140625
1 0.2625 0.28359375 0.053125 0.09453125
1 0.75625 0.921875 0.371875 0.15
1 0.7421875 0.24609375 0.065625 0.10859375
1 0.325 0.2765625 0.0875 0.146875
1 0.9703125 0.24296875 0.05625 0.1140625
1 0.88828125 0.24296875 0.0359375 0.0640625