4 0.78125 0.5734375 0.146875 0.303125
3 0.2734375 0.4234375 0.178125 0.453125
6 0.4203125 0.94296875 0.078125 0.10859375
1 0.5265625 0.565625 0.1125 0.175
1 0.69921875 0.8765625 0.1515625 0.225
1 0.84375 0.82109375 0.159375 0.2359375
1 0.3953125 0.378125 0.096875 0.171875
1 0.6734375 0.4984375 0.096875 0.1359375
1 0.4828125 0.49609375 0.11875 0.16953125
1 0.6296875 0.42109375 0.096875 0.13046875
1 0.58671875 0.36953125 0.0890625 0.14453125
1 0.85078125 0.26953125 0.0703125 0.11640625
1 0.1671875 0.315625 0.05 0.1140625
1 0.98828125 0.32109375 0.0203125 0.13046875
1 0.9671875 0.3140625 0.0625 0.128125
1 0.140625 0.2859375 0.0625 0.10546875
1 0.56171875 0.3234375 0.0984375 0.175
1 0.384375 0.259375 0.059375 0.08046875
1 0.921875 0.29609375 0.065625 0.1140625
1 0.7859375 0.2625 0.046875 0.103125
1 0.43515625 0.278125 0.0515625 0.128125
2 0.5046875 0.29140625 0.075 0.16640625
1 0.35390625 0.29296875 0.0296875 0.08046875
1 0.72578125 0.25703125 0.0546875 0.06953125
1 0.08984375 0.315625 0.0484375 0.05859375