2 0.665625 0.465625 0.128125 0.19140625
2 0.41015625 0.8234375 0.1546875 0.2359375
1 0.603125 0.73046875 0.134375 0.18359375
1 0.49765625 0.484375 0.1109375 0.1859375
1 0.76953125 0.92109375 0.1609375 0.153125
1 0.33515625 0.65 0.1265625 0.228125
1 0.7828125 0.62890625 0.13125 0.19140625
1 0.83671875 0.7234375 0.1328125 0.19140625
1 0.5890625 0.353125 0.1 0.16640625
1 0.16953125 0.309375 0.0828125 0.13046875
1 0.42734375 0.40546875 0.0921875 0.15546875
1 0.2796875 0.278125 0.06875 0.10546875
1 0.28125 0.521875 0.125 0.178125
1 0.7171875 0.87109375 0.15 0.21953125
1 0.93125 0.83359375 0.13125 0.21640625
1 0.95703125 0.2875 0.0828125 0.13046875
1 0.509375 0.29609375 0.090625 0.146875
1 0.8953125 0.278125 0.075 0.128125
1 0.83984375 0.2609375 0.0640625 0.1109375
1 0.77890625 0.26796875 0.0671875 0.09140625
1 0.23203125 0.28359375 0.0484375 0.09453125
1 0.334375 0.30390625 0.040625 0.05859375
1 0.728125 0.25703125 0.05625 0.075
1 0.3765625 0.28046875 0.046875 0.09453125
1 0.9625 0.896875 0.071875 0.2
1 0.9234375 0.971875 0.0875 0.05
1 0.14375 0.2859375 0.065625 0.11640625
1 0.121875 0.271875 0.075 0.121875
1 0.9859375 0.228125 0.025 0.071875
1 0.5125 0.328125 0.078125 0.0890625