3 0.20390625 0.28203125 0.1484375 0.375
1 0.44296875 0.42109375 0.1171875 0.1859375
1 0.746875 0.62890625 0.121875 0.1640625
1 0.56640625 0.47109375 0.1015625 0.1640625
1 0.8453125 0.26640625 0.075 0.11640625
1 0.37265625 0.33203125 0.0828125 0.125
1 0.3078125 0.28046875 0.06875 0.11640625
1 0.5859375 0.378125 0.10625 0.16640625
1 0.93046875 0.2734375 0.0984375 0.153125
1 0.53828125 0.32109375 0.0765625 0.13046875
1 0.7875 0.26796875 0.05625 0.09140625
1 0.47890625 0.30546875 0.0671875 0.0890625
1 0.44609375 0.26953125 0.0734375 0.1109375
1 0.12421875 0.28359375 0.0328125 0.1109375
1 0.984375 0.31953125 0.028125 0.13359375
1 0.27890625 0.24140625 0.0328125 0.06640625
1 0.73359375 0.259375 0.0578125 0.08046875
1 0.38046875 0.25859375 0.0703125 0.05
1 0.0890625 0.32109375 0.053125 0.046875