4 0.6171875 0.3609375 0.121875 0.25546875
2 0.9453125 0.86640625 0.10625 0.2609375
3 0.20546875 0.26953125 0.1515625 0.36640625
6 0.3125 0.6765625 0.059375 0.13046875
1 0.82578125 0.703125 0.1265625 0.16640625
1 0.415625 0.3734375 0.09375 0.146875
1 0.53984375 0.60390625 0.1265625 0.16953125
1 0.8046875 0.959375 0.128125 0.075
1 0.53515625 0.340625 0.0703125 0.11953125
1 0.36875 0.33359375 0.0875 0.15
1 0.97109375 0.31953125 0.0546875 0.128125
1 0.31171875 0.284375 0.0796875 0.14140625
1 0.515625 0.553125 0.115625 0.178125
1 0.871875 0.27109375 0.065625 0.11953125
1 0.59921875 0.89609375 0.2203125 0.203125
1 0.50234375 0.309375 0.0703125 0.10859375
1 0.72734375 0.853125 0.0609375 0.228125
1 0.47578125 0.28359375 0.0703125 0.1109375
1 0.690625 0.25703125 0.053125 0.053125
1 0.45625 0.246875 0.078125 0.10546875
1 0.93359375 0.296875 0.0703125 0.11640625
1 0.0953125 0.315625 0.034375 0.05859375
1 0.12265625 0.2875 0.0359375 0.09140625
1 0.75 0.2640625 0.040625 0.078125
1 0.8140625 0.259375 0.059375 0.10859375