3 0.34921875 0.6515625 0.2171875 0.54140625
1 0.671875 0.790625 0.15 0.24140625
1 0.74609375 0.60390625 0.1203125 0.18046875
1 0.49765625 0.578125 0.1109375 0.171875
1 0.83671875 0.27109375 0.0796875 0.10859375
1 0.9515625 0.296875 0.084375 0.121875
1 0.10390625 0.296875 0.0671875 0.0890625
1 0.2765625 0.2859375 0.06875 0.09453125
1 0.8890625 0.25546875 0.05625 0.09453125
1 0.7171875 0.259375 0.0625 0.06953125
1 0.96796875 0.221875 0.0609375 0.0609375
1 0.4671875 0.4609375 0.096875 0.16640625
1 0.8578125 0.21640625 0.028125 0.03359375
1 0.10546875 0.29609375 0.0921875 0.1359375
1 0.98984375 0.33046875 0.0171875 0.128125