3 0.24140625 0.3390625 0.1578125 0.4109375
0 0.71484375 0.1875 0.1046875 0.1859375
3 0.09296875 0.2375 0.1015625 0.21953125
1 0.65703125 0.87109375 0.1484375 0.196875
6 0.13671875 0.3 0.0328125 0.078125
1 0.85546875 0.7390625 0.1390625 0.20546875
1 0.40546875 0.35859375 0.0921875 0.15
1 0.77265625 0.62109375 0.1265625 0.203125
1 0.6171875 0.71953125 0.15625 0.228125
1 0.51875 0.30703125 0.09375 0.14140625
1 0.440625 0.9140625 0.159375 0.16640625
1 0.96796875 0.8890625 0.0609375 0.21640625
1 0.74609375 0.53203125 0.1171875 0.175
1 0.9796875 0.31953125 0.0375 0.14453125
1 0.89375 0.27890625 0.065625 0.125
1 0.3578125 0.30390625 0.084375 0.146875
1 0.47265625 0.271875 0.0765625 0.128125
1 0.8046875 0.26953125 0.05 0.1
1 0.95 0.309375 0.05625 0.11953125
1 0.95390625 0.28203125 0.0890625 0.153125
1 0.73828125 0.246875 0.0640625 0.0890625
1 0.7890625 0.259375 0.059375 0.103125
1 0.846875 0.265625 0.053125 0.11953125
1 0.4203125 0.265625 0.0375 0.0640625