3 0.11875 0.2140625 0.115625 0.25
1 0.74375 0.94140625 0.1625 0.1109375
1 0.546875 0.603125 0.121875 0.178125
1 0.3921875 0.36796875 0.096875 0.14140625
1 0.265625 0.478125 0.115625 0.171875
1 0.89921875 0.9125 0.1484375 0.16953125
1 0.5421875 0.321875 0.084375 0.128125
1 0.5078125 0.51796875 0.10625 0.14140625
1 0.8703125 0.278125 0.078125 0.1109375
1 0.95 0.29453125 0.084375 0.11640625
1 0.28984375 0.271875 0.0671875 0.10546875
1 0.9359375 0.80859375 0.125 0.21640625
1 0.35625 0.296875 0.090625 0.14453125
1 0.23828125 0.29296875 0.0515625 0.08046875
1 0.47890625 0.29609375 0.0671875 0.10859375
2 0.4328125 0.25703125 0.075 0.1140625
1 0.8171875 0.25703125 0.0625 0.10859375
1 0.51484375 0.30703125 0.0640625 0.10859375
1 0.990625 0.3265625 0.015625 0.11953125
1 0.7484375 0.2640625 0.04375 0.071875
1 0.7765625 0.27109375 0.0375 0.09140625
1 0.9875 0.2375 0.021875 0.09140625
1 0.72109375 0.253125 0.0546875 0.06640625
1 0.91796875 0.22109375 0.0515625 0.053125
1 0.95703125 0.221875 0.0484375 0.04453125