3 0.3046875 0.4734375 0.190625 0.4640625
2 0.45625 0.96953125 0.11875 0.05546875
1 0.6328125 0.425 0.10625 0.1390625
1 0.88515625 0.271875 0.0828125 0.121875
5 0.16953125 0.296875 0.0859375 0.14453125
1 0.98046875 0.3125 0.0359375 0.153125
1 0.77578125 0.26796875 0.0640625 0.09140625
1 0.11640625 0.29140625 0.0359375 0.09453125
1 0.834375 0.259375 0.065625 0.11953125
1 0.93203125 0.259375 0.0453125 0.09140625
1 0.728125 0.25859375 0.05 0.071875
1 0.4375 0.2765625 0.04375 0.11953125
1 0.9640625 0.2640625 0.03125 0.071875
1 0.69609375 0.2625 0.0234375 0.04140625