0 0.42265625 0.77109375 0.2515625 0.453125
1 0.71796875 0.875 0.1578125 0.24453125
1 0.93203125 0.84296875 0.1328125 0.225
1 0.39453125 0.34609375 0.0890625 0.125
1 0.590625 0.3625 0.09375 0.125
1 0.48984375 0.284375 0.0828125 0.13046875
1 0.2921875 0.28359375 0.071875 0.1
1 0.709375 0.5375 0.10625 0.146875
1 0.9609375 0.3015625 0.075 0.125
1 0.80625 0.68046875 0.134375 0.1890625
1 0.853125 0.81953125 0.090625 0.18359375
1 0.56796875 0.66796875 0.1140625 0.16953125
1 0.87890625 0.2625 0.0734375 0.1359375
1 0.240625 0.2859375 0.05 0.0890625
1 0.52734375 0.5640625 0.1078125 0.10546875
1 0.13984375 0.2859375 0.0765625 0.1
1 0.83359375 0.25859375 0.0484375 0.121875
1 0.93671875 0.278125 0.0703125 0.121875
1 0.78828125 0.621875 0.1234375 0.18359375
1 0.42890625 0.28203125 0.0546875 0.0859375
1 0.75078125 0.25390625 0.0421875 0.0859375
1 0.7140625 0.25859375 0.04375 0.05546875
1 0.14140625 0.23359375 0.0703125 0.05