2 0.76796875 0.85390625 0.1921875 0.2640625
4 0.44453125 0.24296875 0.0859375 0.15859375
2 0.41015625 0.384375 0.1109375 0.16953125
2 0.2015625 0.309375 0.096875 0.15859375
1 0.35078125 0.796875 0.1296875 0.178125
1 0.6421875 0.44453125 0.1 0.14453125
1 0.59765625 0.715625 0.1296875 0.175
1 0.52109375 0.3265625 0.0921875 0.1140625
1 0.76953125 0.9375 0.1515625 0.11953125
1 0.4734375 0.96953125 0.13125 0.05546875
1 0.29765625 0.2859375 0.0703125 0.1
1 0.91484375 0.2859375 0.0765625 0.1109375
1 0.97265625 0.3109375 0.0515625 0.13359375
1 0.59921875 0.3765625 0.0921875 0.13046875
1 0.7828125 0.2625 0.0625 0.103125
1 0.97421875 0.9140625 0.0484375 0.16640625
1 0.73046875 0.259375 0.0578125 0.075
1 0.12265625 0.290625 0.0796875 0.103125
1 0.3625 0.296875 0.065625 0.08359375
1 0.88203125 0.27890625 0.0671875 0.1140625
1 0.8375 0.265625 0.0625 0.096875
1 0.25859375 0.2875 0.0328125 0.09140625
1 0.959375 0.24296875 0.0625 0.06953125