8 0.871875 0.14296875 0.128125 0.1640625
2 0.490625 0.50859375 0.13125 0.19453125
6 0.56015625 0.7125 0.0640625 0.153125
1 0.6921875 0.85859375 0.1375 0.1890625
1 0.321875 0.63359375 0.121875 0.20546875
1 0.60859375 0.3984375 0.1015625 0.146875
1 0.1765625 0.32890625 0.08125 0.1140625
1 0.4125 0.39140625 0.096875 0.1390625
1 0.5078125 0.30546875 0.078125 0.128125
1 0.56953125 0.34609375 0.0890625 0.146875
1 0.97109375 0.3015625 0.0546875 0.14140625
1 0.7546875 0.25 0.06875 0.10546875
1 0.86171875 0.25546875 0.0703125 0.1390625
1 0.37578125 0.3390625 0.0828125 0.1390625
1 0.809375 0.2625 0.053125 0.096875
1 0.096875 0.290625 0.04375 0.09140625
1 0.33671875 0.2859375 0.1046875 0.14453125
1 0.43203125 0.284375 0.0421875 0.09140625
1 0.159375 0.3 0.06875 0.10546875
1 0.475 0.27890625 0.065625 0.10859375
1 0.93125 0.26796875 0.090625 0.1640625
1 0.14453125 0.27109375 0.0703125 0.11953125
1 0.71328125 0.25390625 0.0328125 0.0640625