3 0.2984375 0.51953125 0.196875 0.48359375
1 0.70234375 0.88359375 0.1453125 0.21640625
1 0.5890625 0.36796875 0.103125 0.153125
1 0.496875 0.571875 0.115625 0.15546875
1 0.73359375 0.56796875 0.1171875 0.16953125
1 0.628125 0.78203125 0.159375 0.24140625
1 0.43046875 0.4125 0.0984375 0.153125
1 0.66484375 0.496875 0.1046875 0.128125
1 0.825 0.71796875 0.153125 0.23046875
1 0.9671875 0.30703125 0.0625 0.13046875
1 0.153125 0.271875 0.078125 0.1109375
1 0.47578125 0.29140625 0.0765625 0.1109375
1 0.8953125 0.27109375 0.084375 0.13046875
1 0.53125 0.334375 0.075 0.11953125
1 0.75234375 0.265625 0.0703125 0.096875
1 0.82578125 0.24453125 0.0796875 0.121875
1 0.37265625 0.30703125 0.0859375 0.13046875
1 0.18828125 0.359375 0.0515625 0.146875
1 0.2875 0.25703125 0.071875 0.06953125
1 0.42890625 0.28046875 0.0484375 0.0890625
1 0.965625 0.253125 0.065625 0.09453125
0 0.91015625 0.1890625 0.0828125 0.11640625
1 0.36953125 0.2734375 0.0796875 0.0640625
1 0.97578125 0.221875 0.0453125 0.06640625