3 0.3703125 0.2625 0.140625 0.353125
1 0.6140625 0.36640625 0.103125 0.15
1 0.8125 0.92890625 0.19375 0.1359375
1 0.4859375 0.303125 0.0875 0.13359375
1 0.1734375 0.33046875 0.08125 0.10546875
1 0.89765625 0.28359375 0.0828125 0.121875
1 0.97578125 0.30546875 0.0453125 0.14453125
1 0.12734375 0.28203125 0.0859375 0.125
1 0.28203125 0.29296875 0.0546875 0.09140625
1 0.2390625 0.29453125 0.046875 0.078125
1 0.8546875 0.28046875 0.034375 0.10546875
1 0.7 0.26796875 0.05625 0.053125
1 0.76171875 0.26796875 0.0703125 0.103125
1 0.06953125 0.321875 0.0453125 0.0609375
1 0.44296875 0.2765625 0.0421875 0.103125
1 0.965625 0.259375 0.0625 0.096875