2 0.8546875 0.74140625 0.153125 0.23359375
2 0.50703125 0.58359375 0.1296875 0.2
6 0.9328125 0.9359375 0.06875 0.121875
1 0.6796875 0.49609375 0.121875 0.175
1 0.2703125 0.4625 0.10625 0.1640625
1 0.79921875 0.93203125 0.1609375 0.13046875
1 0.565625 0.365625 0.096875 0.146875
1 0.17578125 0.29609375 0.0796875 0.13046875
1 0.78046875 0.60390625 0.1390625 0.20859375
1 0.46015625 0.50390625 0.1078125 0.153125
1 0.303125 0.2765625 0.078125 0.1140625
1 0.8875 0.271875 0.08125 0.121875
1 0.11640625 0.27890625 0.0703125 0.1140625
1 0.43203125 0.42109375 0.0984375 0.1359375
1 0.3796875 0.275 0.0625 0.10546875
1 0.43984375 0.28203125 0.0734375 0.103125
1 0.5125 0.95546875 0.1625 0.08359375
1 0.51953125 0.3125 0.0796875 0.1359375
1 0.9828125 0.3265625 0.03125 0.125
1 0.240625 0.296875 0.05625 0.071875
1 0.83828125 0.2625 0.0609375 0.11953125
1 0.74140625 0.259375 0.0609375 0.075
1 0.80546875 0.2515625 0.0796875 0.11953125
1 0.9671875 0.29140625 0.0625 0.128125
1 0.97734375 0.2109375 0.0421875 0.05546875