2 0.6078125 0.584375 0.14375 0.2140625
2 0.5640625 0.696875 0.13125 0.2
2 0.7578125 0.91640625 0.1625 0.1609375
1 0.48984375 0.30859375 0.0859375 0.13359375
1 0.4078125 0.28359375 0.08125 0.1
1 0.11796875 0.2984375 0.0640625 0.08046875
1 0.23359375 0.29140625 0.0671875 0.08359375
1 0.896875 0.284375 0.078125 0.10859375
1 0.78203125 0.25703125 0.0734375 0.10859375
1 0.34453125 0.29140625 0.0578125 0.08359375
1 0.8421875 0.2625 0.05 0.09140625
1 0.965625 0.29296875 0.065625 0.1359375
1 0.71484375 0.2515625 0.0671875 0.08046875
1 0.9484375 0.225 0.0625 0.06640625
1 0.8859375 0.2515625 0.0625 0.0859375
1 0.98828125 0.3109375 0.0203125 0.14453125