2 0.809375 0.2515625 0.09375 0.1359375
3 0.09453125 0.23203125 0.1078125 0.23046875
1 0.19765625 0.34296875 0.0921875 0.1359375
1 0.83359375 0.76640625 0.1265625 0.1609375
1 0.91640625 0.85 0.1265625 0.178125
1 0.3890625 0.28359375 0.06875 0.09453125
1 0.69140625 0.909375 0.1359375 0.175
1 0.74609375 0.9390625 0.1546875 0.11640625
1 0.9140625 0.275 0.084375 0.128125
1 0.3125 0.30546875 0.040625 0.0609375
1 0.975 0.89296875 0.046875 0.196875
1 0.98671875 0.33046875 0.0234375 0.121875
1 0.68828125 0.2640625 0.0578125 0.04453125
1 0.22578125 0.2890625 0.0640625 0.08359375
1 0.96796875 0.2890625 0.0609375 0.13359375
1 0.3421875 0.296875 0.03125 0.06640625
1 0.828125 0.9859375 0.11875 0.021875
1 0.95390625 0.9890625 0.0890625 0.01640625
1 0.6890625 0.2625 0.06875 0.075