3 0.15546875 0.20546875 0.1203125 0.29453125
1 0.40078125 0.884375 0.1421875 0.19140625
1 0.60859375 0.78046875 0.1359375 0.2109375
1 0.265625 0.425 0.10625 0.15546875
1 0.3921875 0.39609375 0.096875 0.13046875
1 0.87109375 0.759375 0.1390625 0.196875
1 0.6875 0.54140625 0.1125 0.16640625
1 0.72265625 0.91796875 0.1515625 0.15859375
1 0.62734375 0.42890625 0.1109375 0.1640625
1 0.7765625 0.634375 0.140625 0.2140625
1 0.2828125 0.28046875 0.071875 0.1109375
1 0.3609375 0.2859375 0.071875 0.09453125
1 0.440625 0.32890625 0.090625 0.15859375
1 0.821875 0.96953125 0.146875 0.05546875
1 0.58671875 0.36640625 0.0921875 0.14453125
1 0.51640625 0.2984375 0.0859375 0.125
1 0.24140625 0.27890625 0.0390625 0.096875
1 0.22109375 0.2859375 0.0234375 0.08359375
1 0.98125 0.31640625 0.034375 0.128125
1 0.81640625 0.26953125 0.0515625 0.10546875
1 0.95546875 0.309375 0.0578125 0.11953125
1 0.778125 0.2484375 0.065625 0.1140625
1 0.85234375 0.26640625 0.0484375 0.11640625
1 0.95546875 0.28203125 0.0859375 0.153125
1 0.48984375 0.25546875 0.0609375 0.0609375
1 0.9890625 0.334375 0.01875 0.13046875
1 0.8984375 0.28359375 0.065625 0.121875