3 0.61015625 0.63359375 0.1921875 0.471875
0 0.91171875 0.19609375 0.1296875 0.29140625
1 0.86171875 0.759375 0.1359375 0.203125
1 0.77890625 0.6484375 0.1265625 0.1859375
1 0.20546875 0.35390625 0.0859375 0.13046875
1 0.54453125 0.31796875 0.0953125 0.14140625
1 0.45859375 0.659375 0.1265625 0.203125
1 0.4171875 0.39453125 0.103125 0.15
1 0.15234375 0.2875 0.0703125 0.11953125
1 0.26484375 0.2765625 0.0671875 0.1140625
1 0.496875 0.94296875 0.165625 0.10859375
1 0.4765625 0.496875 0.1 0.1390625
1 0.496875 0.2984375 0.06875 0.125
1 0.353125 0.32890625 0.059375 0.1140625
1 0.678125 0.46953125 0.09375 0.16640625
1 0.95859375 0.2765625 0.0796875 0.153125
1 0.82890625 0.26640625 0.0609375 0.1
1 0.7640625 0.259375 0.053125 0.103125
1 0.72109375 0.25546875 0.0453125 0.06640625
1 0.32265625 0.30703125 0.0328125 0.0640625
1 0.37734375 0.2515625 0.0328125 0.046875
1 0.98828125 0.325 0.0203125 0.11640625
1 0.403125 0.3484375 0.0875 0.14140625
1 0.6890625 0.2609375 0.034375 0.0390625
1 0.809375 0.25546875 0.05625 0.10546875
1 0.4109375 0.2734375 0.06875 0.075
1 0.21328125 0.28359375 0.0578125 0.08359375