3 0.97890625 0.16796875 0.0390625 0.2859375
5 0.54140625 0.55703125 0.1296875 0.19140625
1 0.33828125 0.615625 0.1203125 0.19140625
1 0.684375 0.521875 0.115625 0.171875
5 0.22578125 0.4765625 0.1171875 0.175
1 0.803125 0.68359375 0.128125 0.171875
1 0.9484375 0.88203125 0.1 0.225
1 0.28359375 0.28359375 0.0703125 0.10546875
1 0.37890625 0.35546875 0.0890625 0.128125
1 0.484375 0.3015625 0.08125 0.1140625
1 0.58515625 0.378125 0.0921875 0.1390625
1 0.95 0.2859375 0.0875 0.1390625
1 0.79375 0.259375 0.065625 0.10859375
1 0.2265625 0.296875 0.059375 0.078125
1 0.36328125 0.27890625 0.0640625 0.0859375
1 0.8578125 0.2640625 0.065625 0.121875
1 0.89609375 0.27890625 0.0609375 0.125
1 0.56953125 0.33359375 0.0828125 0.13359375
1 0.75078125 0.25390625 0.0390625 0.09140625
1 0.71640625 0.25 0.0515625 0.071875
1 0.9265625 0.209375 0.05625 0.0359375