5 0.6921875 0.859375 0.175 0.275
1 0.290625 0.628125 0.121875 0.16640625
1 0.4234375 0.8859375 0.15 0.221875
1 0.22734375 0.40546875 0.0984375 0.15546875
1 0.828125 0.7359375 0.11875 0.16640625
5 0.7875 0.61953125 0.140625 0.228125
1 0.86796875 0.26953125 0.0828125 0.121875
1 0.18203125 0.303125 0.0796875 0.1109375
1 0.55859375 0.6875 0.1234375 0.15859375
1 0.28828125 0.27890625 0.0734375 0.1140625
1 0.9359375 0.79296875 0.125 0.2359375
1 0.60703125 0.80546875 0.1109375 0.20546875
1 0.96953125 0.90859375 0.0578125 0.178125
1 0.7765625 0.26953125 0.06875 0.09453125
1 0.978125 0.3140625 0.040625 0.1390625
1 0.10546875 0.303125 0.0640625 0.08359375
1 0.9234375 0.2484375 0.0625 0.10859375
1 0.71953125 0.2609375 0.0578125 0.071875
1 0.2390625 0.28203125 0.04375 0.096875
1 0.49296875 0.9890625 0.1484375 0.01640625
1 0.97421875 0.2484375 0.0484375 0.10859375
1 0.821875 0.278125 0.025 0.071875