1 0.4921875 0.30390625 0.084375 0.1140625
5 0.55234375 0.571875 0.1328125 0.20546875
5 0.23125 0.49296875 0.121875 0.175
1 0.34375 0.62890625 0.121875 0.203125
1 0.696875 0.54140625 0.11875 0.171875
1 0.81953125 0.70546875 0.1296875 0.178125
1 0.3859375 0.3640625 0.090625 0.128125
1 0.95859375 0.89453125 0.0796875 0.20546875
1 0.5921875 0.3875 0.09375 0.14140625
1 0.28671875 0.278125 0.0671875 0.10546875
1 0.94609375 0.2859375 0.0890625 0.1390625
1 0.790625 0.259375 0.06875 0.10859375
1 0.2296875 0.29296875 0.0625 0.08046875
1 0.3703125 0.27890625 0.065625 0.09140625
1 0.85546875 0.2625 0.0609375 0.11953125
1 0.7484375 0.253125 0.040625 0.0890625
1 0.7140625 0.25 0.053125 0.071875
1 0.89296875 0.2765625 0.0609375 0.125
1 0.57890625 0.340625 0.0890625 0.1359375