8 0.2203125 0.39296875 0.134375 0.25859375
2 0.45390625 0.4890625 0.1203125 0.18359375
1 0.640625 0.43359375 0.1 0.1390625
1 0.60859375 0.75859375 0.1390625 0.21640625
1 0.765625 0.91796875 0.18125 0.15859375
1 0.88984375 0.809375 0.1390625 0.2140625
1 0.87578125 0.2765625 0.0765625 0.10859375
1 0.76171875 0.25703125 0.0640625 0.096875
1 0.69609375 0.865625 0.1421875 0.21953125
1 0.85859375 0.7359375 0.1296875 0.2109375
1 0.81328125 0.26640625 0.0671875 0.1
1 0.32734375 0.29296875 0.0828125 0.1359375
1 0.59609375 0.38046875 0.0953125 0.14453125
1 0.54921875 0.334375 0.0734375 0.125
1 0.96640625 0.93203125 0.0640625 0.13046875
1 0.97734375 0.30390625 0.0421875 0.1640625
1 0.1203125 0.284375 0.053125 0.10859375
1 0.365625 0.35 0.071875 0.128125
1 0.42578125 0.39140625 0.1046875 0.171875
1 0.16953125 0.2890625 0.0671875 0.128125
1 0.50859375 0.27890625 0.0859375 0.13046875
1 0.26640625 0.28046875 0.0609375 0.1109375
1 0.0921875 0.284375 0.034375 0.1140625
1 0.93671875 0.253125 0.0484375 0.10546875
1 0.97265625 0.246875 0.0515625 0.11640625
1 0.88984375 0.24140625 0.0546875 0.06640625
1 0.3796875 0.24140625 0.040625 0.0609375
1 0.42109375 0.240625 0.0640625 0.05859375
1 0.434375 0.26640625 0.0625 0.078125