3 0.89296875 0.825 0.2109375 0.34453125
5 0.6359375 0.74140625 0.146875 0.228125
1 0.5171875 0.309375 0.0875 0.1359375
1 0.17421875 0.3140625 0.0828125 0.11640625
1 0.78359375 0.6625 0.1171875 0.1640625
1 0.5125 0.5640625 0.115625 0.18359375
1 0.5609375 0.6734375 0.11875 0.20859375
1 0.36328125 0.325 0.0828125 0.121875
1 0.28359375 0.2734375 0.0859375 0.11953125
1 0.95078125 0.29609375 0.0890625 0.11953125
1 0.11640625 0.2859375 0.0609375 0.09453125
1 0.46328125 0.496875 0.0984375 0.1390625
1 0.46328125 0.278125 0.0828125 0.14453125
1 0.8828125 0.2734375 0.071875 0.10859375
1 0.8015625 0.26640625 0.05625 0.1
1 0.84609375 0.26796875 0.0578125 0.10859375
1 0.78046875 0.25546875 0.0640625 0.1
1 0.434375 0.25859375 0.075 0.13359375
1 0.715625 0.246875 0.046875 0.071875
1 0.73828125 0.25546875 0.0359375 0.078125
1 0.6828125 0.25546875 0.028125 0.04453125
1 0.3546875 0.27109375 0.059375 0.053125
1 0.8953125 0.21640625 0.059375 0.0609375
1 0.984375 0.22890625 0.028125 0.10859375
1 0.95078125 0.2109375 0.0609375 0.078125