0 0.5109375 0.2234375 0.1375 0.30859375
8 0.3578125 0.521875 0.175 0.33359375
3 0.74375 0.95859375 0.23125 0.078125
1 0.36875 0.79609375 0.13125 0.18046875
1 0.21015625 0.36640625 0.0921875 0.128125
1 0.30390625 0.28359375 0.0671875 0.1
1 0.13828125 0.28203125 0.0734375 0.10859375
1 0.9 0.2734375 0.09375 0.13046875
1 0.97109375 0.29296875 0.0546875 0.175
1 0.25703125 0.2734375 0.0546875 0.096875
1 0.434375 0.41640625 0.084375 0.15546875
1 0.09453125 0.29140625 0.0328125 0.08359375
1 0.790625 0.265625 0.05 0.096875
1 0.8203125 0.265625 0.040625 0.096875
1 0.43046875 0.2765625 0.0390625 0.10859375
1 0.375 0.2890625 0.05625 0.08359375
1 0.721875 0.2640625 0.04375 0.05546875
1 0.41015625 0.2609375 0.0453125 0.1
1 0.7515625 0.25859375 0.028125 0.078125
1 0.86171875 0.25859375 0.0703125 0.128125
1 0.9390625 0.228125 0.05 0.06640625
1 0.19921875 0.30390625 0.0671875 0.06953125