2 0.5734375 0.35390625 0.109375 0.16953125
2 0.25 0.2734375 0.08125 0.1140625
2 0.278125 0.453125 0.115625 0.178125
5 0.4125 0.378125 0.109375 0.15546875
1 0.70625 0.54453125 0.1125 0.15546875
1 0.1375 0.278125 0.078125 0.11640625
1 0.6578125 0.428125 0.1125 0.178125
1 0.95390625 0.89453125 0.0890625 0.20546875
1 0.33671875 0.28359375 0.0703125 0.1
1 0.80546875 0.25390625 0.0796875 0.11953125
1 0.965625 0.30546875 0.065625 0.15
1 0.8671875 0.2609375 0.071875 0.128125
1 0.925 0.290625 0.059375 0.125
1 0.75 0.25 0.059375 0.09453125
1 0.89453125 0.284375 0.0296875 0.10859375
1 0.9375 0.21640625 0.0375 0.04453125