3 0.62890625 0.66640625 0.2265625 0.55
3 0.1515625 0.20859375 0.128125 0.3
2 0.35859375 0.74140625 0.1359375 0.25
1 0.49453125 0.95546875 0.1671875 0.08359375
1 0.91953125 0.82890625 0.1359375 0.175
1 0.83671875 0.75390625 0.1265625 0.16953125
1 0.28828125 0.2859375 0.0765625 0.10546875
1 0.46484375 0.50546875 0.1109375 0.171875
1 0.4890625 0.3 0.08125 0.128125
1 0.77109375 0.621875 0.0859375 0.1890625
1 0.559375 0.3375 0.08125 0.1359375
1 0.628125 0.346875 0.103125 0.1
1 0.79140625 0.259375 0.0703125 0.1140625
1 0.97109375 0.92109375 0.0546875 0.153125
1 0.38125 0.271875 0.05625 0.1109375
1 0.98359375 0.3375 0.0296875 0.125
1 0.45 0.278125 0.071875 0.11640625
1 0.21875 0.290625 0.03125 0.08046875
1 0.41484375 0.2765625 0.0421875 0.103125
1 0.26171875 0.275 0.0734375 0.10546875
1 0.96015625 0.2875 0.0765625 0.13046875
1 0.85703125 0.259375 0.0796875 0.13046875
1 0.97734375 0.3125 0.0421875 0.1359375
1 0.92109375 0.2625 0.0734375 0.13046875
1 0.7140625 0.2609375 0.0625 0.071875