3 0.17890625 0.215625 0.1359375 0.30859375
1 0.3984375 0.8390625 0.15 0.221875
1 0.54765625 0.66640625 0.1265625 0.18359375
1 0.73203125 0.57109375 0.1109375 0.16953125
1 0.4765625 0.49140625 0.13125 0.19453125
1 0.3953125 0.3609375 0.09375 0.14453125
1 0.56875 0.35 0.103125 0.1609375
1 0.80703125 0.9390625 0.1640625 0.11640625
1 0.73203125 0.89140625 0.1421875 0.18359375
1 0.63515625 0.4390625 0.0984375 0.1390625
1 0.48359375 0.30703125 0.0765625 0.11953125
1 0.309375 0.284375 0.075 0.1140625
1 0.84296875 0.26640625 0.0734375 0.10546875
1 0.978125 0.315625 0.040625 0.14140625
1 0.7 0.50390625 0.09375 0.146875
1 0.096875 0.29140625 0.05 0.09453125
1 0.2578125 0.28203125 0.04375 0.096875
1 0.79921875 0.26640625 0.0421875 0.09453125
1 0.7484375 0.25859375 0.059375 0.078125
1 0.9109375 0.265625 0.071875 0.1359375
1 0.9625 0.2875 0.071875 0.14140625
1 0.4671875 0.271875 0.08125 0.128125
1 0.384375 0.26640625 0.05 0.06640625
1 0.42265625 0.253125 0.0359375 0.08359375