2 0.4375 0.4015625 0.121875 0.203125
5 0.28984375 0.2765625 0.0765625 0.11953125
1 0.5859375 0.890625 0.146875 0.19140625
1 0.50625 0.55 0.11875 0.171875
1 0.390625 0.8 0.140625 0.178125
1 0.70390625 0.546875 0.1109375 0.15
1 0.7703125 0.91640625 0.15 0.1609375
1 0.42421875 0.925 0.1734375 0.14453125
1 0.878125 0.778125 0.13125 0.171875
1 0.259375 0.5265625 0.10625 0.14140625
1 0.66953125 0.79453125 0.1421875 0.19453125
1 0.6390625 0.44453125 0.103125 0.128125
1 0.8203125 0.6609375 0.134375 0.19453125
1 0.59375 0.71640625 0.134375 0.1890625
1 0.559375 0.3359375 0.103125 0.14453125
1 0.91640625 0.28359375 0.0828125 0.128125
1 0.1140625 0.29140625 0.06875 0.09453125
1 0.95703125 0.890625 0.0828125 0.2140625
1 0.371875 0.29296875 0.065625 0.08046875
1 0.85546875 0.265625 0.0671875 0.11953125
1 0.9859375 0.31640625 0.025 0.15546875
1 0.46796875 0.2984375 0.0734375 0.11953125
1 0.71953125 0.25546875 0.0578125 0.071875
1 0.23828125 0.2875 0.0421875 0.0859375
1 0.2015625 0.3015625 0.040625 0.0640625
1 0.44453125 0.253125 0.0703125 0.0890625
1 0.0703125 0.325 0.03125 0.04453125
1 0.79296875 0.26796875 0.0765625 0.096875
1 0.7703125 0.25703125 0.053125 0.08046875
1 0.9390625 0.253125 0.059375 0.0890625