5 0.28203125 0.2625 0.0796875 0.13046875
2 0.6421875 0.47890625 0.1125 0.19140625
1 0.84296875 0.725 0.1328125 0.2
1 0.4859375 0.5359375 0.109375 0.16640625
1 0.3328125 0.7109375 0.121875 0.16640625
1 0.62578125 0.75 0.1328125 0.2
1 0.3515625 0.3 0.090625 0.13359375
1 0.39453125 0.890625 0.1484375 0.2140625
1 0.44453125 0.2859375 0.0734375 0.10546875
1 0.78359375 0.26953125 0.0609375 0.09453125
1 0.8390625 0.271875 0.06875 0.10546875
1 0.94453125 0.29453125 0.0703125 0.11640625
1 0.98203125 0.3234375 0.0328125 0.14140625
1 0.39765625 0.275 0.0484375 0.1
1 0.23046875 0.2859375 0.0390625 0.0890625
1 0.89765625 0.28359375 0.0765625 0.11640625
1 0.75703125 0.25703125 0.0578125 0.0859375
1 0.19765625 0.3125 0.0421875 0.053125
1 0.68515625 0.2640625 0.0515625 0.04453125
1 0.9171875 0.21640625 0.065625 0.05
1 0.72265625 0.25859375 0.0265625 0.05546875