0 0.1125 0.228125 0.11875 0.221875
2 0.60859375 0.390625 0.1203125 0.1859375
3 0.565625 0.8375 0.28125 0.3140625
1 0.5296875 0.325 0.08125 0.121875
1 0.73828125 0.87109375 0.1015625 0.21953125
1 0.2296875 0.29140625 0.06875 0.08359375
1 0.7765625 0.25859375 0.05625 0.10546875
1 0.98046875 0.3140625 0.0359375 0.14453125
1 0.89296875 0.2765625 0.0546875 0.125
1 0.84453125 0.26953125 0.0609375 0.10546875
1 0.74140625 0.2484375 0.0421875 0.08046875
1 0.825 0.25546875 0.059375 0.1109375
1 0.7140625 0.253125 0.03125 0.05546875