1 0.6375 0.859375 0.15 0.21953125
1 0.74765625 0.5765625 0.1203125 0.175
1 0.30859375 0.70546875 0.1203125 0.171875
1 0.8328125 0.74296875 0.13125 0.1640625
1 0.4421875 0.4390625 0.103125 0.15
1 0.16171875 0.30703125 0.0828125 0.1140625
1 0.65234375 0.48046875 0.1078125 0.14453125
1 0.58125 0.70546875 0.125 0.16640625
1 0.32890625 0.303125 0.0828125 0.128125
1 0.60546875 0.39453125 0.0921875 0.13359375
1 0.54140625 0.3375 0.0921875 0.13046875
1 0.8421875 0.25859375 0.08125 0.1109375
1 0.409375 0.375 0.096875 0.15
1 0.97265625 0.29140625 0.0515625 0.14453125
1 0.49765625 0.29453125 0.0828125 0.128125
1 0.7765625 0.246875 0.071875 0.11640625
1 0.92265625 0.2640625 0.0859375 0.14453125
1 0.28828125 0.284375 0.0515625 0.103125
1 0.7234375 0.253125 0.046875 0.071875
1 0.4640625 0.26796875 0.065625 0.103125
1 0.41953125 0.259375 0.0390625 0.075
1 0.38046875 0.26953125 0.0484375 0.071875