3 0.61875 0.85 0.39375 0.29453125
2 0.30546875 0.55546875 0.1203125 0.19453125
1 0.48359375 0.51953125 0.1078125 0.171875
1 0.5453125 0.6625 0.13125 0.125
1 0.6703125 0.5 0.109375 0.1390625
1 0.36953125 0.3625 0.0890625 0.1140625
1 0.321875 0.27890625 0.0875 0.14140625
1 0.440625 0.44140625 0.09375 0.1390625
1 0.95625 0.88203125 0.084375 0.23046875
1 0.43984375 0.271875 0.0671875 0.10546875
1 0.50703125 0.30703125 0.0734375 0.1140625
1 0.2609375 0.265625 0.08125 0.1359375
1 0.97265625 0.31953125 0.0515625 0.1390625
1 0.57578125 0.34453125 0.0984375 0.1390625
1 0.7703125 0.91796875 0.09375 0.15859375
1 0.7484375 0.625 0.115625 0.1609375
1 0.87109375 0.265625 0.0703125 0.125
1 0.8140625 0.26640625 0.065625 0.1
1 0.5828125 0.4015625 0.096875 0.1359375
1 0.74140625 0.259375 0.0546875 0.08046875
1 0.38671875 0.28359375 0.0515625 0.08359375
1 0.7421875 0.565625 0.1125 0.14140625
1 0.9234375 0.284375 0.071875 0.125
1 0.79140625 0.25859375 0.0578125 0.1
1 0.95234375 0.2109375 0.0609375 0.05
1 0.98203125 0.23359375 0.0328125 0.05