2 0.44140625 0.5640625 0.1390625 0.28359375
8 0.590625 0.5984375 0.165625 0.35859375
1 0.96328125 0.94453125 0.0703125 0.10546875
1 0.61640625 0.72890625 0.1453125 0.25859375
1 0.3875 0.8 0.1375 0.18359375
1 0.33203125 0.3015625 0.0796875 0.11953125
1 0.7140625 0.90546875 0.15625 0.178125
1 0.35234375 0.53046875 0.0953125 0.178125
1 0.1203125 0.2859375 0.06875 0.1
1 0.271875 0.2734375 0.075 0.1140625
1 0.521875 0.328125 0.084375 0.1109375
1 0.58671875 0.3765625 0.0921875 0.10859375
1 0.790625 0.2625 0.06875 0.096875
1 0.38515625 0.2890625 0.0546875 0.08359375
1 0.96328125 0.275 0.0703125 0.171875
1 0.890625 0.28203125 0.078125 0.1140625
1 0.8390625 0.27109375 0.046875 0.08046875
1 0.459375 0.290625 0.034375 0.103125
1 0.903125 0.234375 0.06875 0.06953125
1 0.49765625 0.29609375 0.0765625 0.125
1 0.74375 0.25703125 0.046875 0.08046875