3 0.0828125 0.25703125 0.1 0.1859375
1 0.37421875 0.79140625 0.1265625 0.18359375
1 0.36640625 0.32109375 0.0890625 0.1359375
1 0.23125 0.38359375 0.1 0.15546875
1 0.74765625 0.57890625 0.1203125 0.1859375
1 0.53203125 0.60546875 0.1171875 0.18359375
1 0.62890625 0.42890625 0.1109375 0.1640625
1 0.49609375 0.50703125 0.1109375 0.16953125
1 0.31328125 0.2875 0.0640625 0.1140625
1 0.7078125 0.5140625 0.096875 0.15546875
1 0.5390625 0.32890625 0.08125 0.1359375
1 0.79375 0.925 0.13125 0.14453125
1 0.87109375 0.28359375 0.0671875 0.1109375
1 0.40859375 0.2734375 0.0828125 0.1140625
1 0.1796875 0.3125 0.078125 0.1359375
1 0.971875 0.8765625 0.053125 0.24140625
1 0.26875 0.2734375 0.05625 0.096875
1 0.49375 0.30546875 0.0625 0.1109375
1 0.58359375 0.3765625 0.0890625 0.146875
1 0.95 0.303125 0.065625 0.11640625
8 0.90234375 0.765625 0.1484375 0.26953125
1 0.9859375 0.3390625 0.025 0.13359375
1 0.83046875 0.2640625 0.0515625 0.1
1 0.93203125 0.28359375 0.0734375 0.121875
1 0.98046875 0.309375 0.0359375 0.13046875
1 0.9703125 0.2109375 0.05625 0.08359375
1 0.7921875 0.259375 0.05625 0.10859375
1 0.709375 0.2640625 0.040625 0.05
1 0.74921875 0.25546875 0.0453125 0.08359375
1 0.8890625 0.215625 0.071875 0.053125