2 0.7296875 0.54609375 0.121875 0.19140625
3 0.3640625 0.23046875 0.1375 0.328125
3 0.09765625 0.2375 0.1046875 0.20859375
3 0.27421875 0.19453125 0.0671875 0.278125
1 0.56171875 0.696875 0.1265625 0.16640625
1 0.4609375 0.4609375 0.109375 0.13359375
1 0.18828125 0.3 0.0828125 0.1109375
1 0.51953125 0.309375 0.0828125 0.1140625
1 0.94453125 0.86953125 0.1078125 0.23359375
1 0.91484375 0.2890625 0.0828125 0.1109375
1 0.8265625 0.2625 0.06875 0.10859375
1 0.74921875 0.25390625 0.0609375 0.09140625
1 0.96640625 0.24453125 0.0640625 0.1109375
1 0.86953125 0.26953125 0.0484375 0.121875
1 0.23359375 0.28203125 0.0328125 0.0859375
1 0.7203125 0.24296875 0.05 0.08046875
1 0.915625 0.21953125 0.053125 0.04453125
1 0.8 0.253125 0.059375 0.1109375
1 0.99453125 0.259375 0.0078125 0.11953125