3 0.40703125 0.2640625 0.1484375 0.33359375
3 0.203125 0.26953125 0.146875 0.35
1 0.64921875 0.44453125 0.1046875 0.16640625
1 0.36640625 0.79296875 0.1390625 0.2140625
1 0.54296875 0.65859375 0.1296875 0.1890625
1 0.7328125 0.90703125 0.159375 0.18046875
1 0.79375 0.634375 0.134375 0.196875
1 0.3109375 0.6234375 0.115625 0.1640625
1 0.959375 0.2984375 0.078125 0.1359375
1 0.4921875 0.54453125 0.109375 0.15546875
1 0.6875 0.7859375 0.13125 0.2109375
1 0.940625 0.8625 0.115625 0.2359375
1 0.84140625 0.2640625 0.0734375 0.11640625
1 0.32109375 0.29296875 0.0515625 0.1359375
1 0.78671875 0.2609375 0.0578125 0.1
1 0.90859375 0.26953125 0.0765625 0.13359375
1 0.70390625 0.2515625 0.0359375 0.0640625
1 0.7296875 0.253125 0.034375 0.071875
1 0.984375 0.228125 0.028125 0.0890625
1 0.290625 0.27109375 0.046875 0.103125
1 0.75390625 0.253125 0.0328125 0.08359375