0 0.16015625 0.22109375 0.1421875 0.296875
0 0.3515625 0.221875 0.13125 0.3
3 0.465625 0.8015625 0.253125 0.39140625
2 0.51796875 0.5640625 0.1140625 0.20546875
1 0.6875 0.528125 0.11875 0.171875
1 0.69453125 0.875 0.1453125 0.21640625
1 0.9 0.790625 0.146875 0.225
1 0.27890625 0.5609375 0.1046875 0.15
1 0.909375 0.271875 0.084375 0.128125
1 0.20234375 0.32890625 0.1015625 0.14140625
1 0.9546875 0.884375 0.0875 0.225
1 0.45703125 0.471875 0.1109375 0.171875
1 0.24609375 0.46953125 0.1015625 0.15546875
1 0.54140625 0.3125 0.0921875 0.14140625
1 0.65078125 0.4484375 0.1078125 0.1640625
1 0.4921875 0.29140625 0.075 0.128125
1 0.340625 0.78046875 0.046875 0.19453125
1 0.08203125 0.29609375 0.0359375 0.0859375
1 0.79375 0.2640625 0.05 0.1
1 0.27109375 0.278125 0.0453125 0.0890625
1 0.75234375 0.25703125 0.0390625 0.0859375
1 0.5890625 0.3640625 0.08125 0.121875
1 0.609375 0.39453125 0.08125 0.128125
1 0.42890625 0.27890625 0.0328125 0.0859375
1 0.46015625 0.28046875 0.0484375 0.11640625
1 0.95625 0.2515625 0.06875 0.096875
1 0.6828125 0.2609375 0.053125 0.0390625
1 0.85 0.26953125 0.05625 0.1
1 0.98828125 0.334375 0.0203125 0.146875