2 0.47265625 0.278125 0.0890625 0.14453125
2 0.75703125 0.6234375 0.1265625 0.19140625
5 0.3265625 0.29140625 0.090625 0.13359375
1 0.19375 0.3125 0.0875 0.1359375
1 0.578125 0.365625 0.09375 0.13046875
1 0.53984375 0.3140625 0.0890625 0.1390625
1 0.7640625 0.27109375 0.06875 0.09140625
1 0.10546875 0.30703125 0.0671875 0.075
1 0.934375 0.275 0.08125 0.13359375
1 0.87421875 0.2640625 0.0734375 0.128125
1 0.8265625 0.24609375 0.06875 0.125
1 0.98203125 0.328125 0.0328125 0.1390625
1 0.8390625 0.259375 0.040625 0.1140625
1 0.97109375 0.3140625 0.0515625 0.121875
1 0.2359375 0.29453125 0.03125 0.071875