3 0.4125 0.27890625 0.153125 0.375
3 0.1671875 0.21953125 0.090625 0.228125
2 0.51640625 0.584375 0.1296875 0.203125
1 0.77734375 0.9234375 0.1671875 0.146875
1 0.2578125 0.50703125 0.10625 0.153125
1 0.61875 0.39296875 0.096875 0.13046875
1 0.92890625 0.28046875 0.0890625 0.13359375
1 0.96953125 0.91953125 0.0578125 0.15546875
1 0.2828125 0.28359375 0.071875 0.1
1 0.57734375 0.340625 0.0953125 0.146875
1 0.20546875 0.278125 0.0703125 0.1109375
1 0.7921875 0.25546875 0.071875 0.1109375
1 0.8859375 0.26953125 0.065625 0.121875
1 0.7390625 0.25390625 0.05 0.0859375
1 0.84453125 0.26953125 0.0484375 0.10546875
1 0.96953125 0.25 0.0578125 0.09453125
1 0.15 0.28359375 0.05 0.1
1 0.33203125 0.296875 0.0265625 0.06640625
1 0.703125 0.2609375 0.034375 0.04453125
1 0.1046875 0.309375 0.05 0.0640625
1 0.50859375 0.23203125 0.0609375 0.04140625
1 0.5109375 0.29140625 0.065625 0.121875