0 0.58125 0.5765625 0.203125 0.45859375
1 0.43984375 0.9359375 0.1546875 0.121875
1 0.30234375 0.7015625 0.1453125 0.203125
1 0.86015625 0.771875 0.1421875 0.221875
1 0.746875 0.596875 0.11875 0.178125
1 0.4203125 0.39140625 0.09375 0.13359375
1 0.9609375 0.8875 0.075 0.19140625
1 0.5453125 0.30546875 0.090625 0.10546875
1 0.90703125 0.2875 0.0828125 0.1140625
1 0.4625 0.284375 0.0875 0.13046875
1 0.809375 0.25859375 0.071875 0.1109375
1 0.84453125 0.68046875 0.1359375 0.1890625
1 0.33671875 0.29453125 0.0734375 0.11640625
0 0.28125 0.49140625 0.18125 0.35546875
1 0.6921875 0.48046875 0.065625 0.13359375
1 0.85625 0.978125 0.14375 0.0390625
1 0.39609375 0.27109375 0.0578125 0.10859375
1 0.10234375 0.2875 0.0515625 0.096875
1 0.87890625 0.2640625 0.0703125 0.121875
1 0.7609375 0.26640625 0.04375 0.08359375
1 0.971875 0.29609375 0.053125 0.1359375
1 0.62734375 0.3484375 0.0828125 0.0640625
1 0.478125 0.55 0.0375 0.19453125
1 0.13828125 0.26796875 0.0359375 0.11953125
1 0.73515625 0.2484375 0.0609375 0.08046875
1 0.10234375 0.2390625 0.0640625 0.078125
1 0.1453125 0.303125 0.03125 0.11640625