3 0.7265625 0.72109375 0.240625 0.553125
1 0.38046875 0.846875 0.1546875 0.2390625
1 0.42578125 0.4015625 0.0984375 0.15859375
1 0.55859375 0.69296875 0.1140625 0.16953125
1 0.2734375 0.6625 0.11875 0.16953125
1 0.18359375 0.31796875 0.0828125 0.1140625
1 0.25859375 0.48203125 0.1296875 0.196875
1 0.3484375 0.296875 0.08125 0.1390625
1 0.96875 0.89296875 0.059375 0.20859375
1 0.90078125 0.2859375 0.0828125 0.1109375
1 0.61796875 0.38203125 0.1078125 0.175
1 0.8765625 0.78359375 0.096875 0.178125
1 0.8109375 0.25859375 0.06875 0.11640625
1 0.96953125 0.2984375 0.0578125 0.1359375
1 0.29296875 0.27890625 0.0640625 0.11953125
1 0.5140625 0.3265625 0.06875 0.1140625
1 0.15546875 0.290625 0.0765625 0.13046875
1 0.55234375 0.35703125 0.0578125 0.125
1 0.4421875 0.284375 0.0625 0.096875
1 0.4984375 0.29296875 0.06875 0.11953125
1 0.71015625 0.26640625 0.0546875 0.0609375
1 0.759375 0.26640625 0.046875 0.08359375
1 0.25546875 0.275 0.0359375 0.1
1 0.403125 0.28359375 0.040625 0.0890625
1 0.971875 0.22109375 0.053125 0.05859375
1 0.0640625 0.325 0.046875 0.05
1 0.103125 0.3140625 0.040625 0.071875
1 0.86640625 0.26640625 0.0609375 0.1