3 0.234375 0.3265625 0.1625 0.4140625
2 0.5015625 0.58203125 0.121875 0.175
1 0.421875 0.88203125 0.15 0.1859375
1 0.3625 0.31640625 0.096875 0.15546875
2 0.55859375 0.33203125 0.1015625 0.15859375
1 0.93515625 0.2875 0.0734375 0.11953125
1 0.9796875 0.3125 0.0375 0.13046875
1 0.87890625 0.275 0.0640625 0.1109375
1 0.45 0.2734375 0.06875 0.1140625
1 0.66953125 0.41796875 0.1046875 0.075
1 0.78046875 0.26640625 0.0609375 0.09453125
1 0.8359375 0.271875 0.05 0.10546875
1 0.53359375 0.3 0.0859375 0.15
1 0.48359375 0.30546875 0.0359375 0.10546875
1 0.73125 0.25859375 0.05 0.0609375
1 0.40625 0.26953125 0.04375 0.09453125
1 0.3296875 0.2859375 0.065625 0.11640625
1 0.67578125 0.2609375 0.0515625 0.03359375
1 0.73984375 0.26796875 0.0359375 0.053125
1 0.98359375 0.2359375 0.0296875 0.0609375
1 0.959375 0.221875 0.05 0.05