3 0.28828125 0.5015625 0.1765625 0.425
0 0.25703125 0.19609375 0.1046875 0.20859375
0 0.1125 0.22109375 0.115625 0.23046875
1 0.6953125 0.565625 0.11875 0.18046875
1 0.58046875 0.6375 0.1140625 0.15859375
1 0.653125 0.8140625 0.14375 0.221875
1 0.428125 0.44453125 0.103125 0.15546875
1 0.79140625 0.771875 0.1203125 0.171875
1 0.51171875 0.29609375 0.0859375 0.13046875
1 0.71953125 0.9265625 0.1484375 0.14140625
1 0.946875 0.87890625 0.103125 0.2359375
1 0.65234375 0.440625 0.1109375 0.16953125
1 0.4453125 0.27890625 0.075 0.125
1 0.91015625 0.7890625 0.1453125 0.23359375
1 0.18125 0.33046875 0.071875 0.11640625
1 0.8640625 0.26640625 0.065625 0.121875
1 0.7546875 0.25546875 0.071875 0.10546875
1 0.3515625 0.30859375 0.08125 0.13359375
1 0.95859375 0.29609375 0.0765625 0.1140625
1 0.61015625 0.375 0.0984375 0.15546875
1 0.63046875 0.96640625 0.1546875 0.0609375
1 0.8359375 0.25390625 0.059375 0.1140625
1 0.98984375 0.315625 0.0171875 0.146875
1 0.92890625 0.2609375 0.0828125 0.1390625
1 0.3984375 0.275 0.04375 0.1
1 0.16171875 0.30390625 0.0703125 0.125
1 0.14296875 0.2765625 0.0734375 0.10859375