0 0.44453125 0.20390625 0.1234375 0.275
1 0.31953125 0.64609375 0.1203125 0.16953125
8 0.2703125 0.40390625 0.16875 0.33046875
1 0.36953125 0.3390625 0.0828125 0.13359375
1 0.915625 0.278125 0.090625 0.13359375
1 0.11796875 0.2890625 0.0671875 0.1
1 0.98515625 0.3109375 0.0265625 0.178125
3 0.5625 0.875 0.271875 0.24453125
1 0.18125 0.31796875 0.053125 0.1140625
1 0.83515625 0.271875 0.0390625 0.10546875
1 0.07734375 0.315625 0.0265625 0.05859375
1 0.815625 0.2625 0.053125 0.096875
1 0.77421875 0.25859375 0.0296875 0.09453125
1 0.74296875 0.265625 0.0484375 0.06953125
1 0.7078125 0.259375 0.040625 0.053125