3 0.44765625 0.30546875 0.1640625 0.39453125
1 0.71796875 0.565625 0.1171875 0.18046875
1 0.20625 0.39296875 0.10625 0.1640625
1 0.853125 0.7109375 0.125 0.1890625
1 0.59921875 0.384375 0.1046875 0.153125
1 0.51640625 0.7 0.1234375 0.16640625
1 0.38359375 0.83046875 0.1453125 0.21640625
1 0.6390625 0.7875 0.13125 0.16953125
1 0.7640625 0.9359375 0.15625 0.121875
1 0.475 0.953125 0.153125 0.0890625
1 0.875 0.26953125 0.08125 0.121875
1 0.6921875 0.90390625 0.140625 0.1859375
1 0.28046875 0.284375 0.0703125 0.103125
1 0.96953125 0.25546875 0.0578125 0.1
1 0.3421875 0.321875 0.059375 0.11640625
1 0.15546875 0.325 0.0765625 0.121875
1 0.70859375 0.25859375 0.0671875 0.071875
1 0.54296875 0.340625 0.0578125 0.11953125
1 0.97890625 0.9125 0.0390625 0.16953125
1 0.16484375 0.25703125 0.0828125 0.096875
1 0.2296875 0.2859375 0.04375 0.08359375
1 0.0984375 0.30703125 0.053125 0.075
1 0.93984375 0.2484375 0.0578125 0.10859375
1 0.80078125 0.3 0.0578125 0.05