2 0.4140625 0.82109375 0.171875 0.253125
3 0.296875 0.2015625 0.11875 0.26953125
4 0.76796875 0.54609375 0.1453125 0.28046875
1 0.4703125 0.49296875 0.10625 0.146875
1 0.590625 0.36796875 0.10625 0.153125
1 0.9203125 0.278125 0.090625 0.1390625
1 0.6609375 0.525 0.09375 0.14453125
1 0.5140625 0.30546875 0.078125 0.121875
1 0.42421875 0.44140625 0.0953125 0.1390625
1 0.24921875 0.471875 0.1015625 0.14453125
1 0.84609375 0.25 0.0828125 0.1390625
1 0.22109375 0.371875 0.0984375 0.15546875
1 0.1296875 0.278125 0.075 0.121875
1 0.4125 0.36953125 0.0875 0.121875
1 0.7796875 0.26640625 0.059375 0.0890625
1 0.08046875 0.3015625 0.0421875 0.08046875
1 0.98515625 0.271875 0.0265625 0.1
1 0.728125 0.2625 0.059375 0.075
1 0.971875 0.24296875 0.053125 0.10859375
1 0.4296875 0.28046875 0.075 0.1109375
1 0.3828125 0.2734375 0.040625 0.09140625
1 0.24375 0.3015625 0.0625 0.08046875