3 0.3859375 0.7 0.234375 0.55
1 0.6171875 0.76953125 0.13125 0.19453125
1 0.6984375 0.49140625 0.11875 0.16640625
1 0.2328125 0.484375 0.1 0.175
1 0.83828125 0.7140625 0.1421875 0.21640625
1 0.57109375 0.3515625 0.0890625 0.146875
1 0.76796875 0.640625 0.1078125 0.1640625
1 0.85234375 0.259375 0.0828125 0.125
1 0.64609375 0.428125 0.0859375 0.14453125
1 0.91796875 0.83046875 0.1609375 0.24453125
1 0.4921875 0.31953125 0.071875 0.1109375
1 0.56484375 0.70859375 0.1046875 0.16640625
1 0.97265625 0.934375 0.0515625 0.125
1 0.1015625 0.3140625 0.0625 0.06640625
1 0.525 0.60859375 0.096875 0.14453125
1 0.78984375 0.259375 0.0609375 0.10859375
1 0.98125 0.3234375 0.034375 0.15859375
1 0.91796875 0.2515625 0.0515625 0.103125
1 0.53125 0.3375 0.034375 0.1140625
1 0.4109375 0.38203125 0.08125 0.09140625
1 0.4484375 0.40859375 0.08125 0.05546875
1 0.96328125 0.25 0.0671875 0.1109375
1 0.74453125 0.25390625 0.0546875 0.0859375
1 0.49296875 0.48203125 0.0734375 0.11953125
1 0.98046875 0.246875 0.0359375 0.1
1 0.3921875 0.36640625 0.08125 0.11640625