3 0.22421875 0.3484375 0.1390625 0.2640625
1 0.621875 0.728125 0.1375 0.2109375
1 0.50703125 0.55546875 0.1203125 0.1890625
1 0.7578125 0.9125 0.159375 0.16953125
1 0.66484375 0.490625 0.1140625 0.1859375
1 0.73828125 0.6234375 0.1203125 0.15859375
1 0.3953125 0.865625 0.15 0.2359375
1 0.50234375 0.9125 0.1828125 0.16953125
1 0.29765625 0.78046875 0.1234375 0.18359375
1 0.94921875 0.890625 0.0984375 0.2140625
1 0.96015625 0.2984375 0.0765625 0.13046875
1 0.87265625 0.284375 0.0796875 0.10859375
1 0.87109375 0.78359375 0.1359375 0.171875
1 0.49921875 0.3125 0.0796875 0.1140625
1 0.434375 0.42890625 0.103125 0.153125
1 0.38203125 0.3234375 0.0953125 0.153125
1 0.321875 0.296875 0.071875 0.121875
1 0.7765625 0.271875 0.075 0.09453125
1 0.45703125 0.28359375 0.0671875 0.10546875
1 0.696875 0.25703125 0.0625 0.0640625
1 0.26328125 0.27109375 0.0640625 0.11953125
1 0.95078125 0.24609375 0.0703125 0.10859375
1 0.89921875 0.25 0.0484375 0.0890625
1 0.415625 0.3890625 0.0875 0.121875
1 0.41875 0.2515625 0.040625 0.053125
1 0.984375 0.26953125 0.028125 0.11640625
1 0.75 0.25546875 0.053125 0.078125