3 0.46328125 0.75859375 0.2640625 0.478125
3 0.4875 0.365625 0.1875 0.346875
1 0.93515625 0.8359375 0.1265625 0.19453125
5 0.24296875 0.459375 0.1140625 0.1859375
1 0.20234375 0.325 0.0828125 0.121875
1 0.85390625 0.259375 0.0890625 0.1359375
1 0.58671875 0.34296875 0.0515625 0.153125
1 0.9765625 0.32109375 0.04375 0.125
1 0.359375 0.32109375 0.084375 0.146875
1 0.26640625 0.275 0.0703125 0.11640625
1 0.940625 0.284375 0.078125 0.11953125
1 0.7875 0.2625 0.0625 0.10859375
1 0.3828125 0.38359375 0.04375 0.128125
1 0.75 0.25390625 0.0375 0.09140625
1 0.98046875 0.2234375 0.0359375 0.0859375
1 0.93203125 0.240625 0.0640625 0.09140625
1 0.715625 0.2640625 0.04375 0.05546875
1 0.68671875 0.2609375 0.0328125 0.0390625