2 0.52109375 0.60859375 0.1265625 0.20546875
3 0.13203125 0.21953125 0.1390625 0.29453125
3 0.23828125 0.21640625 0.0921875 0.228125
1 0.77421875 0.93046875 0.1796875 0.13359375
1 0.875 0.7875 0.140625 0.20859375
1 0.78359375 0.6265625 0.1140625 0.175
1 0.45390625 0.934375 0.1453125 0.125
1 0.675 0.4734375 0.10625 0.1859375
1 0.3453125 0.30390625 0.078125 0.1140625
1 0.46484375 0.4859375 0.1265625 0.18359375
1 0.4453125 0.25546875 0.075 0.08359375
1 0.284375 0.275 0.075 0.1109375
1 0.96640625 0.3109375 0.0640625 0.15
1 0.78671875 0.26796875 0.0703125 0.09140625
1 0.859375 0.2765625 0.0625 0.10859375
1 0.6109375 0.3984375 0.09375 0.1859375
1 0.92578125 0.26796875 0.0890625 0.146875
1 0.71953125 0.253125 0.0703125 0.08359375
1 0.3859375 0.26796875 0.046875 0.0640625
1 0.61171875 0.3390625 0.0828125 0.06640625