8 0.13828125 0.24609375 0.1015625 0.196875
1 0.53125 0.621875 0.11875 0.1890625
1 0.77578125 0.915625 0.1703125 0.1640625
1 0.81796875 0.69296875 0.1296875 0.19140625
1 0.68515625 0.825 0.1359375 0.2
1 0.5734375 0.95 0.18125 0.09453125
1 0.70390625 0.5109375 0.1078125 0.14453125
1 0.3171875 0.2890625 0.084375 0.128125
1 0.475 0.5 0.121875 0.1890625
1 0.64375 0.4625 0.1 0.1359375
1 0.921875 0.846875 0.140625 0.21640625
1 0.903125 0.2640625 0.071875 0.09453125
1 0.8109375 0.265625 0.075 0.10859375
1 0.778125 0.60859375 0.1125 0.15
1 0.97109375 0.315625 0.0546875 0.14140625
1 0.746875 0.271875 0.0625 0.08359375
1 0.40859375 0.375 0.0953125 0.15
1 0.60546875 0.39453125 0.1015625 0.15
1 0.44375 0.43359375 0.09375 0.15
1 0.5734375 0.359375 0.084375 0.153125
1 0.21328125 0.290625 0.0359375 0.0859375
1 0.2421875 0.2859375 0.046875 0.0890625
1 0.36953125 0.265625 0.0515625 0.09140625
1 0.96171875 0.2625 0.0578125 0.08046875
1 0.27265625 0.28203125 0.0390625 0.10859375
1 0.4453125 0.2890625 0.065625 0.1
1 0.41328125 0.26640625 0.0671875 0.08359375