3 0.39375 0.71953125 0.25 0.55
1 0.63359375 0.434375 0.1078125 0.175
1 0.80625 0.6984375 0.125 0.1640625
1 0.93515625 0.8625 0.1265625 0.21953125
1 0.58125 0.6984375 0.125 0.1640625
1 0.7453125 0.56640625 0.1125 0.1609375
1 0.1953125 0.303125 0.075 0.1109375
1 0.96328125 0.296875 0.0703125 0.1390625
1 0.35390625 0.32109375 0.0828125 0.1140625
1 0.55703125 0.346875 0.0890625 0.1390625
1 0.4359375 0.390625 0.096875 0.13046875
1 0.2765625 0.284375 0.065625 0.09140625
1 0.903125 0.275 0.08125 0.13359375
1 0.75625 0.909375 0.15625 0.175
1 0.80078125 0.965625 0.1578125 0.0640625
1 0.51953125 0.5390625 0.0890625 0.178125
1 0.25234375 0.575 0.0765625 0.19453125
1 0.43125 0.28359375 0.075 0.1
1 0.84296875 0.25703125 0.0734375 0.125
1 0.79765625 0.2625 0.0359375 0.096875
1 0.5171875 0.28359375 0.084375 0.128125
1 0.20546875 0.45859375 0.0484375 0.121875
1 0.24921875 0.4765625 0.0859375 0.15859375
1 0.3875 0.275 0.0375 0.06640625
1 0.7015625 0.26796875 0.053125 0.04140625
1 0.3328125 0.29609375 0.06875 0.10859375