3 0.25546875 0.425 0.1890625 0.44453125
1 0.9046875 0.79453125 0.15 0.221875
1 0.57734375 0.7015625 0.1453125 0.2140625
1 0.4828125 0.934375 0.175 0.125
1 0.759375 0.5859375 0.14375 0.2109375
1 0.4859375 0.521875 0.109375 0.171875
1 0.534375 0.3140625 0.090625 0.1390625
1 0.65859375 0.47109375 0.1046875 0.15859375
1 0.43046875 0.4359375 0.0984375 0.1390625
1 0.80703125 0.26953125 0.0734375 0.1
1 0.38359375 0.34140625 0.0890625 0.13359375
1 0.7515625 0.24453125 0.0625 0.11640625
1 0.0953125 0.303125 0.071875 0.08359375
1 0.45078125 0.26796875 0.0765625 0.146875
1 0.97734375 0.31640625 0.0421875 0.14453125
1 0.87578125 0.26640625 0.0453125 0.0890625
1 0.71640625 0.9390625 0.2765625 0.11640625
1 0.91171875 0.2625 0.0546875 0.09140625
1 0.63046875 0.41953125 0.0828125 0.128125
1 0.68671875 0.26640625 0.0515625 0.04453125
1 0.146875 0.290625 0.040625 0.09140625
1 0.96328125 0.25 0.0703125 0.1109375
1 0.403125 0.25390625 0.034375 0.046875
1 0.35703125 0.30390625 0.0546875 0.10859375