2 0.26640625 0.39453125 0.1140625 0.178125
8 0.46640625 0.3734375 0.1421875 0.303125
2 0.40546875 0.84140625 0.1515625 0.228125
1 0.7515625 0.90546875 0.18125 0.18359375
1 0.76953125 0.65390625 0.1203125 0.15859375
1 0.6484375 0.7765625 0.146875 0.21953125
1 0.8671875 0.771875 0.134375 0.171875
1 0.2828125 0.5515625 0.1125 0.153125
1 0.5328125 0.6359375 0.121875 0.178125
1 0.47265625 0.49296875 0.1140625 0.18046875
1 0.86171875 0.2734375 0.0828125 0.10859375
1 0.80234375 0.259375 0.0671875 0.1140625
1 0.96171875 0.32109375 0.0734375 0.125
1 0.70859375 0.2609375 0.0796875 0.071875
1 0.10390625 0.31796875 0.0640625 0.06953125
1 0.20625 0.359375 0.05625 0.14140625
1 0.37578125 0.2859375 0.0328125 0.08359375
1 0.77578125 0.240625 0.0640625 0.10859375
1 0.27890625 0.27890625 0.0609375 0.096875
1 0.228125 0.2765625 0.05 0.0640625
1 0.39296875 0.2859375 0.0234375 0.0890625
1 0.89921875 0.25703125 0.0359375 0.075
1 0.96953125 0.24453125 0.0578125 0.0609375