4 0.3703125 0.69296875 0.15625 0.31953125
1 0.53984375 0.61640625 0.1171875 0.178125
1 0.72265625 0.58359375 0.1203125 0.178125
1 0.59140625 0.384375 0.1015625 0.15859375
1 0.23984375 0.4609375 0.1015625 0.14453125
1 0.403125 0.37890625 0.090625 0.13046875
1 0.47734375 0.5109375 0.1078125 0.14453125
1 0.45390625 0.284375 0.0765625 0.1140625
1 0.20859375 0.35 0.0859375 0.121875
1 0.93359375 0.82109375 0.1296875 0.19140625
1 0.66953125 0.49609375 0.1046875 0.14140625
1 0.9140625 0.2890625 0.0875 0.11640625
1 0.3484375 0.31640625 0.08125 0.11640625
1 0.26953125 0.284375 0.0578125 0.096875
1 0.15625 0.2890625 0.06875 0.1
1 0.84453125 0.27109375 0.0734375 0.11953125
1 0.53828125 0.34296875 0.0734375 0.11953125
1 0.78515625 0.25859375 0.0609375 0.1109375
1 0.3359375 0.27890625 0.090625 0.146875
1 0.96875 0.91953125 0.059375 0.15546875
1 0.73359375 0.24609375 0.0671875 0.103125
1 0.96484375 0.24453125 0.0671875 0.11640625
1 0.79140625 0.9375 0.3921875 0.11953125
1 0.88203125 0.2390625 0.0265625 0.05