3 0.65859375 0.68203125 0.2453125 0.54140625
1 0.4734375 0.45 0.115625 0.178125
1 0.88125 0.7375 0.1375 0.203125
1 0.9359375 0.86796875 0.125 0.1859375
1 0.42421875 0.39453125 0.0921875 0.16640625
1 0.13359375 0.2890625 0.0703125 0.1
1 0.40234375 0.8875 0.1515625 0.21953125
1 0.59296875 0.36953125 0.0921875 0.10546875
1 0.43671875 0.953125 0.1640625 0.0890625
1 0.378125 0.80390625 0.140625 0.203125
1 0.91015625 0.2859375 0.0734375 0.11640625
1 0.2890625 0.284375 0.065625 0.096875
1 0.2265625 0.29140625 0.0625 0.08359375
1 0.37890625 0.334375 0.0859375 0.153125
1 0.8796875 0.26640625 0.075 0.128125
1 0.42734375 0.26796875 0.0640625 0.096875
1 0.7796875 0.6140625 0.046875 0.15546875
1 0.75078125 0.25546875 0.0578125 0.0890625
1 0.9859375 0.3234375 0.025 0.125
1 0.809375 0.25 0.071875 0.13359375
1 0.8328125 0.2640625 0.046875 0.1109375
1 0.3328125 0.2984375 0.053125 0.153125
1 0.96640625 0.30703125 0.0640625 0.11953125
1 0.38125 0.24296875 0.05625 0.0640625
1 0.084375 0.31796875 0.0375 0.05859375
1 0.9640625 0.225 0.046875 0.06640625