5 0.2984375 0.265625 0.0875 0.14140625
2 0.71015625 0.57109375 0.1203125 0.203125
1 0.69296875 0.85546875 0.1421875 0.20546875
1 0.53125 0.621875 0.11875 0.171875
1 0.9296875 0.8375 0.1375 0.21953125
1 0.37265625 0.80390625 0.1328125 0.18046875
1 0.384375 0.32890625 0.09375 0.14140625
1 0.4578125 0.9390625 0.159375 0.11640625
1 0.47734375 0.3015625 0.0765625 0.1140625
1 0.9640625 0.3015625 0.06875 0.1359375
1 0.909375 0.2875 0.065625 0.10859375
1 0.415625 0.275 0.06875 0.1
1 0.21484375 0.296875 0.0421875 0.071875
1 0.86953125 0.2765625 0.0671875 0.10859375
1 0.24453125 0.2765625 0.0390625 0.096875
1 0.77109375 0.27109375 0.0609375 0.09140625
1 0.73984375 0.25546875 0.0546875 0.078125
1 0.81875 0.265625 0.05625 0.09140625
1 0.97578125 0.209375 0.0453125 0.0640625
1 0.35859375 0.278125 0.0421875 0.0609375
1 0.896875 0.21953125 0.0625 0.04453125