2 0.23671875 0.3859375 0.1171875 0.178125
3 0.41484375 0.7234375 0.2453125 0.546875
6 0.5234375 0.359375 0.040625 0.103125
1 0.7734375 0.63203125 0.125 0.1640625
1 0.5875 0.375 0.1 0.15
1 0.6953125 0.51796875 0.1125 0.1640625
1 0.925 0.815625 0.140625 0.21953125
1 0.6796875 0.875 0.15 0.21640625
1 0.41484375 0.378125 0.0953125 0.15546875
1 0.62578125 0.76640625 0.1265625 0.171875
1 0.56015625 0.6265625 0.1109375 0.1640625
1 0.2890625 0.271875 0.078125 0.121875
1 0.95 0.2875 0.08125 0.13046875
1 0.490625 0.27890625 0.090625 0.13046875
1 0.1375 0.27890625 0.06875 0.10859375
1 0.3578125 0.284375 0.053125 0.09140625
1 0.80234375 0.2640625 0.0640625 0.1
1 0.90078125 0.271875 0.0765625 0.128125
1 0.45 0.25390625 0.06875 0.103125
1 0.52890625 0.5359375 0.0640625 0.09453125
1 0.48046875 0.45390625 0.1015625 0.0859375
1 0.74453125 0.90390625 0.1140625 0.08046875
1 0.40078125 0.265625 0.0453125 0.09140625
1 0.9875 0.31640625 0.021875 0.16640625
3 0.815625 0.95546875 0.365625 0.08359375
1 0.7140625 0.2640625 0.028125 0.04453125
1 0.97734375 0.225 0.0421875 0.06640625
1 0.85859375 0.25703125 0.0703125 0.13046875
1 0.08984375 0.3140625 0.0328125 0.0609375
1 0.24140625 0.26953125 0.0328125 0.06640625
1 0.71796875 0.9265625 0.1671875 0.125
1 0.7609375 0.2609375 0.046875 0.08359375
1 0.73359375 0.25859375 0.0265625 0.0609375