3 0.08203125 0.25703125 0.0890625 0.175
0 0.7828125 0.18359375 0.115625 0.2390625
5 0.27421875 0.5109375 0.1078125 0.178125
8 0.61015625 0.83203125 0.3265625 0.33046875
1 0.8421875 0.73359375 0.1375 0.2
1 0.62109375 0.42109375 0.1078125 0.146875
1 0.203125 0.35859375 0.0875 0.128125
1 0.48828125 0.5375 0.1171875 0.18046875
1 0.40703125 0.39140625 0.0921875 0.128125
1 0.94765625 0.8515625 0.1015625 0.18046875
1 0.51953125 0.3125 0.0890625 0.13046875
3 0.6453125 0.6109375 0.178125 0.18359375
1 0.9703125 0.31796875 0.05625 0.125
1 0.36796875 0.3234375 0.0859375 0.13046875
1 0.484375 0.440625 0.103125 0.1140625
1 0.234375 0.29296875 0.06875 0.0859375
1 0.9015625 0.28203125 0.065625 0.125
1 0.5296875 0.60546875 0.071875 0.15546875
1 0.4703125 0.2765625 0.084375 0.125
1 0.95625 0.28359375 0.084375 0.15
1 0.81953125 0.27109375 0.0546875 0.103125
1 0.64140625 0.3875 0.0921875 0.14140625
1 0.475 0.240625 0.075 0.05859375
1 0.11953125 0.2875 0.0671875 0.0859375
1 0.31796875 0.30703125 0.0359375 0.05859375
1 0.78671875 0.24609375 0.0671875 0.10859375
1 0.3578125 0.253125 0.05 0.04453125
1 0.86171875 0.265625 0.0578125 0.11953125
1 0.41015625 0.25390625 0.0609375 0.075
1 0.9875 0.940625 0.021875 0.1140625