8 0.84296875 0.1640625 0.1171875 0.1609375
8 0.47109375 0.89296875 0.1734375 0.20859375
2 0.13046875 0.29609375 0.0859375 0.10859375
6 0.9859375 0.953125 0.025 0.0890625
2 0.88203125 0.76796875 0.1484375 0.23046875
2 0.384375 0.66953125 0.125 0.2
2 0.7265625 0.565625 0.115625 0.18046875
1 0.44609375 0.50390625 0.1046875 0.153125
1 0.68359375 0.8875 0.1421875 0.1859375
2 0.64609375 0.4390625 0.1046875 0.15546875
1 0.7765625 0.9375 0.146875 0.11953125
2 0.2765625 0.28046875 0.078125 0.11640625
1 0.42265625 0.415625 0.0953125 0.1359375
1 0.85234375 0.2625 0.0796875 0.1140625
1 0.5953125 0.39296875 0.084375 0.146875
1 0.39296875 0.3609375 0.0921875 0.15
1 0.48125 0.30859375 0.065625 0.10546875
1 0.78359375 0.265625 0.0671875 0.1140625
1 0.97890625 0.31640625 0.0390625 0.14453125
1 0.3453125 0.33359375 0.06875 0.128125
2 0.55234375 0.325 0.1015625 0.16640625
1 0.90625 0.26796875 0.04375 0.0859375
1 0.4328125 0.27890625 0.0625 0.103125
1 0.94609375 0.278125 0.0453125 0.06640625
1 0.3703125 0.26796875 0.065625 0.046875
1 0.20546875 0.31953125 0.0609375 0.04453125
1 0.7375 0.27109375 0.034375 0.06953125