3 0.18359375 0.21640625 0.1390625 0.31640625
2 0.66640625 0.84140625 0.1515625 0.2390625
1 0.38828125 0.82109375 0.1296875 0.18046875
1 0.678125 0.48359375 0.11875 0.178125
2 0.91328125 0.8 0.1578125 0.24453125
5 0.36875 0.31796875 0.1 0.18046875
1 0.56015625 0.3359375 0.0921875 0.1390625
1 0.45 0.27890625 0.075 0.125
1 0.97890625 0.31640625 0.0390625 0.1390625
1 0.7734375 0.2625 0.06875 0.103125
1 0.5203125 0.2984375 0.0875 0.153125
1 0.2625 0.284375 0.05 0.09140625
1 0.934375 0.284375 0.078125 0.1359375
1 0.88515625 0.2859375 0.0484375 0.1109375
1 0.8671875 0.2640625 0.06875 0.121875
1 0.70234375 0.2609375 0.0328125 0.04453125
1 0.9859375 0.22109375 0.025 0.075
1 0.7296875 0.25390625 0.03125 0.0640625
1 0.8296875 0.265625 0.028125 0.0859375
1 0.96796875 0.2015625 0.0609375 0.0640625