2 0.44921875 0.421875 0.1078125 0.171875
0 0.25859375 0.3859375 0.1671875 0.371875
1 0.578125 0.3765625 0.1 0.153125
1 0.36640625 0.3125 0.0796875 0.1140625
1 0.42890625 0.2890625 0.0828125 0.11640625
1 0.8953125 0.26953125 0.08125 0.13359375
1 0.959375 0.284375 0.078125 0.15859375
1 0.52734375 0.31796875 0.0890625 0.13046875
1 0.79296875 0.25859375 0.0609375 0.1109375
1 0.71015625 0.259375 0.0546875 0.0640625
1 0.7578125 0.25390625 0.053125 0.0859375
1 0.853125 0.2625 0.065625 0.11953125
4 0.8609375 0.221875 0.0875 0.20546875