3 0.525 0.796875 0.28125 0.39453125
0 0.10703125 0.24140625 0.1078125 0.2109375
2 0.56796875 0.34609375 0.1140625 0.18046875
1 0.66484375 0.77109375 0.0890625 0.203125
1 0.496875 0.30390625 0.071875 0.1140625
1 0.2140625 0.30859375 0.06875 0.0609375
1 0.91015625 0.27109375 0.0640625 0.146875
1 0.85546875 0.275 0.0546875 0.10546875
4 0.96640625 0.25 0.0640625 0.21640625
1 0.7828125 0.25859375 0.0625 0.10546875
1 0.74453125 0.25 0.0421875 0.0890625
1 0.83125 0.253125 0.0625 0.1109375
1 0.98828125 0.325 0.0203125 0.14453125