3 0.82265625 0.15703125 0.1640625 0.175
3 0.8328125 0.7609375 0.26875 0.4390625
1 0.5953125 0.38046875 0.1 0.15
1 0.40234375 0.83046875 0.1484375 0.21640625
1 0.29140625 0.5640625 0.1140625 0.178125
1 0.43515625 0.4234375 0.1015625 0.14140625
1 0.21796875 0.40859375 0.0984375 0.128125
1 0.26875 0.284375 0.071875 0.096875
1 0.34609375 0.3234375 0.0859375 0.125
1 0.46015625 0.953125 0.1453125 0.0890625
1 0.86328125 0.27890625 0.0796875 0.10859375
1 0.9546875 0.30703125 0.084375 0.1140625
1 0.21953125 0.30390625 0.0578125 0.075
1 0.7234375 0.25859375 0.071875 0.08359375
1 0.78203125 0.26796875 0.0546875 0.09140625
1 0.9375 0.2484375 0.075 0.10859375
1 0.83203125 0.265625 0.0671875 0.1140625
1 0.3625 0.29296875 0.08125 0.13046875
1 0.971875 0.809375 0.053125 0.19140625
1 0.99296875 0.35703125 0.0109375 0.1140625