3 0.1703125 0.21953125 0.1375 0.31640625
1 0.75 0.91953125 0.16875 0.15546875
1 0.509375 0.6015625 0.115625 0.15859375
1 0.94140625 0.88046875 0.1140625 0.1890625
1 0.43828125 0.4015625 0.1015625 0.15859375
1 0.81875 0.74296875 0.128125 0.16953125
1 0.62265625 0.39609375 0.0984375 0.153125
1 0.77109375 0.634375 0.1296875 0.1859375
1 0.8765625 0.26640625 0.084375 0.121875
1 0.328125 0.296875 0.084375 0.128125
1 0.96640625 0.3140625 0.0640625 0.121875
1 0.78125 0.265625 0.06875 0.096875
1 0.54609375 0.31796875 0.0921875 0.15859375
1 0.39296875 0.35 0.0765625 0.1390625
1 0.525 0.9765625 0.121875 0.04140625
1 0.71875 0.259375 0.05625 0.06953125
1 0.26015625 0.28359375 0.0578125 0.09453125
1 0.9546875 0.2875 0.075 0.13046875
1 0.4875 0.3 0.05 0.10546875
1 0.93515625 0.221875 0.0703125 0.09453125
1 0.8328125 0.2625 0.034375 0.09140625
1 0.09921875 0.284375 0.0359375 0.10859375
1 0.37578125 0.271875 0.0328125 0.05546875
1 0.3125 0.278125 0.065625 0.10546875
1 0.459375 0.28359375 0.0625 0.0890625
1 0.9875 0.2375 0.021875 0.053125