2 0.47265625 0.47890625 0.1140625 0.196875
3 0.2703125 0.19140625 0.109375 0.25546875
1 0.93515625 0.85 0.1265625 0.21640625
1 0.35078125 0.728125 0.1296875 0.16640625
1 0.4171875 0.903125 0.140625 0.1890625
1 0.271875 0.590625 0.121875 0.1859375
1 0.8421875 0.725 0.134375 0.19453125
1 0.621875 0.4015625 0.103125 0.15859375
1 0.2703125 0.4515625 0.115625 0.18046875
1 0.18671875 0.384375 0.0859375 0.13046875
1 0.66953125 0.48359375 0.0953125 0.1390625
1 0.54453125 0.60546875 0.1171875 0.178125
0 0.6453125 0.90546875 0.35625 0.18359375
1 0.753125 0.5265625 0.11875 0.14140625
1 0.3203125 0.28203125 0.08125 0.125
1 0.92109375 0.26953125 0.0921875 0.15
1 0.16875 0.30390625 0.103125 0.14140625
1 0.8078125 0.2625 0.06875 0.103125
1 0.98515625 0.30859375 0.0265625 0.1390625
1 0.54140625 0.30390625 0.1046875 0.15859375
1 0.41796875 0.421875 0.0796875 0.13359375
1 0.76328125 0.62109375 0.1109375 0.16953125
1 0.36796875 0.31953125 0.0796875 0.11640625
1 0.4640625 0.28046875 0.065625 0.1109375
1 0.0828125 0.309375 0.0375 0.06953125
1 0.73828125 0.2515625 0.0546875 0.075
1 0.3875 0.35703125 0.084375 0.125
1 0.27109375 0.1359375 0.0796875 0.14453125
1 0.2609375 0.2734375 0.075 0.1140625
1 0.75703125 0.265625 0.0515625 0.08046875
1 0.11015625 0.28046875 0.0328125 0.10546875
1 0.8625 0.26640625 0.05 0.1109375
1 0.4859375 0.29609375 0.04375 0.11953125
1 0.4171875 0.26953125 0.0625 0.10546875