3 0.190625 0.225 0.1375 0.321875
1 0.5015625 0.55703125 0.1375 0.196875
1 0.5859375 0.73359375 0.13125 0.1890625
1 0.42734375 0.896875 0.1578125 0.2
1 0.415625 0.39296875 0.1 0.153125
1 0.77734375 0.6375 0.1171875 0.18046875
1 0.6703125 0.490625 0.103125 0.14140625
1 0.79296875 0.93203125 0.1515625 0.13046875
1 0.59921875 0.390625 0.1109375 0.16953125
1 0.32265625 0.29453125 0.0765625 0.11640625
1 0.51328125 0.32890625 0.0828125 0.11953125
1 0.96796875 0.30703125 0.0609375 0.1359375
1 0.73671875 0.571875 0.0984375 0.15
1 0.8203125 0.265625 0.08125 0.103125
1 0.10546875 0.2859375 0.0546875 0.1
1 0.88828125 0.2765625 0.0671875 0.10859375
1 0.7359375 0.259375 0.0625 0.075
1 0.2734375 0.2875 0.046875 0.096875
1 0.86484375 0.98046875 0.1265625 0.03359375
1 0.409375 0.28203125 0.04375 0.08046875
1 0.94765625 0.28359375 0.0765625 0.13359375
1 0.490625 0.2859375 0.0875 0.13359375
1 0.3734375 0.29140625 0.03125 0.078125
1 0.44609375 0.26640625 0.0421875 0.10546875
1 0.96953125 0.21640625 0.0578125 0.05
1 0.89921875 0.21640625 0.0546875 0.0390625
1 0.4046875 0.2609375 0.053125 0.071875