2 0.721875 0.55 0.1375 0.23359375
8 0.734375 0.2359375 0.103125 0.121875
2 0.2828125 0.271875 0.084375 0.128125
1 0.64453125 0.821875 0.1296875 0.18359375
1 0.37265625 0.340625 0.0890625 0.14140625
1 0.87578125 0.77890625 0.1359375 0.20859375
1 0.52421875 0.6015625 0.1234375 0.18046875
1 0.59296875 0.7125 0.1203125 0.1640625
1 0.17578125 0.3515625 0.0921875 0.13046875
1 0.82734375 0.6984375 0.1234375 0.19140625
1 0.96171875 0.30703125 0.0734375 0.15859375
1 0.45390625 0.2875 0.0765625 0.11953125
1 0.478125 0.53046875 0.103125 0.15546875
1 0.64296875 0.4625 0.0921875 0.13046875
1 0.9 0.284375 0.071875 0.1140625
1 0.9765625 0.90859375 0.04375 0.178125
1 0.50625 0.3140625 0.071875 0.1109375
1 0.83046875 0.2609375 0.0828125 0.121875
1 0.734375 0.271875 0.071875 0.0890625
1 0.56953125 0.38046875 0.0890625 0.121875
1 0.159375 0.29296875 0.075 0.096875
1 0.4 0.28203125 0.05 0.0859375
1 0.7375 0.98203125 0.121875 0.03046875
1 0.18203125 0.28046875 0.0734375 0.1
1 0.5640625 0.34296875 0.0875 0.13046875
1 0.87890625 0.234375 0.0359375 0.0359375