0 0.18828125 0.23046875 0.1390625 0.29453125
1 0.8046875 0.678125 0.121875 0.16640625
1 0.3328125 0.2875 0.084375 0.1359375
1 0.93671875 0.840625 0.1234375 0.25859375
1 0.95546875 0.2875 0.0859375 0.146875
1 0.4234375 0.2734375 0.06875 0.1140625
1 0.26953125 0.28359375 0.0484375 0.0890625
1 0.753125 0.25859375 0.059375 0.09453125
1 0.46328125 0.28359375 0.0390625 0.1
1 0.90703125 0.278125 0.0703125 0.128125
1 0.825 0.259375 0.05 0.1140625
1 0.70078125 0.259375 0.0546875 0.053125
1 0.7921875 0.25859375 0.04375 0.1109375
1 0.3890625 0.2890625 0.046875 0.0890625
1 0.37734375 0.284375 0.0265625 0.08046875
1 0.99296875 0.340625 0.0109375 0.1359375