3 0.72109375 0.74140625 0.2484375 0.5109375
3 0.3875 0.734375 0.24375 0.525
1 0.5671875 0.70390625 0.109375 0.18046875
1 0.375 0.32109375 0.084375 0.14140625
1 0.54140625 0.60390625 0.1171875 0.1859375
1 0.9625 0.30390625 0.071875 0.11953125
1 0.85234375 0.2640625 0.0796875 0.121875
1 0.6859375 0.49296875 0.11875 0.1640625
1 0.9296875 0.2734375 0.078125 0.125
1 0.7890625 0.25390625 0.065625 0.1140625
1 0.38046875 0.2515625 0.0734375 0.0859375
1 0.46953125 0.44296875 0.0890625 0.05859375
1 0.74921875 0.25546875 0.0390625 0.08359375
1 0.92265625 0.20859375 0.0609375 0.05546875
1 0.98671875 0.22890625 0.0234375 0.0859375
1 0.4859375 0.51796875 0.1125 0.15859375
1 0.98984375 0.334375 0.0171875 0.1359375
1 0.7140625 0.25 0.059375 0.071875