3 0.096875 0.265625 0.078125 0.153125
2 0.31015625 0.64296875 0.1640625 0.2140625
1 0.803125 0.6609375 0.125 0.19453125
1 0.70390625 0.875 0.1390625 0.1890625
1 0.51484375 0.5984375 0.1203125 0.15859375
1 0.6828125 0.5 0.1125 0.178125
1 0.44453125 0.453125 0.1015625 0.15
1 0.22265625 0.421875 0.0953125 0.1390625
1 0.621875 0.4359375 0.103125 0.1609375
1 0.9484375 0.29453125 0.090625 0.13359375
1 0.38359375 0.378125 0.0921875 0.14453125
1 0.31640625 0.29140625 0.0734375 0.128125
1 0.49453125 0.3234375 0.0859375 0.13046875
1 0.56875 0.34453125 0.08125 0.121875
1 0.8234375 0.25703125 0.078125 0.125
1 0.953125 0.903125 0.090625 0.1890625
1 0.2078125 0.3484375 0.1 0.1640625
1 0.8875 0.28203125 0.06875 0.10859375
1 0.12890625 0.29453125 0.0609375 0.10546875
1 0.275 0.27890625 0.04375 0.103125
1 0.37734375 0.25390625 0.0484375 0.04140625
1 0.44765625 0.29609375 0.0546875 0.096875
1 0.50625 0.27109375 0.06875 0.06953125
1 0.6953125 0.2734375 0.053125 0.0359375
1 0.41796875 0.275 0.0421875 0.06640625
1 0.37734375 0.3109375 0.0796875 0.0890625
1 0.98125 0.246875 0.034375 0.10546875
1 0.77734375 0.29296875 0.0296875 0.05859375
1 0.17421875 0.328125 0.0703125 0.1390625
1 0.2421875 0.28203125 0.0375 0.06953125