3 0.340625 0.6140625 0.1875 0.46640625
3 0.25390625 0.34609375 0.1578125 0.403125
3 0.4078125 0.271875 0.14375 0.371875
1 0.725 0.87109375 0.15 0.21953125
1 0.45625 0.89609375 0.146875 0.196875
1 0.8796875 0.79609375 0.14375 0.2140625
1 0.66953125 0.484375 0.1109375 0.1640625
1 0.78203125 0.6484375 0.1203125 0.153125
1 0.57109375 0.34296875 0.1015625 0.146875
1 0.56328125 0.6625 0.1203125 0.1640625
1 0.86875 0.271875 0.08125 0.128125
1 0.12890625 0.28046875 0.0609375 0.10546875
1 0.5609375 0.56640625 0.109375 0.1
1 0.97109375 0.321875 0.0546875 0.121875
1 0.93671875 0.28359375 0.0703125 0.11640625
1 0.5046875 0.30859375 0.065625 0.10546875
1 0.2328125 0.5859375 0.05625 0.178125
1 0.803125 0.25703125 0.078125 0.11953125
1 0.0953125 0.3015625 0.03125 0.08046875
1 0.76484375 0.2484375 0.0609375 0.10859375
1 0.7234375 0.2640625 0.03125 0.0609375
1 0.49765625 0.259375 0.0546875 0.06953125