3 0.2921875 0.19453125 0.11875 0.28359375
2 0.71953125 0.55703125 0.1296875 0.196875
2 0.5765625 0.34453125 0.1 0.15
1 0.45546875 0.453125 0.1078125 0.14453125
1 0.9234375 0.84296875 0.15 0.246875
1 0.3796875 0.31796875 0.0875 0.1140625
1 0.1578125 0.2875 0.071875 0.096875
1 0.8671875 0.27109375 0.071875 0.1140625
1 0.9609375 0.3125 0.075 0.11953125
1 0.78515625 0.25546875 0.0640625 0.1109375
1 0.43203125 0.284375 0.0640625 0.096875
3 0.084375 0.27890625 0.0875 0.13046875
1 0.7546875 0.24296875 0.0625 0.103125
1 0.8375 0.246875 0.065625 0.11640625
1 0.71328125 0.25546875 0.0328125 0.0609375