2 0.59296875 0.7359375 0.1390625 0.221875
3 0.15234375 0.2359375 0.1546875 0.31640625
3 0.26875 0.20546875 0.1 0.24453125
1 0.88828125 0.76953125 0.1296875 0.1890625
1 0.490625 0.2984375 0.0875 0.1359375
1 0.37109375 0.3359375 0.0859375 0.128125
1 0.75703125 0.59609375 0.1171875 0.203125
1 0.521875 0.6015625 0.1375 0.203125
1 0.94140625 0.2890625 0.1046875 0.14453125
1 0.6765625 0.521875 0.096875 0.1609375
1 0.96328125 0.909375 0.0703125 0.175
1 0.884375 0.259375 0.08125 0.14140625
1 0.325 0.2984375 0.071875 0.125
1 0.775 0.27109375 0.078125 0.096875
1 0.7078125 0.253125 0.065625 0.078125
1 0.44453125 0.29296875 0.0359375 0.096875
1 0.6765625 0.4515625 0.1 0.13046875
1 0.41484375 0.28046875 0.0515625 0.0890625
1 0.28828125 0.2890625 0.0359375 0.1
1 0.8265625 0.26953125 0.046875 0.1
1 0.39921875 0.246875 0.0515625 0.05