3 0.0875 0.228125 0.11875 0.23359375
3 0.45078125 0.7640625 0.2796875 0.46640625
1 0.7109375 0.5515625 0.11875 0.19140625
1 0.6703125 0.84609375 0.1375 0.18046875
1 0.82890625 0.7015625 0.1234375 0.175
1 0.9328125 0.8515625 0.13125 0.18046875
1 0.39765625 0.37109375 0.0921875 0.125
1 0.61640625 0.41796875 0.1015625 0.153125
1 0.2046875 0.3265625 0.078125 0.1140625
1 0.475 0.29296875 0.078125 0.1140625
1 0.925 0.28203125 0.0875 0.13046875
1 0.59375 0.665625 0.08125 0.196875
1 0.4953125 0.4890625 0.109375 0.13359375
1 0.85703125 0.26640625 0.0765625 0.121875
1 0.2859375 0.68046875 0.096875 0.20546875
1 0.30625 0.284375 0.071875 0.096875
1 0.8015625 0.25390625 0.065625 0.11953125
1 0.57109375 0.33203125 0.1015625 0.153125
1 0.2453125 0.2890625 0.0625 0.08359375
1 0.3671875 0.30859375 0.071875 0.14453125
1 0.425 0.2765625 0.053125 0.09140625
1 0.284375 0.55703125 0.096875 0.14140625
1 0.24375 0.5484375 0.046875 0.125
1 0.76015625 0.2625 0.0328125 0.0859375
1 0.9875 0.33359375 0.021875 0.15
1 0.98125 0.2515625 0.034375 0.1140625
1 0.37265625 0.271875 0.0578125 0.071875
1 0.99140625 0.35703125 0.0140625 0.11953125