3 0.36015625 0.70546875 0.2453125 0.54453125
1 0.63828125 0.8109375 0.1390625 0.21640625
1 0.659375 0.4640625 0.1125 0.16640625
1 0.58046875 0.34609375 0.0953125 0.18046875
1 0.85546875 0.75859375 0.1296875 0.2
1 0.56796875 0.7015625 0.1234375 0.16953125
1 0.209375 0.3359375 0.084375 0.121875
1 0.959375 0.30546875 0.078125 0.121875
1 0.884375 0.271875 0.084375 0.128125
1 0.80234375 0.6734375 0.1171875 0.15859375
1 0.13359375 0.2765625 0.0859375 0.13046875
1 0.29140625 0.2859375 0.0734375 0.1
1 0.80078125 0.95 0.1859375 0.09453125
1 0.96171875 0.88046875 0.0734375 0.23359375
1 0.47890625 0.521875 0.0859375 0.171875
1 0.52421875 0.31640625 0.0734375 0.128125
1 0.4703125 0.2984375 0.065625 0.096875
1 0.38125 0.2875 0.04375 0.0859375
1 0.434375 0.26640625 0.075 0.121875
1 0.8359375 0.259375 0.071875 0.11953125
1 0.4484375 0.409375 0.103125 0.08046875
1 0.23671875 0.6625 0.0390625 0.18046875
1 0.34921875 0.3015625 0.0359375 0.06953125
1 0.23984375 0.28203125 0.0453125 0.08046875
1 0.940625 0.23203125 0.065625 0.08046875
1 0.6984375 0.275 0.053125 0.0390625
1 0.65625 0.259375 0.034375 0.03046875
1 0.434375 0.38046875 0.0875 0.09453125