3 0.35078125 0.625 0.2203125 0.51640625
1 0.83203125 0.725 0.1265625 0.19453125
1 0.696875 0.89453125 0.153125 0.20546875
1 0.57578125 0.3609375 0.0984375 0.1609375
1 0.51484375 0.57890625 0.1140625 0.153125
1 0.6671875 0.45859375 0.1 0.14453125
1 0.71328125 0.575 0.1140625 0.15
1 0.940625 0.85546875 0.115625 0.2
1 0.6484375 0.79140625 0.1375 0.2
1 0.18046875 0.2875 0.0703125 0.103125
1 0.50625 0.296875 0.08125 0.121875
1 0.9515625 0.2875 0.084375 0.1359375
1 0.9734375 0.915625 0.05 0.1640625
1 0.4609375 0.4359375 0.09375 0.1609375
1 0.88515625 0.26640625 0.0765625 0.13359375
1 0.25 0.29453125 0.05625 0.078125
1 0.39375 0.30390625 0.08125 0.13046875
1 0.2203125 0.4875 0.0625 0.175
1 0.31875 0.3 0.075 0.10546875
1 0.7328125 0.26953125 0.065625 0.071875
1 0.4609375 0.26796875 0.078125 0.125
1 0.8375 0.2625 0.046875 0.10859375
1 0.9875 0.3234375 0.021875 0.14140625
1 0.18046875 0.39296875 0.0421875 0.11953125
3 0.0703125 0.26953125 0.09375 0.15546875
1 0.221875 0.409375 0.084375 0.146875
1 0.86171875 0.97890625 0.1390625 0.0359375
1 0.30078125 0.2765625 0.0578125 0.0859375