3 0.7125 0.715625 0.23125 0.5640625
1 0.371875 0.82890625 0.153125 0.2359375
1 0.5484375 0.675 0.1125 0.16640625
1 0.959375 0.878125 0.078125 0.221875
1 0.26640625 0.64453125 0.1171875 0.16640625
1 0.4203125 0.39296875 0.096875 0.153125
1 0.25234375 0.46796875 0.1265625 0.19140625
1 0.34453125 0.29453125 0.0828125 0.1390625
1 0.6109375 0.37109375 0.10625 0.16953125
1 0.17890625 0.3140625 0.0796875 0.1109375
1 0.9078125 0.2859375 0.08125 0.1109375
1 0.86015625 0.7625 0.0953125 0.175
1 0.50859375 0.32109375 0.0703125 0.1140625
1 0.54453125 0.3484375 0.0609375 0.11953125
1 0.97265625 0.30390625 0.0515625 0.1359375
1 0.81796875 0.25859375 0.0703125 0.11640625
1 0.28828125 0.278125 0.0640625 0.1109375
1 0.15078125 0.2859375 0.0734375 0.128125
1 0.4375 0.28203125 0.059375 0.0859375
1 0.4921875 0.290625 0.06875 0.11953125
1 0.715625 0.2640625 0.05625 0.06640625
1 0.76640625 0.26953125 0.0484375 0.08359375
1 0.2515625 0.278125 0.034375 0.10546875
1 0.40078125 0.27890625 0.0390625 0.08046875
1 0.065625 0.32890625 0.046875 0.046875
1 0.8734375 0.26953125 0.0625 0.1
1 0.97421875 0.2359375 0.0484375 0.09453125
1 0.1015625 0.31796875 0.0375 0.0640625