3 0.4421875 0.334375 0.16875 0.40859375
3 0.4078125 0.71953125 0.246875 0.55546875
1 0.840625 0.709375 0.13125 0.175
5 0.21875 0.39140625 0.10625 0.171875
1 0.88828125 0.26796875 0.0921875 0.14140625
1 0.97109375 0.2984375 0.0546875 0.125
1 0.8109375 0.2609375 0.071875 0.11640625
1 0.53828125 0.30390625 0.0515625 0.14140625
1 0.32734375 0.29609375 0.0734375 0.1359375
1 0.2484375 0.27890625 0.06875 0.096875
1 0.18046875 0.30859375 0.0734375 0.1109375
1 0.34921875 0.34296875 0.0359375 0.1140625
1 0.77109375 0.25546875 0.0484375 0.1
1 0.96484375 0.24453125 0.0671875 0.1109375
1 0.72734375 0.265625 0.0484375 0.0640625
1 0.6953125 0.25859375 0.034375 0.05