3 0.13203125 0.20546875 0.1171875 0.26640625
3 0.321875 0.59453125 0.2375 0.5390625
6 0.18515625 0.346875 0.0453125 0.11640625
1 0.525 0.590625 0.11875 0.1859375
1 0.68359375 0.50859375 0.1234375 0.18359375
1 0.95625 0.8859375 0.084375 0.221875
1 0.55625 0.35390625 0.090625 0.11953125
1 0.46015625 0.4625 0.1046875 0.1640625
1 0.978125 0.32890625 0.040625 0.11953125
1 0.64296875 0.4125 0.1078125 0.18046875
1 0.8890625 0.275 0.0625 0.121875
1 0.22109375 0.2765625 0.0515625 0.103125
1 0.37890625 0.30703125 0.0890625 0.09140625
1 0.95859375 0.30546875 0.0796875 0.121875
1 0.29140625 0.278125 0.0703125 0.10546875
1 0.84453125 0.2640625 0.0515625 0.1109375
1 0.7859375 0.26796875 0.04375 0.096875
1 0.43515625 0.3609375 0.0796875 0.06640625
1 0.7171875 0.2484375 0.059375 0.075
1 0.75625 0.25546875 0.059375 0.08359375
1 0.26171875 0.27109375 0.0609375 0.103125
1 0.359375 0.28359375 0.078125 0.1