3 0.11796875 0.20703125 0.1421875 0.26953125
1 0.396875 0.784375 0.140625 0.21953125
1 0.56015625 0.646875 0.1265625 0.178125
1 0.3015625 0.609375 0.11875 0.196875
1 0.81328125 0.69296875 0.1328125 0.19140625
1 0.47265625 0.496875 0.1046875 0.1609375
1 0.56640625 0.3515625 0.0984375 0.153125
1 0.375 0.3609375 0.09375 0.15
1 0.95546875 0.87890625 0.0859375 0.2359375
1 0.73984375 0.5890625 0.1109375 0.16640625
1 0.81484375 0.9390625 0.1671875 0.11640625
1 0.90078125 0.803125 0.1296875 0.19453125
1 0.46015625 0.271875 0.0734375 0.10546875
1 0.45078125 0.4234375 0.1046875 0.153125
1 0.8890625 0.2875 0.071875 0.1140625
1 0.34921875 0.30546875 0.0765625 0.1109375
1 0.52265625 0.3125 0.0734375 0.13046875
1 0.28984375 0.284375 0.0703125 0.103125
1 0.7609375 0.259375 0.06875 0.096875
1 0.9734375 0.32109375 0.05 0.125
1 0.83046875 0.271875 0.0640625 0.10546875
1 0.390625 0.28203125 0.065625 0.09140625
1 0.7109375 0.25703125 0.040625 0.05859375
1 0.984375 0.2015625 0.028125 0.0640625
1 0.8390625 0.209375 0.06875 0.053125
1 0.29140625 0.22890625 0.0671875 0.046875
1 0.9359375 0.2859375 0.040625 0.121875