3 0.33984375 0.59609375 0.2109375 0.5140625
1 0.6234375 0.7640625 0.13125 0.20546875
1 0.8078125 0.69609375 0.11875 0.15859375
1 0.7390625 0.6 0.1125 0.15
1 0.57890625 0.68046875 0.1390625 0.2
1 0.15078125 0.278125 0.0796875 0.11640625
4 0.928125 0.784375 0.140625 0.35859375
1 0.68984375 0.5140625 0.1109375 0.16640625
1 0.4765625 0.52890625 0.11875 0.196875
1 0.5140625 0.3015625 0.078125 0.1359375
1 0.2484375 0.28046875 0.078125 0.1
1 0.83046875 0.2640625 0.0703125 0.11640625
1 0.4375 0.26953125 0.071875 0.1109375
1 0.21484375 0.390625 0.0765625 0.13046875
1 0.665625 0.4390625 0.11875 0.2
1 0.96640625 0.31640625 0.0578125 0.121875
1 0.91171875 0.29296875 0.0671875 0.1140625
1 0.4703125 0.2984375 0.0375 0.103125
1 0.35390625 0.296875 0.0828125 0.09453125
1 0.9875 0.33359375 0.021875 0.15
1 0.32265625 0.284375 0.0703125 0.1140625
1 0.60546875 0.3734375 0.0953125 0.19140625
1 0.40625 0.3734375 0.078125 0.125
1 0.76640625 0.259375 0.0484375 0.096875
1 0.1046875 0.290625 0.034375 0.09140625
1 0.3921875 0.265625 0.0375 0.0859375
1 0.87109375 0.271875 0.0359375 0.10546875
1 0.7078125 0.25390625 0.046875 0.0640625
1 0.73125 0.2640625 0.034375 0.0609375