3 0.9671875 0.16796875 0.0625 0.16953125
5 0.55625 0.58359375 0.13125 0.2
1 0.71875 0.54296875 0.1125 0.153125
1 0.24453125 0.434375 0.1015625 0.1640625
1 0.60546875 0.421875 0.1046875 0.1390625
1 0.4484375 0.4640625 0.1 0.15
1 0.95859375 0.884375 0.0796875 0.225
1 0.3578125 0.3109375 0.09375 0.15
1 0.1890625 0.353125 0.090625 0.121875
1 0.50703125 0.30859375 0.0765625 0.11640625
1 0.96875 0.3015625 0.059375 0.14140625
1 0.2640625 0.25703125 0.071875 0.10859375
1 0.14609375 0.30703125 0.0546875 0.10859375
1 0.78046875 0.259375 0.0671875 0.10859375
1 0.41875 0.390625 0.09375 0.1359375
1 0.5703125 0.3515625 0.09375 0.146875
1 0.92578125 0.27890625 0.0765625 0.13046875
1 0.3234375 0.28203125 0.078125 0.1359375
1 0.8421875 0.259375 0.06875 0.11953125
1 0.87265625 0.2765625 0.0609375 0.1140625
1 0.73828125 0.24609375 0.0546875 0.0859375
1 0.2 0.303125 0.08125 0.1
1 0.6890625 0.2625 0.05 0.04140625