2 0.22578125 0.365625 0.1171875 0.1640625
0 0.38828125 0.20703125 0.1078125 0.253125
3 0.6671875 0.63046875 0.25625 0.38359375
1 0.27265625 0.49609375 0.1078125 0.146875
1 0.88046875 0.778125 0.1390625 0.178125
1 0.934375 0.28359375 0.090625 0.1390625
1 0.31953125 0.29296875 0.0765625 0.11953125
1 0.1015625 0.30859375 0.0625 0.08359375
1 0.76484375 0.26796875 0.0578125 0.0859375
1 0.8921875 0.2765625 0.046875 0.125
1 0.97421875 0.24296875 0.0484375 0.10859375
1 0.84453125 0.275 0.0359375 0.10546875
1 0.1453125 0.30703125 0.0375 0.075
1 0.8265625 0.265625 0.05625 0.103125
1 0.73515625 0.25703125 0.0453125 0.06953125
1 0.7 0.265625 0.0375 0.04140625