3 0.13359375 0.20390625 0.1109375 0.2640625
1 0.340625 0.709375 0.125 0.16953125
1 0.2203125 0.33359375 0.090625 0.1390625
1 0.45859375 0.921875 0.1515625 0.15
1 0.7828125 0.9234375 0.178125 0.146875
1 0.33984375 0.32109375 0.0859375 0.11953125
1 0.603125 0.75859375 0.13125 0.16640625
1 0.74609375 0.59140625 0.1203125 0.178125
1 0.690625 0.875 0.140625 0.20546875
1 0.940625 0.859375 0.115625 0.225
1 0.6046875 0.4140625 0.096875 0.15
1 0.5390625 0.61796875 0.121875 0.18046875
1 0.67890625 0.4890625 0.1265625 0.19453125
1 0.55 0.34296875 0.1 0.146875
1 0.43359375 0.2875 0.0859375 0.146875
1 0.9078125 0.79296875 0.125 0.196875
1 0.259375 0.284375 0.059375 0.09140625
1 0.8140625 0.26640625 0.06875 0.1109375
1 0.96328125 0.3125 0.0703125 0.11953125
1 0.98359375 0.321875 0.0296875 0.128125
1 0.784375 0.24609375 0.065625 0.10859375
1 0.90078125 0.28203125 0.0640625 0.125
1 0.478125 0.2734375 0.034375 0.1140625
1 0.69921875 0.259375 0.0421875 0.053125
1 0.53125 0.303125 0.08125 0.13359375
1 0.3890625 0.2734375 0.03125 0.103125
1 0.85625 0.2640625 0.053125 0.121875
1 0.99375 0.3375 0.009375 0.15859375