3 0.2765625 0.44609375 0.18125 0.4640625
3 0.4296875 0.328125 0.159375 0.36640625
1 0.6046875 0.6125 0.11875 0.19140625
1 0.93125 0.83203125 0.134375 0.246875
1 0.67578125 0.50703125 0.1140625 0.16953125
1 0.63125 0.39609375 0.10625 0.15859375
1 0.57421875 0.340625 0.0828125 0.125
1 0.81171875 0.70703125 0.1328125 0.19140625
1 0.96796875 0.30390625 0.0609375 0.11953125
1 0.13203125 0.27890625 0.0703125 0.10859375
1 0.8921875 0.2640625 0.0875 0.1390625
1 0.76484375 0.2640625 0.0671875 0.1
1 0.82109375 0.25 0.0609375 0.10546875
1 0.68671875 0.2625 0.0609375 0.046875
1 0.08359375 0.2984375 0.0328125 0.0859375
1 0.9578125 0.24140625 0.059375 0.1
8 0.18125 0.4015625 0.03125 0.275
1 0.84296875 0.26640625 0.0328125 0.11640625
1 0.8109375 0.6015625 0.1125 0.075
1 0.990625 0.22890625 0.015625 0.053125