3 0.39296875 0.69296875 0.2328125 0.55859375
1 0.74375 0.6 0.11875 0.15
1 0.1984375 0.32890625 0.084375 0.1359375
1 0.6140625 0.40703125 0.103125 0.153125
1 0.69296875 0.49609375 0.1109375 0.14140625
1 0.30859375 0.29609375 0.0640625 0.103125
1 0.9484375 0.88203125 0.1 0.19140625
1 0.14609375 0.2875 0.0640625 0.103125
1 0.975 0.9234375 0.046875 0.146875
1 0.36875 0.33359375 0.08125 0.15
1 0.90625 0.284375 0.06875 0.125
1 0.82578125 0.271875 0.0546875 0.1
1 0.278125 0.2765625 0.065625 0.10859375
1 0.93828125 0.29609375 0.0421875 0.1140625
1 0.3875 0.23046875 0.0625 0.04453125
1 0.971875 0.29453125 0.053125 0.15546875
1 0.49453125 0.25390625 0.0671875 0.0640625
1 0.78671875 0.24609375 0.0671875 0.10859375
1 0.990625 0.34140625 0.015625 0.128125
1 0.87578125 0.271875 0.0421875 0.11640625
1 0.72109375 0.25390625 0.0328125 0.0640625
1 0.809375 0.25859375 0.059375 0.10546875
1 0.4359375 0.25546875 0.0875 0.05
1 0.9296875 0.21953125 0.071875 0.05546875
1 0.68984375 0.2625 0.0421875 0.0359375