5 0.334375 0.29609375 0.0875 0.1359375
1 0.42890625 0.4125 0.0984375 0.146875
1 0.778125 0.90546875 0.18125 0.18359375
1 0.60390625 0.3890625 0.1015625 0.1609375
1 0.65078125 0.875 0.1515625 0.24453125
1 0.21640625 0.39609375 0.0984375 0.13046875
1 0.946875 0.8890625 0.103125 0.19453125
1 0.55 0.684375 0.121875 0.15859375
1 0.15078125 0.28203125 0.0734375 0.10859375
1 0.62734375 0.759375 0.1359375 0.20859375
1 0.95859375 0.29609375 0.0796875 0.11953125
1 0.5421875 0.3265625 0.1 0.1640625
1 0.80703125 0.2625 0.0859375 0.103125
1 0.8796875 0.2765625 0.08125 0.1140625
1 0.41328125 0.278125 0.0765625 0.1109375
1 0.22265625 0.3015625 0.0671875 0.075
1 0.08203125 0.32109375 0.0609375 0.0640625
1 0.753125 0.2609375 0.05625 0.078125
1 0.5046875 0.2875 0.0875 0.153125
1 0.73046875 0.25 0.0578125 0.071875
1 0.3046875 0.27890625 0.065625 0.11953125
1 0.69296875 0.25859375 0.0265625 0.0390625
1 0.978125 0.23359375 0.040625 0.0890625
1 0.66953125 0.2609375 0.0296875 0.028125
1 0.9296875 0.221875 0.078125 0.0890625