3 0.0828125 0.275 0.09375 0.15
2 0.6171875 0.7859375 0.165625 0.24453125
2 0.51796875 0.53359375 0.1171875 0.178125
1 0.69765625 0.50703125 0.1109375 0.1640625
1 0.31328125 0.2859375 0.0859375 0.13359375
1 0.41171875 0.35546875 0.0921875 0.15
1 0.5640625 0.340625 0.0875 0.125
1 0.2078125 0.3625 0.09375 0.15859375
1 0.81640625 0.9515625 0.1640625 0.09140625
1 0.8734375 0.26796875 0.078125 0.11953125
1 0.49140625 0.28046875 0.0890625 0.13359375
1 0.97421875 0.3015625 0.0484375 0.14140625
1 0.2578125 0.28359375 0.046875 0.09453125
1 0.81640625 0.265625 0.0546875 0.096875
1 0.3703125 0.2890625 0.040625 0.08359375
1 0.91875 0.24453125 0.046875 0.09453125
1 0.96484375 0.24609375 0.0671875 0.1140625
1 0.73828125 0.25546875 0.0609375 0.0890625
1 0.7796875 0.265625 0.05 0.09140625
1 0.403125 0.26953125 0.040625 0.06640625