8 0.3796875 0.259375 0.11875 0.253125
2 0.32890625 0.603125 0.1265625 0.19453125
1 0.6234375 0.78359375 0.134375 0.18359375
1 0.22421875 0.38203125 0.0984375 0.13046875
1 0.61796875 0.415625 0.0984375 0.13046875
1 0.57109375 0.6640625 0.1421875 0.21640625
1 0.7984375 0.8875 0.196875 0.21953125
1 0.69296875 0.4984375 0.1078125 0.14140625
1 0.50078125 0.525 0.1203125 0.178125
1 0.94453125 0.29296875 0.0890625 0.11953125
1 0.8515625 0.72890625 0.13125 0.16953125
1 0.8671875 0.259375 0.08125 0.11953125
1 0.425 0.41953125 0.103125 0.15
1 0.76015625 0.265625 0.0734375 0.103125
1 0.3859375 0.321875 0.096875 0.18359375
1 0.1875 0.3 0.09375 0.15
1 0.13828125 0.29140625 0.0359375 0.121875
1 0.83515625 0.24140625 0.0734375 0.128125
1 0.734375 0.24296875 0.0625 0.0859375
1 0.93125 0.23359375 0.05625 0.05
1 0.6890625 0.2640625 0.034375 0.0390625
1 0.23984375 0.30390625 0.0328125 0.0640625
1 0.98671875 0.259375 0.0234375 0.096875