8 0.1078125 0.2625 0.09375 0.16953125
3 0.396875 0.80546875 0.215625 0.38359375
1 0.73125 0.903125 0.15 0.1890625
1 0.4265625 0.40546875 0.096875 0.15546875
1 0.8328125 0.690625 0.121875 0.1640625
1 0.71328125 0.565625 0.1109375 0.16953125
1 0.59765625 0.6890625 0.1390625 0.2109375
1 0.625 0.44453125 0.10625 0.15546875
1 0.63515625 0.83359375 0.1390625 0.18359375
1 0.253125 0.278125 0.078125 0.11640625
1 0.5234375 0.57109375 0.11875 0.16953125
1 0.85390625 0.2734375 0.0796875 0.11953125
1 0.37890625 0.34140625 0.1015625 0.16640625
1 0.93828125 0.3015625 0.0859375 0.11953125
1 0.7359375 0.26796875 0.06875 0.09140625
1 0.328125 0.29609375 0.075 0.1359375
1 0.55625 0.353125 0.08125 0.121875
1 0.496875 0.3015625 0.078125 0.125
1 0.8 0.28203125 0.04375 0.08046875
1 0.46015625 0.2765625 0.0671875 0.10859375
1 0.60546875 0.39140625 0.0859375 0.121875
1 0.52421875 0.33359375 0.0703125 0.11640625
1 0.93984375 0.25703125 0.0796875 0.08046875
1 0.99296875 0.2640625 0.0109375 0.11640625