2 0.41875 0.36796875 0.1 0.1640625
0 0.23984375 0.321875 0.1546875 0.35
1 0.5421875 0.33203125 0.09375 0.1359375
1 0.34140625 0.29296875 0.0703125 0.10859375
1 0.91171875 0.275 0.0828125 0.13359375
1 0.96953125 0.3 0.0578125 0.15
1 0.80078125 0.259375 0.0609375 0.10859375
1 0.4984375 0.2890625 0.078125 0.128125
1 0.7203125 0.25703125 0.059375 0.075
1 0.865625 0.2640625 0.06875 0.121875
1 0.38515625 0.2859375 0.0359375 0.078125
1 0.4265625 0.2515625 0.059375 0.0640625
1 0.76875 0.253125 0.053125 0.09453125