3 0.1625 0.20859375 0.125 0.30546875
1 0.6296875 0.81953125 0.140625 0.21640625
1 0.4140625 0.9125 0.146875 0.16953125
1 0.2765625 0.45546875 0.109375 0.1609375
1 0.40859375 0.41640625 0.0984375 0.1390625
1 0.759375 0.9375 0.15625 0.11953125
1 0.90546875 0.8 0.1421875 0.20546875
1 0.8046875 0.671875 0.14375 0.21640625
1 0.7125 0.5765625 0.11875 0.16953125
1 0.65 0.45546875 0.115625 0.16640625
1 0.290625 0.278125 0.071875 0.1109375
1 0.60390625 0.38203125 0.0953125 0.146875
1 0.4421875 0.34453125 0.096875 0.1609375
1 0.53203125 0.315625 0.0953125 0.1359375
1 0.2515625 0.26796875 0.046875 0.096875
1 0.37109375 0.28046875 0.0734375 0.1
1 0.95546875 0.309375 0.0578125 0.11953125
1 0.98125 0.31640625 0.034375 0.13359375
1 0.77578125 0.246875 0.0671875 0.1109375
1 0.81640625 0.26796875 0.0515625 0.103125
1 0.95546875 0.28203125 0.0859375 0.153125
1 0.51015625 0.26953125 0.0671875 0.078125
1 0.853125 0.26640625 0.046875 0.11640625
1 0.9890625 0.3359375 0.01875 0.128125
1 0.8984375 0.28203125 0.065625 0.125