3 0.1765625 0.225 0.121875 0.30546875
1 0.72890625 0.90859375 0.1703125 0.178125
1 0.30859375 0.7109375 0.1265625 0.19453125
1 0.4265625 0.85 0.15 0.228125
1 0.6296875 0.7859375 0.128125 0.18359375
1 0.53515625 0.65390625 0.1171875 0.16953125
1 0.8484375 0.728125 0.128125 0.19453125
1 0.9328125 0.84609375 0.13125 0.2140625
1 0.346875 0.3125 0.084375 0.1359375
1 0.5125 0.5375 0.121875 0.1859375
1 0.66171875 0.475 0.1265625 0.19453125
1 0.43984375 0.41640625 0.1078125 0.16640625
1 0.9703125 0.3109375 0.05625 0.14453125
1 0.8703125 0.28046875 0.078125 0.1109375
1 0.79140625 0.64296875 0.1234375 0.20859375
1 0.26328125 0.53203125 0.1265625 0.196875
1 0.28984375 0.278125 0.0703125 0.1109375
1 0.80625 0.26640625 0.065625 0.1
1 0.74609375 0.25859375 0.0640625 0.0890625
1 0.47109375 0.271875 0.0734375 0.1390625
1 0.97578125 0.909375 0.0453125 0.175
1 0.63515625 0.40703125 0.1140625 0.175
1 0.24453125 0.2875 0.0421875 0.0859375
1 0.571875 0.35 0.10625 0.1609375
1 0.52265625 0.32109375 0.0734375 0.13046875
1 0.86640625 0.2265625 0.0671875 0.05859375
1 0.1125 0.2859375 0.03125 0.10546875
1 0.41875 0.278125 0.0625 0.1109375
1 0.9890625 0.225 0.01875 0.05546875