2 0.3953125 0.38203125 0.1125 0.16953125
3 0.6203125 0.865625 0.325 0.2640625
2 0.39765625 0.884375 0.1421875 0.225
1 0.83984375 0.74140625 0.1359375 0.19453125
1 0.49296875 0.5125 0.1109375 0.175
1 0.721875 0.53046875 0.109375 0.15
1 0.21953125 0.290625 0.0671875 0.0859375
1 0.940625 0.8890625 0.115625 0.19453125
1 0.11328125 0.28046875 0.0703125 0.10546875
1 0.3296875 0.29140625 0.078125 0.121875
1 0.87109375 0.2640625 0.0828125 0.128125
1 0.2765625 0.26953125 0.059375 0.1
1 0.93671875 0.29296875 0.0796875 0.1140625
1 0.98046875 0.334375 0.0359375 0.1359375
1 0.80703125 0.2640625 0.0640625 0.10546875
1 0.4328125 0.2765625 0.071875 0.1140625
1 0.73125 0.2625 0.065625 0.08046875
1 0.88515625 0.98359375 0.1296875 0.028125
1 0.9828125 0.2359375 0.03125 0.078125
1 0.9546875 0.2140625 0.0625 0.0609375
1 0.38046875 0.278125 0.0453125 0.0609375