2 0.3734375 0.83203125 0.1625 0.246875
3 0.240625 0.3609375 0.15 0.371875
3 0.10625 0.21953125 0.121875 0.25
1 0.4578125 0.47109375 0.10625 0.16953125
1 0.58828125 0.703125 0.1421875 0.2109375
1 0.7015625 0.865625 0.15625 0.2359375
1 0.57265625 0.36640625 0.0984375 0.178125
1 0.75 0.56640625 0.1375 0.20546875
1 0.88359375 0.77109375 0.1578125 0.24140625
1 0.390625 0.353125 0.090625 0.1390625
1 0.50546875 0.2984375 0.0828125 0.13046875
1 0.7828125 0.95703125 0.153125 0.08046875
1 0.95859375 0.3015625 0.0796875 0.11953125
1 0.46328125 0.9734375 0.1484375 0.046875
1 0.89921875 0.2734375 0.0796875 0.1359375
1 0.8234375 0.6734375 0.15 0.2140625
1 0.4203125 0.27109375 0.078125 0.125
1 0.73359375 0.2734375 0.0640625 0.075
1 0.8484375 0.2625 0.0625 0.125
1 0.803125 0.259375 0.0625 0.11953125
1 0.63203125 0.4265625 0.0859375 0.13046875
1 0.3578125 0.33203125 0.059375 0.11953125
1 0.65859375 0.46953125 0.1046875 0.1609375
1 0.96796875 0.2234375 0.0609375 0.05859375
1 0.32578125 0.28359375 0.0578125 0.1109375