3 0.128125 0.2140625 0.10625 0.2609375
1 0.82421875 0.69453125 0.1421875 0.221875
1 0.70234375 0.5609375 0.1140625 0.15
1 0.5734375 0.690625 0.121875 0.175
1 0.403125 0.3609375 0.0875 0.128125
1 0.490625 0.296875 0.084375 0.128125
1 0.62421875 0.41640625 0.0984375 0.1390625
1 0.94140625 0.284375 0.0921875 0.1359375
1 0.515625 0.60859375 0.115625 0.15
1 0.909375 0.8765625 0.140625 0.1859375
1 0.3515625 0.303125 0.078125 0.128125
1 0.28046875 0.2875 0.0734375 0.096875
1 0.753125 0.2609375 0.071875 0.1109375
1 0.82421875 0.9765625 0.1296875 0.04140625
1 0.8453125 0.275 0.0625 0.08359375
1 0.98125 0.9234375 0.034375 0.146875
1 0.43046875 0.2734375 0.0640625 0.103125
1 0.23828125 0.29453125 0.0296875 0.078125
1 0.89921875 0.2515625 0.0640625 0.10859375
1 0.4859375 0.984375 0.11875 0.025
1 0.80234375 0.2734375 0.0390625 0.08046875
1 0.4 0.246875 0.059375 0.08359375