3 0.4734375 0.7765625 0.275 0.44140625
1 0.64375 0.45546875 0.10625 0.18359375
1 0.25 0.40546875 0.103125 0.1609375
1 0.80234375 0.9625 0.1609375 0.06953125
1 0.84140625 0.709375 0.1421875 0.225
1 0.74921875 0.9140625 0.1546875 0.16640625
1 0.42421875 0.40859375 0.0953125 0.1390625
1 0.58046875 0.3890625 0.0859375 0.128125
1 0.6265625 0.7640625 0.109375 0.19453125
1 0.5203125 0.328125 0.084375 0.11640625
1 0.471875 0.515625 0.115625 0.103125
1 0.23359375 0.2734375 0.0734375 0.11953125
1 0.384375 0.3515625 0.08125 0.13046875
1 0.90859375 0.271875 0.0765625 0.128125
1 0.31875 0.30859375 0.075 0.09453125
1 0.44296875 0.27890625 0.0640625 0.096875
1 0.93515625 0.80859375 0.1265625 0.2609375
1 0.603125 0.628125 0.09375 0.1109375
1 0.84609375 0.26796875 0.0671875 0.10859375
1 0.77578125 0.25859375 0.0578125 0.09453125
1 0.96015625 0.29296875 0.0734375 0.13046875
1 0.29765625 0.253125 0.0703125 0.0890625
1 0.9828125 0.32109375 0.03125 0.14140625
1 0.825 0.25703125 0.0625 0.10859375
1 0.5015625 0.29140625 0.075 0.121875
1 0.7171875 0.25546875 0.059375 0.071875
1 0.98515625 0.2140625 0.0265625 0.071875
1 0.37890625 0.265625 0.0578125 0.0640625
1 0.0078125 0.790625 0.015625 0.225
1 0.9921875 0.334375 0.0125 0.15859375