3 0.1109375 0.2234375 0.096875 0.2359375
8 0.41171875 0.81640625 0.1984375 0.3609375
1 0.48046875 0.5359375 0.1234375 0.19453125
1 0.7453125 0.909375 0.165625 0.175
1 0.93984375 0.875 0.1171875 0.1890625
1 0.271875 0.471875 0.109375 0.171875
1 0.575 0.72109375 0.125 0.16953125
1 0.91015625 0.28359375 0.0859375 0.13359375
1 0.87265625 0.753125 0.1328125 0.19453125
1 0.79921875 0.6515625 0.1171875 0.16953125
1 0.7359375 0.559375 0.1375 0.20859375
1 0.66484375 0.4640625 0.1078125 0.1609375
1 0.6828125 0.8515625 0.14375 0.2140625
1 0.39296875 0.3734375 0.0859375 0.125
1 0.21796875 0.39609375 0.0984375 0.153125
1 0.61484375 0.39609375 0.0953125 0.146875
1 0.259375 0.2734375 0.0625 0.096875
1 0.82734375 0.259375 0.0796875 0.11953125
1 0.440625 0.43359375 0.09375 0.1390625
1 0.31875 0.2875 0.075 0.13046875
1 0.5078125 0.3 0.0875 0.14453125
1 0.36875 0.31640625 0.0875 0.1390625
1 0.17265625 0.31953125 0.0921875 0.15546875
1 0.66328125 0.8015625 0.1421875 0.2140625
1 0.7765625 0.24609375 0.071875 0.1140625
1 0.9703125 0.24453125 0.05625 0.10546875
1 0.4421875 0.26640625 0.065625 0.121875
1 0.57578125 0.3515625 0.0859375 0.153125
1 0.9890625 0.325 0.01875 0.1390625
1 0.48828125 0.28203125 0.0765625 0.1359375