2 0.534375 0.5890625 0.15625 0.24453125
5 0.31875 0.284375 0.084375 0.1359375
5 0.67734375 0.4734375 0.1234375 0.1859375
1 0.634375 0.76640625 0.140625 0.2
1 0.325 0.7375 0.125 0.1640625
1 0.76484375 0.64453125 0.1203125 0.15
1 0.87734375 0.77109375 0.1296875 0.16953125
1 0.7484375 0.909375 0.159375 0.175
1 0.5046875 0.9625 0.16875 0.06953125
1 0.83671875 0.95546875 0.1546875 0.08359375
1 0.4296875 0.28359375 0.071875 0.1
1 0.55390625 0.38203125 0.0953125 0.14140625
1 0.96484375 0.89453125 0.0671875 0.20546875
1 0.83828125 0.2625 0.0765625 0.11953125
1 0.14140625 0.27890625 0.0703125 0.10859375
1 0.9796875 0.31640625 0.0375 0.14453125
1 0.534375 0.31953125 0.09375 0.15
1 0.9265625 0.27109375 0.090625 0.146875
1 0.2703125 0.28046875 0.034375 0.09453125
1 0.3765625 0.284375 0.05 0.0859375
1 0.2375 0.275 0.05 0.1
1 0.73984375 0.26640625 0.0828125 0.08359375
1 0.10078125 0.2984375 0.0453125 0.08046875
1 0.796875 0.25546875 0.05 0.10546875
1 0.25 0.28203125 0.034375 0.096875
1 0.2078125 0.3 0.040625 0.06640625
1 0.73046875 0.98359375 0.1078125 0.028125
1 0.97890625 0.240625 0.0390625 0.06953125