3 0.1546875 0.2125 0.134375 0.303125
1 0.67734375 0.85859375 0.1484375 0.2109375
1 0.57734375 0.690625 0.1234375 0.18046875
1 0.3875 0.821875 0.140625 0.228125
1 0.66171875 0.4890625 0.1203125 0.178125
1 0.45234375 0.4890625 0.1078125 0.171875
1 0.5359375 0.309375 0.0875 0.13046875
1 0.915625 0.80703125 0.13125 0.19140625
1 0.51484375 0.94453125 0.1703125 0.10546875
1 0.96328125 0.9015625 0.0703125 0.19140625
1 0.546875 0.5984375 0.121875 0.18046875
1 0.4125 0.375 0.1 0.128125
1 0.62109375 0.40703125 0.1015625 0.153125
1 0.44375 0.290625 0.075 0.103125
1 0.334375 0.31953125 0.084375 0.11640625
1 0.73828125 0.25859375 0.0703125 0.0890625
1 0.81875 0.26796875 0.0625 0.103125
1 0.87734375 0.28046875 0.0609375 0.1109375
1 0.9140625 0.28046875 0.0375 0.121875
1 0.96328125 0.203125 0.0703125 0.0609375
1 0.3359375 0.265625 0.090625 0.096875
1 0.42890625 0.2484375 0.0484375 0.046875
1 0.38515625 0.24609375 0.0390625 0.046875
1 0.8234375 0.2125 0.06875 0.05859375
1 0.3859375 0.26796875 0.04375 0.09140625
1 0.9890625 0.33359375 0.01875 0.121875
1 0.75234375 0.23359375 0.0609375 0.0609375
1 0.95625 0.30703125 0.08125 0.11953125