3 0.3546875 0.609375 0.2125 0.525
0 0.784375 0.18359375 0.115625 0.2390625
1 0.9203125 0.853125 0.140625 0.21640625
1 0.68203125 0.509375 0.1078125 0.14140625
1 0.69609375 0.9375 0.1609375 0.11953125
1 0.17578125 0.30859375 0.0796875 0.128125
1 0.56171875 0.35 0.0890625 0.14453125
1 0.634375 0.41953125 0.1 0.13359375
1 0.8625 0.77109375 0.11875 0.175
1 0.12578125 0.2890625 0.0546875 0.1
1 0.284375 0.2859375 0.0625 0.09453125
1 0.97890625 0.3015625 0.0390625 0.15859375
1 0.91171875 0.2859375 0.0703125 0.128125
1 0.334375 0.296875 0.065625 0.121875
1 0.94765625 0.296875 0.0515625 0.11640625
1 0.82734375 0.275 0.0546875 0.09453125
1 0.871875 0.26796875 0.059375 0.125
1 0.78671875 0.24609375 0.0671875 0.1140625
1 0.26015625 0.275 0.0609375 0.10546875
1 0.2453125 0.2890625 0.03125 0.08359375
1 0.7203125 0.25546875 0.03125 0.06640625