2 0.28984375 0.56640625 0.1390625 0.20546875
3 0.80390625 0.75546875 0.2703125 0.48359375
1 0.4265625 0.90703125 0.16875 0.18046875
1 0.6171875 0.79296875 0.121875 0.18046875
1 0.4546875 0.459375 0.103125 0.175
1 0.3078125 0.753125 0.128125 0.18359375
1 0.19921875 0.34140625 0.0859375 0.121875
1 0.37265625 0.31796875 0.0890625 0.153125
1 0.66640625 0.4484375 0.1171875 0.1859375
1 0.95703125 0.890625 0.0828125 0.19140625
1 0.94609375 0.2875 0.0859375 0.125
1 0.86484375 0.2765625 0.0796875 0.10859375
1 0.46875 0.2984375 0.06875 0.10859375
1 0.55390625 0.35703125 0.0828125 0.125
1 0.11640625 0.3015625 0.0546875 0.08046875
1 0.3171875 0.29140625 0.06875 0.121875
1 0.5328125 0.3109375 0.078125 0.128125
1 0.77734375 0.25546875 0.0609375 0.1
1 0.171875 0.30546875 0.075 0.13359375
1 0.825 0.265625 0.059375 0.096875
1 0.071875 0.3109375 0.05 0.071875
1 0.940625 0.225 0.065625 0.0609375
1 0.43515625 0.28359375 0.0578125 0.09453125
1 0.284375 0.2765625 0.059375 0.10859375
1 0.73046875 0.26640625 0.0421875 0.0609375
1 0.2453125 0.296875 0.040625 0.071875
1 0.6890625 0.271875 0.04375 0.03359375
1 0.6171875 0.403125 0.090625 0.1390625
1 0.2171875 0.26640625 0.028125 0.04453125