5 0.46875 0.475 0.125 0.2109375
3 0.2359375 0.20546875 0.09375 0.2
1 0.70078125 0.859375 0.1609375 0.23046875
1 0.8265625 0.7359375 0.125 0.171875
1 0.65859375 0.48359375 0.1140625 0.16640625
1 0.20625 0.35 0.090625 0.13359375
1 0.1390625 0.2765625 0.071875 0.103125
1 0.48125 0.29140625 0.08125 0.121875
1 0.28359375 0.27890625 0.0734375 0.10859375
1 0.61953125 0.415625 0.0984375 0.146875
1 0.36640625 0.340625 0.0765625 0.125
1 0.95546875 0.296875 0.0859375 0.13359375
1 0.54296875 0.334375 0.0828125 0.11953125
1 0.40625 0.403125 0.0875 0.14453125
1 0.5765625 0.38046875 0.078125 0.121875
1 0.86328125 0.275 0.0828125 0.1109375
1 0.90546875 0.284375 0.0640625 0.1140625
1 0.83046875 0.25703125 0.0890625 0.1140625
1 0.775 0.26796875 0.040625 0.0859375
1 0.96953125 0.23046875 0.0578125 0.08359375
1 0.75234375 0.2640625 0.0453125 0.078125
1 0.44609375 0.2640625 0.0578125 0.1
1 0.99296875 0.32890625 0.0109375 0.11953125
1 0.41484375 0.284375 0.0546875 0.096875