3 0.09140625 0.2234375 0.1234375 0.24140625
3 0.46796875 0.778125 0.2890625 0.4390625
1 0.7359375 0.584375 0.121875 0.196875
1 0.85703125 0.740625 0.1296875 0.1859375
1 0.7015625 0.8890625 0.14375 0.1890625
1 0.4125 0.3890625 0.09375 0.128125
1 0.634375 0.44609375 0.10625 0.153125
1 0.20859375 0.334375 0.0796875 0.11953125
1 0.48671875 0.3015625 0.0828125 0.1140625
1 0.95390625 0.89609375 0.0890625 0.1859375
1 0.2953125 0.7109375 0.103125 0.2109375
1 0.31484375 0.290625 0.0734375 0.103125
1 0.590625 0.346875 0.109375 0.1609375
1 0.9125 0.278125 0.0875 0.128125
1 0.51328125 0.52109375 0.1109375 0.11953125
1 0.84375 0.2640625 0.075 0.121875
1 0.28828125 0.5734375 0.1109375 0.14140625
1 0.61875 0.703125 0.0875 0.20546875
1 0.43828125 0.275 0.0609375 0.09453125
1 0.26171875 0.28203125 0.0546875 0.0859375
1 0.78984375 0.253125 0.0640625 0.1109375
1 0.378125 0.33359375 0.078125 0.121875
1 0.38203125 0.2609375 0.0609375 0.0609375
1 0.75 0.259375 0.034375 0.075
1 0.98125 0.325 0.034375 0.15546875
1 0.2296875 0.2640625 0.03125 0.04453125
1 0.97578125 0.246875 0.0453125 0.1109375