3 0.36875 0.6484375 0.215625 0.5359375
0 0.09140625 0.2859375 0.1015625 0.1109375
3 0.5609375 0.82890625 0.325 0.3359375
1 0.74765625 0.7234375 0.1234375 0.16953125
1 0.46015625 0.26796875 0.0859375 0.14140625
3 0.909375 0.85 0.178125 0.29453125
1 0.76171875 0.9390625 0.1234375 0.11640625
1 0.80625 0.25546875 0.084375 0.11640625
1 0.86484375 0.76640625 0.1203125 0.2
1 0.4765625 0.4640625 0.08125 0.16640625
1 0.403125 0.28359375 0.04375 0.1
1 0.96328125 0.2984375 0.0671875 0.14140625
1 0.87734375 0.2609375 0.0703125 0.121875
1 0.76171875 0.25 0.0546875 0.1
1 0.9109375 0.2859375 0.059375 0.1109375
1 0.99296875 0.28359375 0.0109375 0.221875
1 0.965625 0.221875 0.0625 0.08359375
1 0.659375 0.778125 0.16875 0.24453125
1 0.7140625 0.25546875 0.04375 0.0609375