2 0.890625 0.784375 0.159375 0.2359375
3 0.0875 0.25546875 0.1 0.178125
1 0.459375 0.90390625 0.1875 0.1859375
1 0.5453125 0.6625 0.121875 0.175
1 0.68125 0.525 0.115625 0.171875
1 0.465625 0.49453125 0.109375 0.171875
1 0.6875 0.8875 0.146875 0.1859375
1 0.22109375 0.36796875 0.0921875 0.13046875
1 0.8625 0.9390625 0.203125 0.11640625
1 0.57890625 0.365625 0.0890625 0.125
1 0.26796875 0.284375 0.0671875 0.0859375
1 0.5171875 0.321875 0.0875 0.121875
1 0.421875 0.37890625 0.09375 0.153125
1 0.92109375 0.2859375 0.0734375 0.1109375
1 0.640625 0.4125 0.090625 0.13046875
1 0.97109375 0.315625 0.0546875 0.1359375
1 0.7734375 0.26953125 0.06875 0.0890625
1 0.46875 0.275 0.06875 0.1
1 0.98125 0.88046875 0.034375 0.23359375
1 0.3578125 0.29453125 0.059375 0.078125
1 0.384375 0.34609375 0.075 0.125
1 0.421875 0.253125 0.06875 0.09453125
1 0.87734375 0.2734375 0.0640625 0.103125
1 0.209375 0.29609375 0.0625 0.06953125
1 0.728125 0.2625 0.040625 0.05859375
1 0.94609375 0.2359375 0.0484375 0.05546875
1 0.85234375 0.2609375 0.0453125 0.0890625
1 0.90234375 0.21953125 0.0484375 0.0390625
1 0.9828125 0.21796875 0.03125 0.0640625
1 0.70703125 0.253125 0.0453125 0.05546875
1 0.21953125 0.28359375 0.0453125 0.05