3 0.19296875 0.2484375 0.1453125 0.353125
3 0.35 0.5875 0.21875 0.51953125
1 0.7 0.9 0.15625 0.19453125
1 0.746875 0.59453125 0.1375 0.2109375
1 0.6015625 0.371875 0.09375 0.14453125
1 0.49375 0.52890625 0.11875 0.196875
1 0.53125 0.31796875 0.084375 0.13046875
1 0.9109375 0.28359375 0.084375 0.121875
1 0.92421875 0.8140625 0.1140625 0.20546875
1 0.6546875 0.4765625 0.084375 0.1359375
1 0.7234375 0.528125 0.128125 0.1890625
1 0.10078125 0.29609375 0.0640625 0.0859375
1 0.9796875 0.30703125 0.0375 0.146875
1 0.825 0.265625 0.059375 0.103125
1 0.78828125 0.2640625 0.0484375 0.1
1 0.87109375 0.26640625 0.0578125 0.11640625
1 0.38984375 0.3125 0.0765625 0.0640625
1 0.478125 0.275 0.06875 0.10546875
1 0.75078125 0.2625 0.0515625 0.08046875
1 0.34921875 0.290625 0.0765625 0.0859375
1 0.971875 0.25 0.053125 0.09453125
1 0.43203125 0.2765625 0.0484375 0.09140625
1 0.7046875 0.259375 0.046875 0.046875
1 0.3109375 0.275 0.06875 0.10546875
1 0.45 0.3875 0.078125 0.10859375