3 0.1171875 0.2109375 0.11875 0.2609375
1 0.3546875 0.68203125 0.13125 0.20859375
1 0.89140625 0.775 0.1484375 0.2390625
1 0.26484375 0.51796875 0.1109375 0.1859375
1 0.50390625 0.55546875 0.1171875 0.171875
1 0.73984375 0.59453125 0.1234375 0.178125
1 0.73203125 0.88359375 0.1484375 0.221875
1 0.8015625 0.94296875 0.159375 0.10859375
1 0.4390625 0.41796875 0.096875 0.146875
1 0.6796875 0.49609375 0.103125 0.15859375
1 0.525 0.3125 0.09375 0.146875
1 0.3453125 0.3265625 0.084375 0.1359375
1 0.81171875 0.696875 0.1234375 0.18359375
1 0.96875 0.9015625 0.059375 0.19140625
1 0.9796875 0.32890625 0.0375 0.125
1 0.41953125 0.365625 0.0921875 0.146875
1 0.9078125 0.290625 0.06875 0.1140625
1 0.771875 0.25859375 0.065625 0.09453125
1 0.43046875 0.2640625 0.0609375 0.078125
1 0.8390625 0.2734375 0.065625 0.10859375
1 0.97109375 0.303125 0.0546875 0.14453125
1 0.27421875 0.284375 0.0578125 0.09140625
1 0.48203125 0.28046875 0.0640625 0.10546875
1 0.72265625 0.253125 0.0453125 0.06640625
1 0.321875 0.2890625 0.06875 0.10546875
1 0.69609375 0.25703125 0.0234375 0.046875
1 0.965625 0.215625 0.059375 0.053125
1 0.84921875 0.209375 0.0703125 0.053125
1 0.9171875 0.20703125 0.0625 0.05859375