3 0.41875 0.2859375 0.153125 0.378125
2 0.5265625 0.6015625 0.128125 0.203125
1 0.79453125 0.934375 0.1703125 0.125
1 0.2609375 0.5234375 0.10625 0.153125
1 0.6265625 0.40390625 0.09375 0.1359375
1 0.92578125 0.28046875 0.0890625 0.13359375
1 0.28671875 0.28359375 0.0734375 0.10546875
1 0.203125 0.27890625 0.071875 0.10859375
1 0.58671875 0.35 0.0984375 0.15
1 0.51875 0.2859375 0.06875 0.14453125
1 0.7890625 0.25390625 0.075 0.10859375
1 0.98203125 0.93203125 0.0328125 0.13046875
1 0.8421875 0.26796875 0.05 0.103125
1 0.88359375 0.26796875 0.0640625 0.11953125
1 0.73671875 0.25390625 0.0484375 0.08046875
1 0.10546875 0.30546875 0.0453125 0.06640625
1 0.3375 0.29609375 0.025 0.06953125
1 0.96875 0.2515625 0.059375 0.096875
1 0.14765625 0.2890625 0.0515625 0.0890625
1 0.70078125 0.2609375 0.0328125 0.0390625