0 0.9546875 0.184375 0.078125 0.14140625
5 0.50546875 0.57109375 0.1296875 0.19140625
2 0.70703125 0.5359375 0.1359375 0.2
1 0.3859375 0.7375 0.1375 0.20859375
1 0.80546875 0.6609375 0.1390625 0.19453125
1 0.903125 0.8125 0.140625 0.18046875
1 0.1765625 0.290625 0.08125 0.13046875
1 0.3765625 0.30859375 0.084375 0.14453125
1 0.29375 0.26953125 0.0875 0.1390625
1 0.240625 0.28203125 0.040625 0.096875
1 0.9625 0.30546875 0.071875 0.11640625
1 0.1015625 0.30390625 0.0625 0.075
1 0.9125 0.2765625 0.08125 0.14140625
1 0.85546875 0.271875 0.0703125 0.121875
1 0.72109375 0.253125 0.0265625 0.0609375
1 0.75546875 0.25546875 0.0609375 0.1
1 0.22734375 0.2640625 0.0703125 0.1109375
1 0.80703125 0.25703125 0.0640625 0.1140625
1 0.99296875 0.33203125 0.0109375 0.153125