5 0.29765625 0.278125 0.0890625 0.128125
5 0.6859375 0.821875 0.159375 0.24453125
1 0.55 0.334375 0.09375 0.14140625
1 0.18984375 0.3375 0.0890625 0.125
1 0.59765625 0.753125 0.1265625 0.221875
1 0.84765625 0.7484375 0.1265625 0.175
1 0.3875 0.35390625 0.0875 0.13046875
1 0.54921875 0.6390625 0.1234375 0.19453125
1 0.91953125 0.28359375 0.0890625 0.128125
1 0.490625 0.290625 0.0875 0.153125
1 0.496875 0.57109375 0.109375 0.146875
1 0.1296875 0.2765625 0.06875 0.103125
1 0.85546875 0.26640625 0.0671875 0.10546875
1 0.98359375 0.31640625 0.0296875 0.13359375
1 0.378125 0.2765625 0.071875 0.0859375
1 0.45703125 0.26796875 0.0859375 0.14140625
1 0.69140625 0.2515625 0.0390625 0.053125
1 0.7796875 0.265625 0.053125 0.09140625
1 0.81484375 0.2625 0.0390625 0.096875
1 0.7171875 0.25390625 0.034375 0.0640625
1 0.759375 0.25 0.059375 0.0890625
1 0.92265625 0.20546875 0.0546875 0.05546875
1 0.971875 0.23046875 0.053125 0.11640625
1 0.8703125 0.21953125 0.05625 0.05