3 0.4390625 0.3265625 0.153125 0.40859375
3 0.3828125 0.71796875 0.20625 0.503125
1 0.7390625 0.5984375 0.121875 0.18046875
1 0.61875 0.4015625 0.109375 0.15859375
1 0.8796875 0.78046875 0.134375 0.171875
1 0.6453125 0.7984375 0.13125 0.1859375
1 0.9453125 0.303125 0.0875 0.11640625
1 0.840625 0.26640625 0.078125 0.128125
1 0.1453125 0.2859375 0.071875 0.121875
1 0.49765625 0.96796875 0.1359375 0.05859375
1 0.61484375 0.71953125 0.1171875 0.16640625
1 0.840625 0.9609375 0.14375 0.071875
1 0.5484375 0.34140625 0.078125 0.11640625
1 0.2640625 0.6875 0.059375 0.19140625
1 0.78828125 0.25703125 0.0671875 0.11953125
1 0.10234375 0.29296875 0.0359375 0.09140625
1 0.903125 0.278125 0.065625 0.1109375
1 0.74921875 0.2484375 0.0515625 0.096875
1 0.54375 0.29140625 0.078125 0.09453125
1 0.18203125 0.340625 0.0359375 0.14140625
1 0.71015625 0.2640625 0.0328125 0.05