3 0.5203125 0.478125 0.1875 0.46640625
3 0.4796875 0.80703125 0.246875 0.38046875
1 0.903125 0.83359375 0.146875 0.21640625
1 0.1859375 0.321875 0.084375 0.1390625
1 0.30390625 0.2859375 0.0765625 0.11640625
1 0.12734375 0.29140625 0.0640625 0.10546875
1 0.7765625 0.93203125 0.14375 0.13046875
1 0.22265625 0.44140625 0.0609375 0.15546875
1 0.88203125 0.28359375 0.0796875 0.1109375
1 0.740625 0.57109375 0.128125 0.1859375
1 0.65 0.45 0.09375 0.1390625
1 0.79765625 0.259375 0.0734375 0.1140625
1 0.95546875 0.296875 0.0828125 0.1390625
1 0.2484375 0.28046875 0.053125 0.1
1 0.98125 0.33203125 0.034375 0.125
1 0.34140625 0.8890625 0.0703125 0.21640625
1 0.41796875 0.2765625 0.0640625 0.10859375
1 0.7234375 0.24609375 0.046875 0.08046875
1 0.85390625 0.26953125 0.0578125 0.1
1 0.8421875 0.98359375 0.121875 0.028125
1 0.7546875 0.2515625 0.0375 0.09140625
1 0.64296875 0.365625 0.0859375 0.075
1 0.9765625 0.23203125 0.04375 0.08046875