3 0.4046875 0.2609375 0.146875 0.33359375
3 0.1875 0.246875 0.175 0.3890625
1 0.36328125 0.78203125 0.1390625 0.2140625
1 0.64375 0.4375 0.10625 0.1640625
1 0.5359375 0.6484375 0.128125 0.19140625
1 0.72265625 0.9015625 0.1578125 0.19140625
1 0.7859375 0.62109375 0.134375 0.196875
1 0.30703125 0.615625 0.1140625 0.1640625
1 0.96015625 0.2984375 0.0765625 0.1359375
1 0.4875 0.534375 0.109375 0.15859375
1 0.93515625 0.85 0.1265625 0.23359375
1 0.6828125 0.771875 0.13125 0.2109375
1 0.984375 0.90859375 0.028125 0.178125
1 0.84296875 0.265625 0.0734375 0.11953125
1 0.78828125 0.2609375 0.0578125 0.1
1 0.31875 0.29140625 0.05 0.13359375
1 0.28671875 0.26796875 0.0453125 0.103125
1 0.98515625 0.22890625 0.0265625 0.09140625
1 0.91015625 0.26796875 0.0765625 0.1359375
1 0.7046875 0.2515625 0.0375 0.0640625
1 0.73046875 0.25390625 0.0359375 0.075
1 0.75546875 0.2515625 0.0359375 0.0859375