2 0.47734375 0.52109375 0.1171875 0.19140625
3 0.12109375 0.20859375 0.1359375 0.28359375
1 0.40078125 0.86953125 0.1390625 0.19453125
1 0.7875 0.6734375 0.13125 0.19140625
1 0.68359375 0.87890625 0.1640625 0.2359375
1 0.6234375 0.4 0.096875 0.171875
1 0.72265625 0.528125 0.1046875 0.1609375
1 0.26484375 0.2765625 0.0640625 0.10859375
1 0.7921875 0.26640625 0.06875 0.09453125
1 0.32265625 0.2890625 0.0671875 0.10546875
1 0.9875 0.34296875 0.021875 0.14140625
1 0.8875 0.284375 0.06875 0.10859375
1 0.4265625 0.40859375 0.11875 0.171875
1 0.82421875 0.96953125 0.1109375 0.05546875
1 0.95703125 0.27890625 0.0828125 0.153125
1 0.56015625 0.3484375 0.0828125 0.1640625
1 0.73203125 0.2515625 0.0671875 0.0859375
1 0.67890625 0.2609375 0.0359375 0.0390625