3 0.984375 0.140625 0.028125 0.2359375
5 0.165625 0.359375 0.103125 0.15859375
1 0.87421875 0.778125 0.1390625 0.20546875
1 0.7765625 0.64609375 0.125 0.19140625
1 0.2703125 0.453125 0.10625 0.171875
1 0.4796875 0.93203125 0.159375 0.13046875
5 0.44453125 0.3875 0.1109375 0.1640625
1 0.65859375 0.459375 0.1078125 0.146875
1 0.56953125 0.3609375 0.0953125 0.14453125
1 0.31953125 0.3 0.0796875 0.1109375
1 0.775 0.95390625 0.175 0.0859375
1 0.7265625 0.909375 0.146875 0.175
1 0.25 0.2890625 0.065625 0.0890625
1 0.40859375 0.28359375 0.0703125 0.09453125
1 0.8234375 0.259375 0.06875 0.1140625
1 0.50234375 0.3015625 0.0703125 0.103125
1 0.93828125 0.2890625 0.0765625 0.13359375
1 0.978125 0.3140625 0.040625 0.14453125
1 0.8859375 0.271875 0.0625 0.121875
1 0.478125 0.265625 0.06875 0.0859375
1 0.77890625 0.25859375 0.0453125 0.10546875
1 0.75234375 0.2484375 0.0484375 0.0859375
1 0.72734375 0.24609375 0.0265625 0.075