5 0.31875 0.2765625 0.084375 0.13046875
2 0.55 0.6625 0.1375 0.2140625
2 0.9234375 0.83046875 0.15 0.25
1 0.7234375 0.571875 0.128125 0.18359375
1 0.29296875 0.5375 0.1140625 0.175
1 0.6046875 0.40703125 0.103125 0.15859375
1 0.190625 0.30703125 0.08125 0.13046875
1 0.4625 0.290625 0.08125 0.1140625
1 0.83984375 0.6890625 0.1453125 0.221875
1 0.5546875 0.34296875 0.090625 0.14140625
1 0.121875 0.278125 0.078125 0.11640625
1 0.87734375 0.26953125 0.0796875 0.121875
1 0.403125 0.2765625 0.065625 0.10859375
1 0.46640625 0.4890625 0.0984375 0.14453125
1 0.25234375 0.290625 0.0578125 0.08046875
1 0.9703125 0.315625 0.05625 0.125
1 0.8296875 0.259375 0.059375 0.1140625
1 0.95546875 0.2859375 0.0765625 0.121875
1 0.79296875 0.253125 0.0671875 0.11640625
1 0.7328125 0.2625 0.059375 0.06953125
1 0.975 0.2234375 0.046875 0.075
1 0.9953125 0.35 0.00625 0.15546875
1 0.49921875 0.5640625 0.1171875 0.19453125