0 0.559375 0.540625 0.19375 0.446875
1 0.41953125 0.915625 0.1484375 0.1640625
1 0.29296875 0.66640625 0.1421875 0.2
1 0.82734375 0.73046875 0.1359375 0.2109375
1 0.82109375 0.95859375 0.1765625 0.078125
1 0.71953125 0.5609375 0.1140625 0.16640625
1 0.971875 0.9140625 0.053125 0.16640625
1 0.9421875 0.840625 0.1125 0.1859375
0 0.271875 0.465625 0.178125 0.346875
1 0.9171875 0.290625 0.084375 0.1140625
1 0.81328125 0.6390625 0.1328125 0.18359375
1 0.8171875 0.25703125 0.075 0.1140625
1 0.4515625 0.278125 0.08125 0.121875
1 0.328125 0.2875 0.071875 0.10859375
1 0.66875 0.4515625 0.065625 0.13046875
1 0.40390625 0.3734375 0.0890625 0.13046875
1 0.53046875 0.2890625 0.0828125 0.0890625
1 0.97734375 0.30703125 0.0421875 0.13046875
1 0.390625 0.26953125 0.0625 0.10546875
1 0.7671875 0.265625 0.04375 0.0859375
1 0.8890625 0.265625 0.071875 0.125
1 0.13203125 0.27109375 0.0328125 0.11953125
1 0.6078125 0.34140625 0.08125 0.0890625
1 0.97578125 0.2375 0.0453125 0.103125
1 0.74296875 0.24609375 0.0640625 0.0859375
1 0.1390625 0.3 0.028125 0.1109375
1 0.0984375 0.29140625 0.053125 0.09453125
1 0.46171875 0.515625 0.0359375 0.1859375