3 0.37109375 0.2109375 0.1515625 0.29453125
2 0.37421875 0.16640625 0.0953125 0.16640625
1 0.73203125 0.88359375 0.1578125 0.228125
1 0.5734375 0.6859375 0.11875 0.171875
1 0.4875 0.9390625 0.171875 0.11640625
1 0.91875 0.8109375 0.14375 0.221875
1 0.778125 0.603125 0.14375 0.221875
1 0.27421875 0.54609375 0.1421875 0.196875
1 0.64765625 0.421875 0.1015625 0.15
1 0.32734375 0.734375 0.1265625 0.16953125
1 0.45546875 0.446875 0.1171875 0.171875
1 0.1796875 0.3390625 0.0875 0.14453125
1 0.5390625 0.328125 0.1 0.14453125
1 0.515625 0.5765625 0.115625 0.153125
1 0.65546875 0.83046875 0.1109375 0.171875
1 0.9625 0.921875 0.071875 0.15
1 0.72734375 0.5140625 0.1140625 0.171875
1 0.9078125 0.28359375 0.075 0.11640625
1 0.434375 0.8265625 0.165625 0.30859375
1 0.1359375 0.26640625 0.0875 0.13359375
1 0.9875 0.32890625 0.021875 0.13046875
1 0.25 0.2875 0.04375 0.09140625
1 0.80546875 0.246875 0.0765625 0.128125
1 0.86796875 0.26640625 0.0671875 0.11640625
1 0.96953125 0.2859375 0.0578125 0.15
1 0.28515625 0.26796875 0.0421875 0.125
1 0.74921875 0.25859375 0.0484375 0.08359375
1 0.70703125 0.2609375 0.0453125 0.05
1 0.9671875 0.228125 0.0625 0.08359375
1 0.47578125 0.27890625 0.0390625 0.146875
1 0.35234375 0.121875 0.0796875 0.121875