3 0.11484375 0.21796875 0.1171875 0.246875
2 0.6328125 0.790625 0.140625 0.21953125
1 0.91328125 0.82890625 0.1453125 0.2140625
1 0.53359375 0.6234375 0.1203125 0.196875
1 0.7734375 0.93359375 0.153125 0.128125
1 0.2984375 0.57890625 0.1125 0.15859375
1 0.66875 0.484375 0.109375 0.146875
1 0.59921875 0.36796875 0.0953125 0.14140625
1 0.8140625 0.6890625 0.115625 0.1609375
1 0.3234375 0.29453125 0.08125 0.1109375
1 0.7484375 0.6015625 0.11875 0.15859375
1 0.4296875 0.275 0.06875 0.11640625
1 0.48671875 0.534375 0.1078125 0.146875
1 0.88828125 0.27890625 0.0671875 0.125
1 0.97734375 0.31953125 0.0421875 0.1390625
1 0.5390625 0.31953125 0.090625 0.1390625
1 0.38125 0.28359375 0.040625 0.0890625
1 0.840625 0.265625 0.059375 0.103125
1 0.2671875 0.27109375 0.065625 0.1140625
1 0.79140625 0.275 0.0484375 0.078125
1 0.9515625 0.275 0.0875 0.15546875
1 0.23671875 0.27109375 0.0421875 0.1140625
1 0.71171875 0.275 0.0515625 0.0390625
1 0.5234375 0.29453125 0.0875 0.14453125
1 0.8046875 0.2359375 0.046875 0.0390625