3 0.16171875 0.209375 0.1359375 0.303125
2 0.675 0.85859375 0.159375 0.2390625
1 0.4515625 0.9109375 0.15 0.171875
1 0.8421875 0.75859375 0.134375 0.171875
1 0.46796875 0.496875 0.1078125 0.15
1 0.7421875 0.6359375 0.115625 0.15546875
1 0.40234375 0.35703125 0.0921875 0.14140625
1 0.6953125 0.534375 0.11875 0.175
1 0.57421875 0.34609375 0.0921875 0.14140625
1 0.29921875 0.284375 0.0796875 0.125
1 0.97734375 0.9359375 0.0421875 0.121875
1 0.79765625 0.2640625 0.0734375 0.1
1 0.90625 0.27109375 0.0875 0.13046875
1 0.7390625 0.2609375 0.05625 0.08359375
1 0.98359375 0.33203125 0.0296875 0.13046875
1 0.24296875 0.29296875 0.0421875 0.08046875
1 0.971875 0.3015625 0.053125 0.1359375
1 0.36640625 0.31953125 0.0703125 0.128125
1 0.965625 0.215625 0.065625 0.09140625
1 0.434375 0.2640625 0.053125 0.071875
1 0.85625 0.27109375 0.034375 0.103125
1 0.0953125 0.2875 0.0375 0.103125
1 0.4546875 0.2875 0.040625 0.09140625
1 0.84453125 0.25859375 0.0421875 0.0890625
1 0.50546875 0.2765625 0.0734375 0.11953125