5 0.35703125 0.315625 0.0921875 0.14140625
1 0.46015625 0.4625 0.1046875 0.16953125
1 0.64609375 0.44296875 0.1078125 0.1640625
1 0.85625 0.9515625 0.159375 0.09140625
1 0.6640625 0.91796875 0.159375 0.15859375
1 0.23984375 0.44609375 0.1046875 0.1359375
1 0.58984375 0.7640625 0.1296875 0.171875
1 0.16640625 0.278125 0.0765625 0.1109375
1 0.5796875 0.3625 0.103125 0.16953125
1 0.928125 0.2875 0.084375 0.1140625
1 0.43671875 0.278125 0.0765625 0.11640625
1 0.2390625 0.2890625 0.06875 0.0890625
1 0.69765625 0.846875 0.1421875 0.221875
1 0.85390625 0.26953125 0.0765625 0.1109375
1 0.9828125 0.315625 0.03125 0.1359375
1 0.0953125 0.30390625 0.0625 0.075
1 0.78828125 0.26640625 0.0734375 0.09453125
1 0.53515625 0.3109375 0.0953125 0.1609375
1 0.71484375 0.25546875 0.0578125 0.06640625
1 0.33125 0.290625 0.06875 0.125
1 0.96484375 0.21640625 0.0609375 0.05
1 0.9921875 0.953125 0.0125 0.0890625
1 0.91328125 0.215625 0.0578125 0.06953125