8 0.146875 0.25 0.10625 0.20546875
2 0.56796875 0.69296875 0.1328125 0.203125
2 0.434375 0.4109375 0.109375 0.1609375
1 0.88515625 0.7734375 0.1390625 0.203125
1 0.5046875 0.55859375 0.128125 0.2
1 0.33515625 0.3015625 0.0890625 0.13046875
1 0.73515625 0.89453125 0.1484375 0.20546875
1 0.68046875 0.51953125 0.1078125 0.14453125
1 0.74921875 0.57890625 0.1140625 0.153125
1 0.9515625 0.29296875 0.0875 0.1359375
1 0.871875 0.27109375 0.06875 0.09140625
1 0.846875 0.959375 0.15625 0.075
1 0.8296875 0.684375 0.11875 0.15859375
1 0.46171875 0.296875 0.0765625 0.10546875
1 0.78203125 0.26796875 0.0734375 0.103125
1 0.47109375 0.484375 0.1046875 0.15859375
1 0.6375 0.4375 0.103125 0.15859375
1 0.253125 0.290625 0.053125 0.0859375
1 0.96328125 0.90859375 0.0703125 0.178125
1 0.60625 0.39296875 0.090625 0.15859375
1 0.23515625 0.28203125 0.0609375 0.096875
1 0.3078125 0.28046875 0.075 0.121875
1 0.07578125 0.31953125 0.0421875 0.06640625
1 0.72421875 0.26796875 0.0515625 0.0640625
1 0.4359375 0.2765625 0.06875 0.10859375
1 0.98984375 0.33203125 0.0171875 0.146875
1 0.38125 0.26953125 0.059375 0.1109375
1 0.9875 0.24140625 0.021875 0.05546875