8 0.93046875 0.17890625 0.1359375 0.125
2 0.50390625 0.52109375 0.1140625 0.1640625
1 0.3921875 0.3734375 0.096875 0.146875
1 0.18671875 0.33359375 0.0859375 0.121875
1 0.74765625 0.6265625 0.1203125 0.153125
1 0.51015625 0.32109375 0.0859375 0.1140625
1 0.96015625 0.29140625 0.0765625 0.128125
1 0.70859375 0.540625 0.1171875 0.16953125
1 0.6640625 0.471875 0.1 0.1390625
1 0.29296875 0.284375 0.0703125 0.096875
1 0.7 0.9015625 0.128125 0.19140625
1 0.7953125 0.25390625 0.05625 0.10859375
1 0.7375 0.265625 0.0625 0.075
1 0.88125 0.28046875 0.078125 0.10546875
1 0.853125 0.25 0.08125 0.1390625
1 0.10703125 0.3140625 0.0578125 0.06640625
1 0.746875 0.93046875 0.125 0.13359375
1 0.8703125 0.734375 0.128125 0.096875
1 0.36953125 0.321875 0.0828125 0.11640625
1 0.26796875 0.27109375 0.0671875 0.10859375
1 0.46875 0.275 0.071875 0.1109375
1 0.93984375 0.234375 0.0640625 0.096875
1 0.221875 0.284375 0.0375 0.0640625
1 0.4203125 0.278125 0.040625 0.078125
1 0.67734375 0.265625 0.0578125 0.0359375
1 0.45703125 0.30859375 0.0484375 0.06640625