2 0.32265625 0.6234375 0.1453125 0.23046875
3 0.24921875 0.37890625 0.1640625 0.4359375
0 0.53203125 0.4609375 0.1703125 0.421875
1 0.78046875 0.665625 0.1203125 0.1640625
1 0.70390625 0.51796875 0.1078125 0.146875
1 0.7328125 0.890625 0.146875 0.13046875
1 0.38828125 0.34453125 0.0921875 0.14453125
1 0.85 0.2609375 0.08125 0.11640625
1 0.9609375 0.2859375 0.075 0.1390625
1 0.6625 0.45 0.096875 0.15546875
1 0.1578125 0.3125 0.040625 0.1140625
1 0.75546875 0.27109375 0.0640625 0.09140625
1 0.36484375 0.29140625 0.0828125 0.128125
1 0.63671875 0.353125 0.0703125 0.128125
1 0.4453125 0.2859375 0.059375 0.09453125
1 0.70625 0.25390625 0.053125 0.0640625
1 0.7984375 0.2765625 0.03125 0.075
1 0.9234375 0.24296875 0.046875 0.10859375
1 0.96875 0.2 0.059375 0.08359375
1 0.89140625 0.25 0.0296875 0.0890625