3 0.1671875 0.21640625 0.134375 0.31640625
3 0.0875 0.215625 0.053125 0.253125
1 0.7453125 0.6015625 0.121875 0.15859375
1 0.30078125 0.6109375 0.1140625 0.15546875
1 0.57265625 0.35703125 0.0984375 0.14140625
1 0.8921875 0.771875 0.1625 0.23359375
1 0.45625 0.953125 0.165625 0.0890625
1 0.64140625 0.7984375 0.1359375 0.18046875
1 0.49375 0.540625 0.115625 0.146875
1 0.68125 0.471875 0.10625 0.15
1 0.41640625 0.371875 0.0953125 0.128125
1 0.5953125 0.7015625 0.125 0.1640625
1 0.7421875 0.953125 0.153125 0.0890625
1 0.3578125 0.309375 0.08125 0.13046875
1 0.43984375 0.278125 0.0796875 0.11640625
1 0.78046875 0.25546875 0.0640625 0.1
1 0.96640625 0.9109375 0.0640625 0.1609375
1 0.84765625 0.2765625 0.0765625 0.103125
1 0.98203125 0.30546875 0.0328125 0.14453125
1 0.92734375 0.28203125 0.0828125 0.125
1 0.2796875 0.27109375 0.065625 0.11953125
1 0.71875 0.2609375 0.065625 0.071875
1 0.24140625 0.275 0.0296875 0.1
1 0.32734375 0.2875 0.0640625 0.10859375
1 0.83671875 0.25390625 0.0609375 0.096875
1 0.8390625 0.2265625 0.053125 0.04140625
1 0.86171875 0.97890625 0.1203125 0.0359375
1 0.38984375 0.2609375 0.0453125 0.06640625
1 0.89609375 0.23203125 0.0421875 0.05859375
1 0.97890625 0.24453125 0.0390625 0.08359375
1 0.94140625 0.21953125 0.0515625 0.04453125