3 0.30234375 0.19453125 0.1078125 0.271875
3 0.20703125 0.30703125 0.1484375 0.353125
1 0.74921875 0.915625 0.1671875 0.1640625
1 0.57890625 0.37890625 0.0984375 0.146875
1 0.42109375 0.44296875 0.1015625 0.146875
1 0.65546875 0.8125 0.1609375 0.2359375
1 0.82109375 0.740625 0.1140625 0.1640625
1 0.928125 0.81640625 0.1375 0.2390625
1 0.88515625 0.27109375 0.0921875 0.1359375
1 0.79296875 0.65703125 0.1203125 0.18046875
1 0.48125 0.30859375 0.06875 0.1109375
1 0.98046875 0.3265625 0.0359375 0.146875
1 0.53515625 0.33359375 0.0765625 0.11640625
1 0.40546875 0.378125 0.0953125 0.14453125
1 0.36796875 0.32890625 0.0765625 0.11953125
1 0.68671875 0.25546875 0.0578125 0.05546875
1 0.40390625 0.265625 0.0671875 0.09140625
1 0.834375 0.2484375 0.071875 0.13046875
1 0.46015625 0.275 0.0671875 0.1
1 0.784375 0.26796875 0.040625 0.096875
1 0.96953125 0.24453125 0.0578125 0.1109375
1 0.72578125 0.2625 0.0328125 0.05859375
1 0.084375 0.31640625 0.034375 0.0609375
1 0.753125 0.26796875 0.040625 0.06953125