2 0.72734375 0.56640625 0.1296875 0.19453125
3 0.2765625 0.196875 0.159375 0.28359375
1 0.45859375 0.4625 0.1078125 0.14140625
1 0.58125 0.346875 0.1 0.15546875
1 0.3828125 0.321875 0.0875 0.11640625
1 0.15859375 0.2875 0.0703125 0.096875
1 0.92890625 0.85546875 0.1390625 0.25
1 0.865625 0.27109375 0.071875 0.1140625
1 0.96015625 0.3125 0.0765625 0.11953125
1 0.784375 0.25546875 0.0625 0.1109375
1 0.434375 0.284375 0.0625 0.096875
1 0.83671875 0.246875 0.0640625 0.11640625
1 0.74921875 0.24296875 0.0515625 0.096875
1 0.678125 0.2609375 0.04375 0.03359375
1 0.71171875 0.25703125 0.0328125 0.05859375