3 0.259375 0.390625 0.178125 0.446875
2 0.546875 0.66953125 0.13125 0.1890625
1 0.471875 0.9375 0.159375 0.11953125
1 0.39140625 0.35546875 0.1046875 0.16640625
2 0.60625 0.38359375 0.109375 0.171875
1 0.4890625 0.2875 0.075 0.125
1 0.91328125 0.284375 0.0703125 0.1140625
1 0.965625 0.30546875 0.065625 0.11640625
1 0.528125 0.33359375 0.040625 0.1109375
1 0.771875 0.26640625 0.05625 0.0890625
1 0.86328125 0.27109375 0.0609375 0.1140625
1 0.57890625 0.34140625 0.0921875 0.1609375
1 0.43359375 0.271875 0.0578125 0.1
1 0.72734375 0.496875 0.0984375 0.0609375
3 0.92421875 0.8515625 0.1484375 0.29140625
1 0.8234375 0.26953125 0.053125 0.10546875
1 0.36484375 0.30703125 0.0734375 0.125
1 0.725 0.25859375 0.05 0.0609375
1 0.4 0.24296875 0.034375 0.046875
1 0.73046875 0.26796875 0.0328125 0.046875
1 0.90546875 0.21953125 0.0421875 0.0390625
1 0.9484375 0.2265625 0.046875 0.053125