3 0.18671875 0.2515625 0.1484375 0.346875
2 0.621875 0.403125 0.109375 0.178125
1 0.60546875 0.778125 0.1328125 0.178125
1 0.71640625 0.5125 0.1109375 0.175
1 0.91953125 0.81640625 0.1484375 0.21640625
1 0.490625 0.5109375 0.1125 0.18359375
1 0.9546875 0.91640625 0.0875 0.1609375
1 0.43828125 0.428125 0.0953125 0.14453125
1 0.36796875 0.3375 0.0921875 0.153125
1 0.92109375 0.29140625 0.0859375 0.11640625
1 0.29921875 0.2859375 0.0671875 0.1
1 0.828125 0.25546875 0.08125 0.121875
1 0.565625 0.3484375 0.078125 0.11953125
1 0.52421875 0.325 0.0734375 0.121875
1 0.44375 0.284375 0.05 0.096875
1 0.74140625 0.26796875 0.0578125 0.075
1 0.48828125 0.296875 0.0703125 0.121875
1 0.41640625 0.275 0.0453125 0.0890625
1 0.9640625 0.26953125 0.034375 0.06640625
1 0.78046875 0.26796875 0.0328125 0.0859375
1 0.8796875 0.23046875 0.05625 0.078125
1 0.1046875 0.2984375 0.021875 0.08046875
1 0.28359375 0.24609375 0.0453125 0.0640625
1 0.36015625 0.284375 0.0703125 0.075
1 0.9046875 0.26953125 0.06875 0.11640625
1 0.11015625 0.2875 0.0328125 0.1140625