3 0.1828125 0.21953125 0.140625 0.31640625
1 0.5625 0.69296875 0.128125 0.1859375
1 0.41015625 0.86640625 0.1546875 0.228125
1 0.48671875 0.52109375 0.1328125 0.19140625
1 0.40390625 0.375 0.0953125 0.15
1 0.75 0.5984375 0.1125 0.175
1 0.75703125 0.9125 0.1453125 0.16953125
1 0.65 0.45859375 0.1 0.1390625
1 0.57890625 0.365625 0.1046875 0.1640625
1 0.8328125 0.95703125 0.171875 0.08046875
1 0.3140625 0.2875 0.075 0.11953125
1 0.49375 0.31640625 0.078125 0.121875
1 0.97421875 0.3125 0.0484375 0.1359375
1 0.71640625 0.53359375 0.0984375 0.15
1 0.83515625 0.265625 0.0734375 0.103125
1 0.0984375 0.2890625 0.053125 0.1
1 0.26328125 0.278125 0.0453125 0.10546875
1 0.74140625 0.265625 0.0640625 0.0859375
1 0.90234375 0.265625 0.0703125 0.13046875
1 0.4765625 0.2765625 0.084375 0.13046875
1 0.95859375 0.2859375 0.0796875 0.1390625
1 0.796875 0.265625 0.034375 0.09140625
1 0.43046875 0.25859375 0.0390625 0.09453125
1 0.38984375 0.27109375 0.0515625 0.075
1 0.97578125 0.2234375 0.0453125 0.0640625