1 0.328125 0.71640625 0.13125 0.178125
1 0.25 0.46640625 0.103125 0.16640625
1 0.4734375 0.93046875 0.1625 0.13359375
5 0.7640625 0.9 0.178125 0.19453125
5 0.85390625 0.7015625 0.1515625 0.225
1 0.31015625 0.2875 0.0796875 0.125
1 0.20078125 0.31953125 0.0828125 0.11640625
1 0.61484375 0.77890625 0.1328125 0.16953125
1 0.83671875 0.2609375 0.0796875 0.11640625
1 0.9015625 0.82890625 0.125 0.18046875
1 0.121875 0.29609375 0.06875 0.09140625
1 0.6703125 0.89296875 0.121875 0.20859375
1 0.75 0.27109375 0.059375 0.08046875
1 0.89296875 0.253125 0.0609375 0.10546875
1 0.9765625 0.87890625 0.04375 0.2359375
1 0.96015625 0.29140625 0.0765625 0.13359375
1 0.69921875 0.265625 0.0484375 0.046875
1 0.95 0.24609375 0.06875 0.103125
1 0.36640625 0.3140625 0.0421875 0.05546875
1 0.9859375 0.315625 0.025 0.146875
1 0.95234375 0.21953125 0.0609375 0.05