3 0.21328125 0.271875 0.1484375 0.371875
3 0.77890625 0.75859375 0.2765625 0.478125
1 0.36484375 0.775 0.1390625 0.178125
1 0.45546875 0.48046875 0.1109375 0.16640625
1 0.32734375 0.2875 0.0921875 0.146875
1 0.9609375 0.29453125 0.075 0.128125
1 0.79140625 0.2640625 0.0640625 0.09453125
1 0.90078125 0.28359375 0.0703125 0.1109375
1 0.5109375 0.290625 0.090625 0.146875
1 0.4140625 0.26953125 0.059375 0.1
1 0.91875 0.75546875 0.05625 0.2
1 0.73671875 0.25859375 0.0484375 0.06640625
1 0.84375 0.2640625 0.05625 0.1
1 0.60078125 0.33359375 0.0828125 0.0609375
1 0.85625 0.2765625 0.05 0.103125
1 0.72578125 0.246875 0.0515625 0.06640625
1 0.7515625 0.26640625 0.034375 0.06640625
1 0.44296875 0.2875 0.0328125 0.096875
1 0.690625 0.25859375 0.03125 0.0390625
1 0.484375 0.275 0.075 0.1390625