5 0.34921875 0.821875 0.1640625 0.23359375
0 0.6625 0.70703125 0.21875 0.50859375
1 0.59453125 0.378125 0.0984375 0.15
1 0.48046875 0.48046875 0.1046875 0.14453125
1 0.50859375 0.325 0.0921875 0.15
1 0.85703125 0.74296875 0.1328125 0.196875
0 0.31328125 0.59296875 0.2046875 0.3859375
1 0.96015625 0.9015625 0.0765625 0.19140625
1 0.87109375 0.27890625 0.0765625 0.10859375
1 0.3765625 0.3234375 0.071875 0.13046875
1 0.784375 0.25859375 0.065625 0.10546875
1 0.946875 0.83359375 0.103125 0.21640625
1 0.94609375 0.2875 0.0828125 0.11953125
1 0.7828125 0.6109375 0.059375 0.15
0 0.26875 0.434375 0.1625 0.3640625
1 0.4390625 0.2875 0.04375 0.103125
1 0.54453125 0.67890625 0.0421875 0.2140625
1 0.84765625 0.25859375 0.0703125 0.11640625
1 0.18125 0.371875 0.034375 0.128125
1 0.43203125 0.26640625 0.0640625 0.10546875
1 0.9609375 0.2390625 0.075 0.1
1 0.4859375 0.2890625 0.075 0.128125
1 0.1171875 0.28046875 0.059375 0.1109375
1 0.69140625 0.44140625 0.1015625 0.078125
1 0.99140625 0.3125 0.0140625 0.15859375
1 0.3328125 0.240625 0.065625 0.0640625
1 0.3890625 0.2390625 0.05 0.05546875
1 0.17578125 0.28046875 0.0765625 0.1390625
1 0.703125 0.25703125 0.046875 0.053125
1 0.73671875 0.265625 0.0421875 0.05859375
1 0.17578125 0.31640625 0.0546875 0.13359375