3 0.24453125 0.346875 0.1453125 0.371875
1 0.621875 0.76953125 0.140625 0.221875
1 0.7546875 0.6015625 0.11875 0.18046875
1 0.771875 0.92890625 0.15 0.1359375
1 0.90234375 0.80390625 0.1421875 0.20859375
1 0.49296875 0.56953125 0.1140625 0.15
1 0.45 0.28203125 0.084375 0.125
1 0.365625 0.334375 0.084375 0.11953125
1 0.959375 0.2890625 0.078125 0.13359375
1 0.4484375 0.4609375 0.103125 0.1390625
1 0.71328125 0.51953125 0.1078125 0.171875
1 0.53984375 0.33046875 0.0796875 0.13359375
1 0.64140625 0.4375 0.1171875 0.19140625
1 0.58984375 0.37109375 0.0796875 0.13046875
1 0.865625 0.26640625 0.059375 0.121875
1 0.9109375 0.275 0.078125 0.13359375
1 0.43984375 0.403125 0.0953125 0.121875
1 0.80390625 0.25390625 0.0703125 0.125
1 0.76328125 0.27109375 0.0359375 0.0859375
1 0.34375 0.303125 0.071875 0.121875
4 0.096875 0.2765625 0.059375 0.13046875
1 0.11875 0.296875 0.025 0.0890625