3 0.28359375 0.4640625 0.1890625 0.45546875
1 0.53203125 0.6625 0.1265625 0.19140625
1 0.76015625 0.9109375 0.1546875 0.171875
1 0.81875 0.68359375 0.125 0.1609375
1 0.6609375 0.8140625 0.13125 0.19453125
1 0.60234375 0.4 0.0953125 0.13359375
1 0.6875 0.50703125 0.10625 0.1640625
1 0.41953125 0.40546875 0.0953125 0.128125
1 0.93125 0.8140625 0.134375 0.25546875
1 0.50546875 0.5625 0.1140625 0.16953125
1 0.7625 0.609375 0.115625 0.1640625
1 0.5515625 0.3375 0.0875 0.125
1 0.4921875 0.290625 0.078125 0.1359375
1 0.79140625 0.2625 0.0765625 0.103125
1 0.96171875 0.28359375 0.0734375 0.15546875
1 0.3859375 0.315625 0.071875 0.125
1 0.43203125 0.2734375 0.0609375 0.103125
1 0.1734375 0.365625 0.05 0.16953125
1 0.13671875 0.290625 0.0578125 0.0859375
1 0.7109375 0.259375 0.0625 0.0640625
1 0.91015625 0.28203125 0.0640625 0.1140625
1 0.3953125 0.240625 0.05625 0.053125
1 0.915625 0.2265625 0.065625 0.06953125
1 0.99296875 0.33046875 0.0109375 0.15