3 0.08828125 0.2640625 0.0921875 0.16640625
1 0.81328125 0.64609375 0.1296875 0.2359375
1 0.3046875 0.62109375 0.11875 0.1640625
1 0.928125 0.8265625 0.140625 0.21953125
1 0.1953125 0.34609375 0.103125 0.16953125
1 0.5875 0.36640625 0.10625 0.16640625
1 0.4015625 0.3734375 0.09375 0.13046875
1 0.5671875 0.6734375 0.11875 0.1640625
1 0.73203125 0.5625 0.1109375 0.1640625
1 0.6328125 0.725 0.134375 0.1109375
1 0.51171875 0.31953125 0.0796875 0.1109375
1 0.95625 0.29453125 0.084375 0.14453125
1 0.45390625 0.284375 0.0703125 0.09140625
1 0.66015625 0.48046875 0.1015625 0.1390625
1 0.775 0.27109375 0.071875 0.09140625
1 0.35859375 0.33046875 0.0765625 0.11640625
1 0.72421875 0.259375 0.0546875 0.075
1 0.25 0.28046875 0.05 0.0890625
1 0.37265625 0.2765625 0.0609375 0.06953125
1 0.2796875 0.290625 0.06875 0.09140625
1 0.82109375 0.28203125 0.0328125 0.0640625
1 0.68671875 0.259375 0.0359375 0.046875
1 0.9171875 0.2265625 0.08125 0.153125
1 0.9546875 0.23203125 0.0875 0.1140625