3 0.96015625 0.146875 0.0765625 0.25
5 0.359375 0.85 0.153125 0.23359375
1 0.3921875 0.346875 0.090625 0.14453125
1 0.54375 0.6484375 0.11875 0.15859375
1 0.853125 0.765625 0.128125 0.16953125
1 0.67421875 0.51796875 0.1078125 0.14140625
1 0.4921875 0.93359375 0.159375 0.128125
1 0.81796875 0.93203125 0.1796875 0.13046875
1 0.49140625 0.30859375 0.0828125 0.128125
1 0.796875 0.65546875 0.125 0.18359375
1 0.31171875 0.28203125 0.0796875 0.11953125
1 0.95625 0.28203125 0.084375 0.1359375
1 0.1375 0.2859375 0.06875 0.1
1 0.87890625 0.26640625 0.0796875 0.128125
1 0.2375 0.290625 0.05 0.08046875
1 0.82890625 0.259375 0.0609375 0.11953125
1 0.78125 0.2625 0.05625 0.096875
1 0.26796875 0.26953125 0.0390625 0.1
1 0.73984375 0.25390625 0.0484375 0.075
1 0.41953125 0.271875 0.0734375 0.1109375
3 0.39296875 0.240625 0.0671875 0.09140625
1 0.709375 0.253125 0.028125 0.05546875
1 0.6828125 0.25390625 0.0375 0.046875