3 0.0734375 0.25546875 0.096875 0.178125
1 0.58046875 0.6734375 0.1265625 0.1859375
1 0.725 0.58046875 0.115625 0.171875
1 0.4453125 0.434375 0.10625 0.15859375
1 0.1953125 0.334375 0.084375 0.125
1 0.61015625 0.390625 0.1078125 0.16953125
1 0.3875 0.3375 0.09375 0.146875
1 0.953125 0.27890625 0.0875 0.13046875
1 0.13203125 0.2765625 0.0703125 0.10859375
1 0.33203125 0.30703125 0.0640625 0.1140625
1 0.49375 0.28359375 0.084375 0.15546875
1 0.56484375 0.3265625 0.0921875 0.175
1 0.23515625 0.27890625 0.0703125 0.103125
1 0.88515625 0.259375 0.0703125 0.125
1 0.821875 0.253125 0.06875 0.11640625
1 0.76953125 0.25546875 0.0578125 0.1
1 0.2859375 0.29140625 0.04375 0.078125
1 0.44140625 0.2765625 0.0484375 0.103125
1 0.27734375 0.271875 0.0609375 0.1109375
1 0.36640625 0.2515625 0.0328125 0.046875
1 0.703125 0.25546875 0.040625 0.05546875
1 0.73203125 0.25859375 0.0328125 0.06640625
1 0.42109375 0.24140625 0.0515625 0.05546875
1 0.99296875 0.3359375 0.0109375 0.128125