3 0.940625 0.16796875 0.115625 0.26953125
3 0.153125 0.25703125 0.11875 0.21953125
1 0.4625 0.45 0.1125 0.16640625
1 0.59453125 0.74609375 0.1359375 0.196875
1 0.36484375 0.79140625 0.1265625 0.18359375
1 0.71484375 0.878125 0.1421875 0.2109375
1 0.84921875 0.71796875 0.1296875 0.18046875
1 0.57421875 0.39140625 0.0953125 0.128125
1 0.70625 0.55546875 0.115625 0.178125
1 0.1953125 0.46640625 0.096875 0.14453125
1 0.5546875 0.625 0.125 0.18359375
1 0.503125 0.96640625 0.21875 0.0609375
1 0.909375 0.2890625 0.084375 0.1109375
1 0.39375 0.35 0.090625 0.15
1 0.7875 0.65 0.115625 0.18359375
1 0.34609375 0.6609375 0.1453125 0.228125
1 0.96328125 0.90703125 0.0703125 0.18046875
1 0.5234375 0.31640625 0.09375 0.121875
1 0.29296875 0.5765625 0.1265625 0.19140625
1 0.33671875 0.3109375 0.0703125 0.121875
1 0.67109375 0.48359375 0.1015625 0.1390625
1 0.24453125 0.2859375 0.0453125 0.1
1 0.30390625 0.3015625 0.0515625 0.103125
1 0.2953125 0.2734375 0.071875 0.125
1 0.8140625 0.25 0.06875 0.121875
1 0.7578125 0.2625 0.05625 0.096875
1 0.8703125 0.27109375 0.06875 0.11953125
1 0.7109375 0.27109375 0.04375 0.046875
1 0.40625 0.284375 0.06875 0.0859375