2 0.81875 0.75390625 0.1625 0.25859375
3 0.32421875 0.1984375 0.1234375 0.275
3 0.14140625 0.203125 0.1390625 0.2890625
1 0.4890625 0.559375 0.11875 0.18046875
1 0.359375 0.753125 0.128125 0.178125
1 0.6796875 0.90859375 0.175 0.178125
1 0.59140625 0.73359375 0.1296875 0.171875
1 0.4171875 0.396875 0.103125 0.15546875
1 0.2640625 0.46796875 0.109375 0.20859375
1 0.75703125 0.5890625 0.1203125 0.19453125
1 0.50546875 0.29609375 0.0859375 0.1359375
1 0.609375 0.4375 0.1 0.175
1 0.70078125 0.51953125 0.1078125 0.18359375
1 0.9484375 0.85859375 0.1 0.278125
1 0.20859375 0.3890625 0.0921875 0.13359375
1 0.8375 0.25859375 0.075 0.1109375
1 0.3703125 0.3359375 0.08125 0.1390625
1 0.846875 0.9734375 0.134375 0.046875
1 0.59296875 0.365625 0.1015625 0.146875
1 0.89921875 0.2765625 0.0671875 0.125
1 0.9515625 0.2859375 0.08125 0.1390625
1 0.96796875 0.309375 0.0609375 0.11953125
1 0.7859375 0.2515625 0.05625 0.103125
1 0.24296875 0.28046875 0.0515625 0.09453125
1 0.990625 0.328125 0.015625 0.15
1 0.74609375 0.253125 0.0453125 0.08359375
1 0.71484375 0.2484375 0.0390625 0.06953125