3 0.20078125 0.2609375 0.1546875 0.35546875
3 0.346875 0.21640625 0.13125 0.30546875
2 0.66328125 0.796875 0.1453125 0.20546875
1 0.37421875 0.784375 0.1484375 0.225
1 0.9265625 0.8484375 0.140625 0.18046875
1 0.675 0.48203125 0.125 0.19140625
1 0.77578125 0.60546875 0.1453125 0.2390625
1 0.875 0.734375 0.134375 0.196875
1 0.53203125 0.328125 0.0890625 0.1609375
1 0.48125 0.94296875 0.165625 0.10859375
1 0.8828125 0.26953125 0.078125 0.128125
1 0.60390625 0.390625 0.0984375 0.175
1 0.4765625 0.278125 0.071875 0.128125
1 0.76484375 0.25390625 0.0734375 0.11953125
1 0.82890625 0.253125 0.0578125 0.1109375
1 0.434375 0.271875 0.0375 0.0890625
1 0.96484375 0.2875 0.0671875 0.153125
1 0.10546875 0.3140625 0.0609375 0.071875
1 0.9265625 0.2890625 0.0375 0.128125