2 0.396875 0.546875 0.134375 0.21640625
8 0.56015625 0.5484375 0.1609375 0.34140625
5 0.6671875 0.85859375 0.15 0.221875
1 0.3640625 0.74609375 0.13125 0.175
1 0.58203125 0.6765625 0.1390625 0.24140625
1 0.31171875 0.48359375 0.0953125 0.171875
1 0.3171875 0.29140625 0.075 0.11640625
1 0.82890625 0.9515625 0.1671875 0.09140625
1 0.94453125 0.90703125 0.1078125 0.18046875
1 0.25859375 0.27890625 0.0703125 0.10859375
1 0.53359375 0.971875 0.1328125 0.05
1 0.1140625 0.29140625 0.065625 0.0890625
1 0.80078125 0.2625 0.0734375 0.096875
1 0.9046875 0.2890625 0.078125 0.1109375
1 0.55546875 0.340625 0.0859375 0.09140625
1 0.4953125 0.3109375 0.078125 0.10546875
1 0.37265625 0.29296875 0.0515625 0.075
1 0.97265625 0.29609375 0.0515625 0.15859375
1 0.75546875 0.25703125 0.0546875 0.0859375
1 0.43828125 0.28359375 0.0359375 0.1
1 0.85078125 0.26796875 0.0453125 0.08046875
1 0.91484375 0.240625 0.0828125 0.08046875
1 0.47734375 0.28359375 0.0734375 0.11640625
1 0.68046875 0.265625 0.0640625 0.04140625