2 0.7671875 0.89609375 0.2125 0.203125
3 0.4125 0.3015625 0.15625 0.3859375
1 0.5984375 0.4 0.1 0.13359375
1 0.8375 0.734375 0.13125 0.1640625
1 0.69921875 0.57109375 0.1140625 0.153125
1 0.3203125 0.6125 0.115625 0.15859375
1 0.25546875 0.53203125 0.1078125 0.153125
1 0.965625 0.2859375 0.065625 0.15546875
1 0.96640625 0.903125 0.0640625 0.1890625
1 0.7609375 0.265625 0.078125 0.09140625
1 0.30703125 0.2734375 0.0671875 0.13046875
1 0.5640625 0.3390625 0.090625 0.1390625
1 0.90546875 0.278125 0.0765625 0.128125
1 0.23359375 0.45859375 0.1078125 0.171875
1 0.2703125 0.26640625 0.05 0.1
1 0.23359375 0.29296875 0.0515625 0.075
1 0.5046875 0.30390625 0.04375 0.10859375
1 0.71328125 0.2625 0.0359375 0.053125
1 0.82109375 0.3015625 0.0484375 0.0359375
1 0.225 0.3875 0.103125 0.125