2 0.2296875 0.36640625 0.10625 0.178125
4 0.49453125 0.2609375 0.0953125 0.1890625
2 0.49453125 0.54296875 0.1265625 0.196875
1 0.4203125 0.928125 0.146875 0.1390625
1 0.75390625 0.59609375 0.1140625 0.1640625
1 0.7234375 0.88046875 0.146875 0.19453125
1 0.68359375 0.490625 0.1078125 0.14140625
1 0.5875 0.40390625 0.1 0.13046875
1 0.33046875 0.30546875 0.0796875 0.1109375
1 0.8546875 0.271875 0.06875 0.10546875
1 0.9515625 0.9390625 0.09375 0.11640625
1 0.9765625 0.3234375 0.04375 0.13046875
1 0.921875 0.284375 0.084375 0.11953125
1 0.8125 0.27109375 0.046875 0.096875
1 0.39921875 0.284375 0.0828125 0.103125
1 0.15625 0.290625 0.065625 0.10859375
1 0.73671875 0.2625 0.0515625 0.075
1 0.778125 0.26953125 0.053125 0.0890625
1 0.1296875 0.2859375 0.071875 0.1109375
1 0.29375 0.2890625 0.071875 0.1
1 0.69375 0.2640625 0.046875 0.04453125
1 0.9796875 0.240625 0.0375 0.05859375