0 0.31484375 0.20390625 0.1234375 0.28046875
3 0.39296875 0.753125 0.2359375 0.4890625
2 0.46640625 0.45703125 0.1046875 0.1859375
1 0.071875 0.3125 0.034375 0.06953125
1 0.63203125 0.421875 0.1078125 0.1609375
1 0.590625 0.740625 0.13125 0.196875
1 0.79453125 0.6484375 0.1328125 0.203125
1 0.865625 0.75 0.140625 0.21640625
1 0.25 0.46640625 0.096875 0.1390625
1 0.9375 0.27890625 0.0875 0.13046875
1 0.940625 0.890625 0.115625 0.2140625
1 0.834375 0.95859375 0.153125 0.078125
1 0.415625 0.3875 0.096875 0.15859375
1 0.2171875 0.4 0.096875 0.14453125
1 0.1828125 0.3015625 0.1 0.13046875
1 0.5875 0.3734375 0.090625 0.146875
1 0.490625 0.2765625 0.075 0.10859375
1 0.703125 0.25546875 0.0625 0.06640625
1 0.81484375 0.2625 0.0453125 0.096875
1 0.87578125 0.2734375 0.0640625 0.10859375
1 0.865625 0.24609375 0.075 0.13046875
1 0.446875 0.2609375 0.06875 0.09453125
1 0.775 0.25859375 0.04375 0.1
1 0.3953125 0.27890625 0.05 0.0859375
1 0.54765625 0.32109375 0.0765625 0.1140625
1 0.79453125 0.25859375 0.0828125 0.1109375
1 0.9703125 0.24609375 0.05625 0.103125