2 0.4953125 0.496875 0.140625 0.2109375
2 0.13984375 0.275 0.0828125 0.13359375
1 0.37734375 0.88359375 0.1421875 0.19453125
1 0.62734375 0.78203125 0.1328125 0.175
1 0.67890625 0.50546875 0.1046875 0.1609375
1 0.33125 0.66640625 0.11875 0.16640625
1 0.525 0.59296875 0.115625 0.15859375
1 0.865625 0.734375 0.128125 0.16953125
1 0.94453125 0.859375 0.1078125 0.23046875
1 0.23828125 0.44609375 0.0984375 0.1359375
1 0.40546875 0.3875 0.0984375 0.13046875
1 0.27890625 0.275 0.0765625 0.11640625
1 0.7921875 0.9609375 0.1625 0.071875
1 0.4640625 0.2890625 0.075 0.1109375
1 0.8671875 0.26953125 0.075 0.121875
1 0.93203125 0.28203125 0.0796875 0.125
1 0.77109375 0.27109375 0.0703125 0.09140625
1 0.225 0.2984375 0.053125 0.08046875
1 0.3828125 0.29296875 0.05625 0.08046875
1 0.71875 0.2625 0.05 0.0640625
1 0.41875 0.28203125 0.034375 0.0859375
1 0.9765625 0.3140625 0.04375 0.121875
1 0.34609375 0.28359375 0.0640625 0.1
1 0.634375 0.9890625 0.153125 0.01640625
1 0.96953125 0.225 0.0578125 0.078125
1 0.91796875 0.209375 0.0546875 0.05859375
1 0.8171875 0.2734375 0.034375 0.05859375