2 0.56875 0.6875 0.140625 0.2140625
3 0.103125 0.2125 0.134375 0.2640625
5 0.40703125 0.37890625 0.1015625 0.16953125
3 0.82734375 0.78046875 0.3015625 0.43359375
1 0.328125 0.671875 0.11875 0.16640625
1 0.65390625 0.475 0.1109375 0.16640625
1 0.43046875 0.9109375 0.1671875 0.171875
1 0.81640625 0.265625 0.0828125 0.103125
1 0.5265625 0.30859375 0.0875 0.15
1 0.959375 0.30703125 0.078125 0.11953125
1 0.6453125 0.82890625 0.08125 0.175
1 0.6078125 0.37890625 0.090625 0.1359375
1 0.2328125 0.29296875 0.0625 0.08046875
1 0.36328125 0.31640625 0.0953125 0.15
1 0.75234375 0.25 0.0671875 0.1
1 0.46953125 0.2984375 0.0546875 0.103125
1 0.28203125 0.28203125 0.0421875 0.09140625
1 0.7015625 0.25390625 0.04375 0.05859375
1 0.97421875 0.225 0.0484375 0.0609375
1 0.4671875 0.265625 0.065625 0.08046875
1 0.971875 0.8390625 0.053125 0.2109375