3 0.29140625 0.51640625 0.1796875 0.428125
0 0.2609375 0.2 0.10625 0.228125
0 0.11484375 0.21953125 0.1171875 0.228125
1 0.70859375 0.584375 0.1203125 0.18046875
1 0.6703125 0.8375 0.146875 0.225
1 0.43515625 0.4625 0.1078125 0.153125
1 0.73828125 0.9375 0.1578125 0.11953125
1 0.52109375 0.2984375 0.0890625 0.13046875
1 0.59375 0.659375 0.115625 0.1640625
1 0.81015625 0.79453125 0.1203125 0.171875
1 0.95546875 0.8890625 0.0859375 0.21640625
1 0.4546875 0.28046875 0.075 0.128125
1 0.6640625 0.45546875 0.1125 0.171875
1 0.18359375 0.3375 0.0734375 0.11953125
1 0.75234375 0.25546875 0.0734375 0.10546875
1 0.35859375 0.3140625 0.0828125 0.1390625
1 0.9234375 0.8125 0.140625 0.24140625
1 0.95234375 0.29140625 0.0765625 0.11640625
1 0.62109375 0.3859375 0.1046875 0.1609375
1 0.98671875 0.3140625 0.0234375 0.14453125
1 0.86171875 0.26640625 0.0640625 0.11640625
1 0.92421875 0.259375 0.0828125 0.14140625
1 0.39765625 0.271875 0.0546875 0.1
1 0.828125 0.25390625 0.071875 0.1140625
1 0.165625 0.309375 0.071875 0.125
1 0.1453125 0.275 0.078125 0.10546875
1 0.33515625 0.2609375 0.0640625 0.078125
1 0.97578125 0.2140625 0.0453125 0.05