2 0.2671875 0.24609375 0.06875 0.125
1 0.91640625 0.76796875 0.1515625 0.24140625
1 0.7421875 0.928125 0.1625 0.1390625
1 0.3171875 0.6359375 0.121875 0.20546875
1 0.6921875 0.53046875 0.109375 0.15
1 0.4375 0.4 0.096875 0.14453125
1 0.62890625 0.409375 0.1015625 0.1859375
1 0.140625 0.290625 0.075 0.096875
1 0.56015625 0.359375 0.0859375 0.14140625
1 0.38359375 0.34140625 0.0859375 0.1390625
1 0.271875 0.52890625 0.1125 0.18046875
1 0.8828125 0.26640625 0.078125 0.128125
1 0.22265625 0.42890625 0.1171875 0.19140625
1 0.97265625 0.8890625 0.0515625 0.21640625
1 0.803125 0.259375 0.075 0.10859375
1 0.30078125 0.2734375 0.0671875 0.10859375
1 0.9703125 0.2890625 0.05625 0.178125
1 0.534375 0.32890625 0.071875 0.1140625
1 0.3484375 0.31640625 0.078125 0.13359375
1 0.7421875 0.25859375 0.0625 0.09453125
1 0.2125 0.3375 0.0875 0.125
1 0.95078125 0.24609375 0.0578125 0.10859375
1 0.43671875 0.29609375 0.0484375 0.075