2 0.77265625 0.659375 0.1515625 0.2359375
3 0.12890625 0.203125 0.1328125 0.271875
1 0.44921875 0.4734375 0.1109375 0.16953125
1 0.6546875 0.8359375 0.159375 0.228125
1 0.33203125 0.678125 0.1203125 0.16640625
1 0.240625 0.41796875 0.103125 0.175
1 0.553125 0.6484375 0.121875 0.1640625
1 0.765625 0.9234375 0.1625 0.146875
1 0.9453125 0.8765625 0.10625 0.24140625
1 0.7046875 0.51640625 0.1125 0.18359375
1 0.39296875 0.35859375 0.0953125 0.14453125
1 0.47578125 0.28046875 0.0796875 0.128125
1 0.58671875 0.38203125 0.0921875 0.15859375
1 0.9015625 0.76796875 0.14375 0.2640625
1 0.85234375 0.2609375 0.0765625 0.11640625
1 0.18828125 0.35390625 0.0796875 0.125
1 0.34765625 0.315625 0.0765625 0.125
1 0.6578125 0.45 0.1 0.16640625
1 0.975 0.31640625 0.046875 0.121875
1 0.55546875 0.33046875 0.0890625 0.14453125
1 0.96015625 0.29296875 0.0765625 0.14140625
1 0.91484375 0.27890625 0.0703125 0.125
1 0.71640625 0.25 0.0421875 0.071875
1 0.753125 0.253125 0.046875 0.0890625
1 0.796875 0.25390625 0.059375 0.10859375
1 0.2265625 0.28203125 0.04375 0.08046875