3 0.39609375 0.7234375 0.2515625 0.546875
1 0.63828125 0.44140625 0.1078125 0.178125
1 0.8140625 0.70859375 0.128125 0.16640625
1 0.75078125 0.578125 0.1109375 0.1609375
1 0.93984375 0.8734375 0.1171875 0.21953125
1 0.5859375 0.709375 0.128125 0.1640625
1 0.19453125 0.303125 0.0765625 0.1109375
1 0.78125 0.91640625 0.190625 0.1609375
1 0.5609375 0.35 0.09375 0.14453125
1 0.96171875 0.296875 0.0734375 0.1390625
1 0.35546875 0.3234375 0.0828125 0.1140625
1 0.89921875 0.2734375 0.0796875 0.13046875
1 0.27734375 0.284375 0.0671875 0.09140625
1 0.440625 0.39453125 0.1 0.1390625
1 0.52578125 0.546875 0.0890625 0.178125
1 0.43359375 0.28046875 0.0765625 0.1
1 0.25703125 0.584375 0.0765625 0.1859375
1 0.840625 0.25703125 0.071875 0.125
1 0.20703125 0.4640625 0.0515625 0.121875
1 0.253125 0.48359375 0.0875 0.16640625
1 0.5234375 0.28359375 0.090625 0.128125
1 0.7953125 0.2609375 0.0375 0.1
1 0.8078125 0.971875 0.146875 0.05
1 0.3359375 0.29609375 0.06875 0.10859375
1 0.38984375 0.2765625 0.0359375 0.06953125
1 0.69921875 0.26640625 0.0515625 0.0390625