3 0.2671875 0.35 0.184375 0.478125
5 0.53671875 0.6125 0.1453125 0.246875
1 0.6625 0.459375 0.11875 0.16953125
1 0.76484375 0.678125 0.1265625 0.19453125
1 0.86796875 0.26796875 0.0796875 0.125
1 0.759375 0.56640625 0.134375 0.1890625
1 0.9546875 0.284375 0.0875 0.14140625
1 0.13046875 0.271875 0.0765625 0.11640625
1 0.35625 0.2890625 0.05625 0.13359375
1 0.403125 0.290625 0.05625 0.0859375
1 0.78515625 0.265625 0.0609375 0.096875
1 0.6921875 0.259375 0.053125 0.046875
1 0.7546875 0.253125 0.05625 0.08359375
1 0.8390625 0.2484375 0.059375 0.1140625
1 0.9921875 0.34140625 0.0125 0.10546875