2 0.50546875 0.2984375 0.0921875 0.1359375
8 0.57265625 0.8625 0.3296875 0.26953125
5 0.6796875 0.4640625 0.125 0.18359375
1 0.53671875 0.621875 0.1171875 0.15546875
1 0.8515625 0.771875 0.1375 0.16640625
1 0.13984375 0.28203125 0.0734375 0.1140625
1 0.628125 0.69140625 0.134375 0.128125
1 0.9390625 0.90390625 0.11875 0.1859375
1 0.3609375 0.86640625 0.109375 0.19453125
1 0.3765625 0.29609375 0.059375 0.08046875
1 0.91640625 0.278125 0.0796875 0.128125
1 0.84921875 0.2765625 0.0703125 0.10859375
1 0.2796875 0.284375 0.075 0.096875
1 0.81953125 0.9515625 0.1421875 0.09140625
1 0.8015625 0.253125 0.071875 0.11640625
1 0.7609375 0.8875 0.0875 0.196875
1 0.4375 0.26953125 0.06875 0.10546875
1 0.971875 0.28046875 0.053125 0.15546875
1 0.23203125 0.28203125 0.0328125 0.09140625
1 0.7265625 0.259375 0.065625 0.08046875
1 0.440625 0.2125 0.0625 0.046875
1 0.196875 0.30390625 0.05 0.0640625
1 0.98828125 0.31953125 0.0203125 0.14453125
1 0.2734375 0.23203125 0.06875 0.05859375
1 0.93828125 0.215625 0.0796875 0.053125