3 0.11484375 0.22109375 0.1140625 0.246875
2 0.6046875 0.725 0.134375 0.2
1 0.3234375 0.6234375 0.125 0.19140625
1 0.41484375 0.35546875 0.0984375 0.15
1 0.18515625 0.3125 0.0859375 0.14140625
1 0.4625 0.28046875 0.090625 0.13359375
1 0.84296875 0.26953125 0.0671875 0.10546875
1 0.975 0.3140625 0.046875 0.1390625
1 0.90078125 0.2765625 0.0703125 0.11953125
1 0.75546875 0.271875 0.0609375 0.08359375
1 0.88203125 0.2125 0.0609375 0.05859375
1 0.71796875 0.2625 0.0359375 0.053125
1 0.9671875 0.2234375 0.0625 0.05859375
1 0.8125 0.240625 0.071875 0.1140625
1 0.9453125 0.29296875 0.065625 0.1140625
1 0.7 0.2609375 0.025 0.05