3 0.36796875 0.65546875 0.2265625 0.55
1 0.709375 0.9 0.159375 0.19453125
1 0.85390625 0.7265625 0.1328125 0.20859375
1 0.709375 0.534375 0.125 0.18046875
1 0.60234375 0.7484375 0.1265625 0.1859375
1 0.59140625 0.378125 0.0984375 0.1609375
1 0.33203125 0.29296875 0.0859375 0.1359375
1 0.55078125 0.62109375 0.1203125 0.19140625
1 0.47109375 0.28203125 0.0828125 0.125
1 0.6609375 0.4625 0.1 0.146875
1 0.97265625 0.3140625 0.0515625 0.1609375
1 0.4078125 0.353125 0.096875 0.13359375
1 0.48125 0.4890625 0.071875 0.15546875
1 0.825 0.2484375 0.084375 0.1359375
1 0.12578125 0.3 0.0546875 0.10546875
1 0.9453125 0.26796875 0.0875 0.153125
1 0.89296875 0.27109375 0.0453125 0.125
1 0.71015625 0.2609375 0.0546875 0.0609375
1 0.76328125 0.25390625 0.0578125 0.096875
1 0.30390625 0.2484375 0.0515625 0.08046875
1 0.39609375 0.2625 0.0515625 0.06953125
1 0.43046875 0.25546875 0.0359375 0.078125