3 0.2578125 0.39140625 0.16875 0.4390625
1 0.74140625 0.59609375 0.1203125 0.18046875
1 0.92890625 0.84140625 0.1390625 0.25546875
1 0.46796875 0.4640625 0.1046875 0.14453125
1 0.8296875 0.753125 0.134375 0.20546875
1 0.6765625 0.9359375 0.140625 0.121875
1 0.67578125 0.4640625 0.1046875 0.15546875
1 0.41953125 0.41640625 0.0921875 0.15546875
1 0.9328125 0.29140625 0.08125 0.121875
1 0.62734375 0.43046875 0.0796875 0.1390625
1 0.1296875 0.278125 0.071875 0.11640625
1 0.596875 0.36796875 0.096875 0.1359375
1 0.80390625 0.9515625 0.1640625 0.09140625
1 0.52890625 0.3140625 0.0921875 0.15546875
1 0.76640625 0.253125 0.0796875 0.1109375
1 0.39609375 0.346875 0.0828125 0.1390625
1 0.98203125 0.30703125 0.0328125 0.14140625
1 0.69453125 0.2640625 0.0578125 0.05
1 0.43671875 0.28203125 0.0734375 0.103125
1 0.5984375 0.28359375 0.053125 0.05
1 0.878125 0.26640625 0.06875 0.121875
1 0.96484375 0.23046875 0.0578125 0.08359375
1 0.9125 0.2734375 0.06875 0.11953125
1 0.38046875 0.3125 0.0734375 0.11953125
1 0.834375 0.24140625 0.0625 0.1109375