2 0.26328125 0.3875 0.1140625 0.18046875
8 0.4640625 0.39453125 0.14375 0.35546875
1 0.40078125 0.83203125 0.1453125 0.21953125
1 0.6421875 0.765625 0.14375 0.2140625
1 0.7640625 0.64296875 0.11875 0.15859375
1 0.5296875 0.6265625 0.121875 0.175
1 0.28046875 0.54296875 0.1140625 0.153125
1 0.8578125 0.759375 0.134375 0.16953125
1 0.7421875 0.9 0.178125 0.19453125
1 0.86484375 0.2734375 0.0828125 0.10859375
1 0.80390625 0.259375 0.0671875 0.1140625
1 0.4671875 0.4859375 0.115625 0.178125
1 0.70859375 0.2609375 0.0796875 0.078125
1 0.96328125 0.3234375 0.0703125 0.125
1 0.37265625 0.2875 0.0296875 0.08046875
1 0.10234375 0.31796875 0.0609375 0.0640625
1 0.2015625 0.353125 0.053125 0.14453125
1 0.9 0.25859375 0.0375 0.08359375
1 0.278125 0.27890625 0.0625 0.096875
1 0.38984375 0.2890625 0.0234375 0.0890625
1 0.77890625 0.240625 0.0640625 0.10859375
1 0.8296875 0.98359375 0.125 0.028125
1 0.97734375 0.24609375 0.0421875 0.053125
1 0.93984375 0.24296875 0.0484375 0.103125
1 0.2265625 0.271875 0.046875 0.06640625
1 0.465625 0.41953125 0.13125 0.171875