3 0.60546875 0.6109375 0.2328125 0.5109375
1 0.4390625 0.4 0.109375 0.1609375
1 0.86875 0.77890625 0.134375 0.175
1 0.8140625 0.65390625 0.128125 0.19140625
1 0.39765625 0.9109375 0.1484375 0.171875
1 0.12265625 0.29609375 0.0671875 0.08046875
1 0.46171875 0.965625 0.1578125 0.0640625
1 0.390625 0.35546875 0.084375 0.15546875
1 0.33828125 0.725 0.1265625 0.19453125
1 0.9421875 0.296875 0.078125 0.11640625
1 0.36484375 0.8140625 0.1421875 0.2390625
1 0.55703125 0.3234375 0.0828125 0.0859375
1 0.35078125 0.3140625 0.0796875 0.13359375
1 0.3046875 0.303125 0.05 0.1109375
1 0.21640625 0.30703125 0.0640625 0.06953125
1 0.85859375 0.26796875 0.0453125 0.1140625
1 0.9828125 0.32890625 0.03125 0.11953125
1 0.90703125 0.2734375 0.0765625 0.13046875
1 0.83515625 0.246875 0.0765625 0.13359375
1 0.721875 0.5390625 0.046875 0.14453125
1 0.77421875 0.25546875 0.0640625 0.09453125
1 0.275 0.27890625 0.059375 0.096875
1 0.94375 0.21640625 0.059375 0.05546875
1 0.40859375 0.259375 0.0578125 0.075
1 0.98359375 0.234375 0.0296875 0.08046875