3 0.0921875 0.24140625 0.103125 0.20546875
1 0.25546875 0.43203125 0.1078125 0.16953125
1 0.5765625 0.690625 0.125 0.196875
1 0.675 0.4984375 0.11875 0.1859375
1 0.41875 0.89296875 0.1375 0.196875
1 0.39296875 0.35703125 0.0953125 0.14140625
1 0.8140625 0.66796875 0.13125 0.196875
1 0.5390625 0.5875 0.115625 0.18046875
1 0.19296875 0.34140625 0.0859375 0.14453125
1 0.2875 0.27109375 0.065625 0.103125
1 0.76015625 0.6 0.1015625 0.16640625
1 0.58203125 0.371875 0.0984375 0.14453125
1 0.34296875 0.30390625 0.0734375 0.11953125
1 0.62890625 0.43203125 0.0984375 0.153125
1 0.86328125 0.28046875 0.0671875 0.1109375
1 0.940625 0.3 0.0625 0.11640625
1 0.53359375 0.328125 0.0703125 0.121875
1 0.98359375 0.32890625 0.0296875 0.153125
1 0.4125 0.27890625 0.075 0.11953125
8 0.95390625 0.85546875 0.0890625 0.278125
1 0.78671875 0.25703125 0.0578125 0.103125
1 0.23671875 0.290625 0.0609375 0.0859375
1 0.96328125 0.20859375 0.0703125 0.078125
1 0.9234375 0.28203125 0.071875 0.125
1 0.74296875 0.253125 0.0515625 0.078125
1 0.878125 0.2140625 0.071875 0.05
1 0.821875 0.2625 0.046875 0.096875