3 0.13671875 0.20390625 0.1203125 0.26953125
1 0.59453125 0.70546875 0.1328125 0.1890625
1 0.42890625 0.85 0.1515625 0.228125
1 0.59453125 0.38359375 0.1046875 0.1609375
1 0.4984375 0.553125 0.1125 0.16640625
1 0.325 0.66640625 0.125 0.20546875
1 0.8640625 0.75703125 0.140625 0.203125
1 0.784375 0.6484375 0.115625 0.175
1 0.39921875 0.39140625 0.0984375 0.15
1 0.478125 0.28359375 0.078125 0.11640625
1 0.94609375 0.86796875 0.1046875 0.203125
1 0.47265625 0.46796875 0.1109375 0.1640625
1 0.303125 0.29296875 0.075 0.10859375
1 0.96484375 0.3 0.0671875 0.15546875
1 0.884375 0.284375 0.071875 0.1140625
1 0.3671875 0.31796875 0.084375 0.1140625
1 0.7546875 0.259375 0.06875 0.096875
1 0.5484375 0.334375 0.078125 0.1359375
1 0.865625 0.9765625 0.140625 0.04140625
1 0.9890625 0.9234375 0.01875 0.146875
1 0.82734375 0.271875 0.0640625 0.10546875
1 0.403125 0.278125 0.0625 0.09453125
1 0.93125 0.28359375 0.04375 0.121875
1 0.97734375 0.1984375 0.0421875 0.0640625
1 0.29921875 0.234375 0.0765625 0.06953125
1 0.70625 0.2609375 0.040625 0.05