3 0.44375 0.3390625 0.159375 0.41640625
3 0.09921875 0.2234375 0.1109375 0.24140625
2 0.24765625 0.42890625 0.1078125 0.196875
1 0.309375 0.71796875 0.128125 0.19140625
1 0.65390625 0.4609375 0.0984375 0.13359375
1 0.79609375 0.7390625 0.1296875 0.14453125
1 0.9203125 0.8484375 0.140625 0.18046875
1 0.50546875 0.95703125 0.1390625 0.08046875
1 0.66015625 0.83046875 0.1328125 0.2109375
1 0.58671875 0.7609375 0.1296875 0.171875
1 0.5625 0.3515625 0.090625 0.146875
1 0.76328125 0.61953125 0.1171875 0.15546875
1 0.33203125 0.303125 0.0796875 0.13359375
1 0.734375 0.9015625 0.153125 0.19140625
1 0.321875 0.63203125 0.11875 0.16953125
1 0.81328125 0.95859375 0.1515625 0.078125
1 0.73046875 0.56796875 0.1171875 0.16953125
1 0.615625 0.421875 0.084375 0.1390625
1 0.90625 0.2734375 0.078125 0.14140625
1 0.77890625 0.259375 0.0796875 0.103125
1 0.85703125 0.2640625 0.0765625 0.13359375
1 0.17265625 0.3015625 0.0484375 0.0640625
1 0.221875 0.3015625 0.0625 0.0640625
1 0.965625 0.2640625 0.065625 0.178125
1 0.7421875 0.253125 0.034375 0.078125
1 0.70703125 0.25390625 0.0546875 0.0640625