3 0.64921875 0.5984375 0.2390625 0.4140625
3 0.08828125 0.23359375 0.1140625 0.221875
5 0.3296875 0.72890625 0.14375 0.23046875
1 0.271875 0.47890625 0.103125 0.14140625
1 0.471875 0.4890625 0.115625 0.18359375
1 0.33671875 0.3 0.0859375 0.1390625
1 0.87890625 0.278125 0.0796875 0.1109375
1 0.53828125 0.33046875 0.0890625 0.1390625
1 0.51171875 0.609375 0.0546875 0.153125
1 0.78046875 0.253125 0.0765625 0.121875
1 0.77734375 0.5875 0.0734375 0.19140625
1 0.47890625 0.2984375 0.0703125 0.11953125
1 0.84609375 0.2609375 0.0640625 0.1
1 0.29296875 0.271875 0.0796875 0.13359375
1 0.72578125 0.25390625 0.0453125 0.075
1 0.4234375 0.26953125 0.071875 0.121875
1 0.909375 0.2390625 0.059375 0.1109375