0 0.45546875 0.79453125 0.2671875 0.40546875
1 0.7671875 0.90859375 0.1625 0.178125
1 0.6171875 0.39140625 0.096875 0.13359375
1 0.41171875 0.375 0.0984375 0.128125
1 0.50859375 0.2984375 0.0828125 0.13046875
1 0.7484375 0.6 0.1125 0.15
1 0.30390625 0.2859375 0.0734375 0.10546875
1 0.86328125 0.74296875 0.1421875 0.203125
1 0.9609375 0.896875 0.075 0.2
1 0.953125 0.29453125 0.0875 0.121875
1 0.15 0.29296875 0.075 0.103125
1 0.44296875 0.28046875 0.0640625 0.0890625
1 0.82890625 0.6875 0.1171875 0.19140625
1 0.60859375 0.73359375 0.1171875 0.171875
1 0.56171875 0.62109375 0.1109375 0.103125
1 0.91328125 0.8890625 0.0953125 0.1890625
1 0.25390625 0.28359375 0.0515625 0.0890625
1 0.87109375 0.259375 0.0703125 0.13046875
1 0.08515625 0.315625 0.0578125 0.0640625
1 0.82890625 0.25859375 0.0484375 0.121875
1 0.21953125 0.2984375 0.0296875 0.06953125
1 0.80234375 0.253125 0.0421875 0.10546875
1 0.74453125 0.25546875 0.0390625 0.078125
1 0.9265625 0.2765625 0.06875 0.11953125
1 0.1484375 0.2375 0.071875 0.05859375
1 0.7078125 0.2609375 0.040625 0.04453125
1 0.36484375 0.2859375 0.0265625 0.08359375
1 0.98984375 0.25 0.0171875 0.10546875
1 0.39765625 0.27109375 0.0546875 0.0859375