3 0.421875 0.75 0.284375 0.49453125
3 0.6015625 0.62890625 0.2125 0.475
1 0.81015625 0.6765625 0.1234375 0.175
1 0.84453125 0.93359375 0.1671875 0.128125
1 0.9296875 0.7984375 0.1375 0.21953125
1 0.17890625 0.30390625 0.0890625 0.1359375
1 0.409375 0.38359375 0.109375 0.171875
1 0.86171875 0.27109375 0.0734375 0.10859375
1 0.35390625 0.321875 0.0796875 0.13359375
1 0.61640625 0.36953125 0.1078125 0.13359375
1 0.275 0.2765625 0.065625 0.10859375
1 0.97578125 0.30390625 0.0453125 0.1359375
1 0.79921875 0.2484375 0.0765625 0.125
1 0.32265625 0.29453125 0.0734375 0.121875
1 0.7265625 0.253125 0.05 0.078125
1 0.13515625 0.27109375 0.0828125 0.1359375
1 0.93359375 0.29453125 0.0671875 0.1109375
1 0.228125 0.290625 0.0375 0.075
1 0.75390625 0.25546875 0.0296875 0.0890625
1 0.89921875 0.25390625 0.0421875 0.08046875
1 0.48359375 0.28046875 0.0703125 0.11640625
1 0.93984375 0.228125 0.0421875 0.04453125
1 0.5390625 0.29140625 0.071875 0.0890625
1 0.1046875 0.28046875 0.028125 0.10546875
1 0.5484375 0.346875 0.084375 0.1390625
1 0.9796875 0.203125 0.0375 0.08359375