3 0.215625 0.296875 0.153125 0.38359375
3 0.39609375 0.7 0.2296875 0.56640625
1 0.5625 0.6484375 0.140625 0.21953125
1 0.67734375 0.4609375 0.1046875 0.1609375
1 0.590625 0.3765625 0.09375 0.146875
1 0.72890625 0.603125 0.0953125 0.15
1 0.84765625 0.7359375 0.1546875 0.2390625
1 0.53515625 0.3140625 0.0796875 0.13359375
1 0.88828125 0.278125 0.0828125 0.1109375
1 0.82578125 0.9734375 0.1359375 0.046875
1 0.96484375 0.284375 0.0671875 0.15859375
1 0.4765625 0.2890625 0.06875 0.10546875
1 0.11796875 0.278125 0.0640625 0.10546875
1 0.4375 0.3859375 0.096875 0.09453125
1 0.8171875 0.6609375 0.134375 0.2109375
1 0.81171875 0.265625 0.0609375 0.103125
1 0.38671875 0.35546875 0.0859375 0.13359375
1 0.50546875 0.50390625 0.0890625 0.16953125
1 0.77421875 0.2625 0.0421875 0.09140625
1 0.85703125 0.265625 0.0546875 0.10859375
1 0.3671875 0.32890625 0.071875 0.1140625
1 0.3921875 0.265625 0.05625 0.0640625
1 0.7390625 0.2625 0.05 0.06953125
1 0.3328125 0.3 0.078125 0.128125
1 0.69453125 0.2640625 0.0453125 0.0390625
1 0.91171875 0.2484375 0.0515625 0.09140625
1 0.3140625 0.26796875 0.065625 0.1140625