2 0.51328125 0.60546875 0.1421875 0.2109375
2 0.16171875 0.29609375 0.0859375 0.14140625
2 0.43203125 0.390625 0.1046875 0.153125
1 0.6578125 0.8109375 0.1375 0.2109375
1 0.575 0.35546875 0.09375 0.1390625
1 0.94765625 0.85390625 0.1015625 0.1859375
1 0.25859375 0.278125 0.0890625 0.11640625
1 0.3546875 0.296875 0.08125 0.128125
1 0.91953125 0.2859375 0.0828125 0.121875
1 0.84296875 0.271875 0.0765625 0.10546875
1 0.471875 0.29140625 0.075 0.10546875
1 0.421875 0.2640625 0.075 0.1109375
1 0.784375 0.253125 0.06875 0.10546875
1 0.73125 0.2640625 0.05 0.06640625
1 0.97109375 0.26953125 0.0484375 0.1
1 0.903125 0.2375 0.05625 0.0640625
1 0.865625 0.23046875 0.0375 0.05
1 0.99296875 0.2609375 0.0109375 0.1109375