8 0.20546875 0.246875 0.0921875 0.128125
3 0.9453125 0.171875 0.10625 0.10546875
5 0.6546875 0.753125 0.146875 0.228125
1 0.2875 0.5859375 0.115625 0.18359375
1 0.83828125 0.73046875 0.1265625 0.171875
1 0.71171875 0.584375 0.1171875 0.153125
1 0.41015625 0.378125 0.1109375 0.178125
1 0.525 0.6125 0.1125 0.175
1 0.22265625 0.4390625 0.1015625 0.13359375
1 0.5921875 0.38046875 0.09375 0.13359375
1 0.6671875 0.4734375 0.109375 0.1640625
1 0.915625 0.278125 0.084375 0.128125
1 0.48359375 0.5125 0.1078125 0.153125
1 0.30625 0.26640625 0.0875 0.1390625
1 0.85625 0.265625 0.071875 0.125
1 0.1796875 0.3484375 0.071875 0.11953125
1 0.11875 0.3015625 0.0625 0.075
1 0.22890625 0.36953125 0.0921875 0.1109375
1 0.375 0.315625 0.090625 0.146875
1 0.8125 0.2640625 0.046875 0.10546875
1 0.784375 0.25703125 0.059375 0.10859375
1 0.7359375 0.25703125 0.053125 0.08046875
1 0.984375 0.315625 0.028125 0.1140625
1 0.0765625 0.31953125 0.034375 0.0609375
1 0.69140625 0.2515625 0.0484375 0.053125
1 0.37890625 0.27109375 0.0796875 0.05859375
1 0.42265625 0.27109375 0.0265625 0.053125
1 0.96875 0.225 0.059375 0.13359375