2 0.58359375 0.709375 0.1578125 0.23046875
3 0.2171875 0.27109375 0.15 0.36953125
1 0.478125 0.5140625 0.115625 0.171875
1 0.7015625 0.896875 0.15 0.2
1 0.91796875 0.821875 0.1359375 0.2
1 0.67734375 0.50859375 0.1265625 0.19453125
1 0.3640625 0.32890625 0.084375 0.13046875
1 0.8375 0.7375 0.121875 0.175
1 0.7703125 0.6359375 0.11875 0.15546875
1 0.590625 0.40390625 0.096875 0.13046875
1 0.9359375 0.28359375 0.0875 0.13359375
1 0.12109375 0.28203125 0.0609375 0.1140625
1 0.559375 0.3390625 0.103125 0.15546875
1 0.78515625 0.26796875 0.0671875 0.09140625
1 0.46328125 0.2984375 0.0546875 0.10859375
1 0.31640625 0.3109375 0.0609375 0.121875
1 0.98671875 0.3234375 0.0234375 0.146875
1 0.70625 0.2640625 0.059375 0.05546875
1 0.5203125 0.30390625 0.078125 0.14140625
1 0.84375 0.265625 0.0625 0.096875
1 0.89921875 0.26796875 0.0796875 0.125
1 0.9796875 0.2234375 0.0375 0.075
1 0.390625 0.271875 0.046875 0.078125
1 0.440625 0.27109375 0.071875 0.1140625