3 0.2734375 0.42890625 0.175 0.453125
3 0.11015625 0.221875 0.1140625 0.24453125
6 0.15234375 0.30859375 0.0296875 0.08359375
1 0.44765625 0.42109375 0.0984375 0.15859375
1 0.571875 0.35703125 0.103125 0.153125
1 0.9453125 0.8734375 0.10625 0.225
1 0.7625 0.9625 0.175 0.06953125
1 0.865625 0.7515625 0.140625 0.2140625
1 0.82109375 0.65703125 0.1265625 0.19140625
1 0.38828125 0.34296875 0.0890625 0.14140625
1 0.89296875 0.2765625 0.0671875 0.125
1 0.9796875 0.33046875 0.0375 0.121875
1 0.7171875 0.86796875 0.171875 0.25859375
1 0.5234375 0.30703125 0.090625 0.153125
1 0.46171875 0.290625 0.0640625 0.103125
1 0.72890625 0.24609375 0.0640625 0.0859375
1 0.95234375 0.30859375 0.0578125 0.11640625
1 0.8 0.26640625 0.05 0.1
1 0.8421875 0.2625 0.0625 0.11953125
1 0.9515625 0.28203125 0.09375 0.153125
1 0.18046875 0.30390625 0.0265625 0.0640625
1 0.7765625 0.25859375 0.059375 0.09453125
1 0.36171875 0.29453125 0.0546875 0.0890625