0 0.8609375 0.79609375 0.275 0.403125
5 0.5984375 0.6734375 0.140625 0.21953125
1 0.16484375 0.303125 0.0828125 0.11640625
1 0.73671875 0.59296875 0.1109375 0.153125
1 0.34453125 0.30390625 0.0796875 0.125
1 0.53046875 0.60390625 0.1109375 0.203125
1 0.48359375 0.5 0.1109375 0.178125
1 0.4921875 0.29609375 0.084375 0.13046875
1 0.271875 0.2734375 0.08125 0.1140625
1 0.5140625 0.971875 0.134375 0.05
1 0.43515625 0.440625 0.0890625 0.1359375
1 0.90859375 0.278125 0.0734375 0.1109375
1 0.965625 0.30546875 0.065625 0.128125
1 0.8234375 0.265625 0.0625 0.103125
1 0.1078125 0.2890625 0.053125 0.0890625
1 0.44609375 0.2625 0.0734375 0.125
1 0.86875 0.26953125 0.059375 0.11640625
1 0.80078125 0.253125 0.0671875 0.1109375
1 0.75703125 0.25859375 0.0421875 0.09453125
1 0.7296875 0.24609375 0.046875 0.08046875
1 0.97109375 0.215625 0.0546875 0.103125
1 0.69765625 0.25 0.0359375 0.06640625
1 0.4 0.2640625 0.05 0.13359375
1 0.91875 0.2140625 0.065625 0.071875