2 0.79296875 0.253125 0.0890625 0.128125
3 0.10078125 0.2234375 0.1078125 0.24140625
1 0.21171875 0.38046875 0.1015625 0.1390625
1 0.77734375 0.953125 0.1734375 0.08359375
1 0.90625 0.85 0.140625 0.171875
1 0.40625 0.2859375 0.071875 0.1
1 0.88828125 0.27109375 0.0765625 0.11953125
1 0.96484375 0.91953125 0.0671875 0.15546875
1 0.23671875 0.27890625 0.0765625 0.103125
1 0.95390625 0.28203125 0.0796875 0.13046875
1 0.32578125 0.29296875 0.0390625 0.075
1 0.9765625 0.31796875 0.04375 0.11953125
1 0.359375 0.2890625 0.040625 0.08359375