2 0.8390625 0.25703125 0.096875 0.14140625
3 0.0859375 0.25 0.103125 0.19453125
1 0.17578125 0.30859375 0.0859375 0.128125
1 0.8859375 0.765625 0.134375 0.2140625
1 0.740625 0.6375 0.115625 0.146875
1 0.3609375 0.29296875 0.065625 0.0859375
1 0.8046875 0.70546875 0.10625 0.16640625
1 0.49296875 0.95546875 0.1484375 0.08359375
1 0.71796875 0.2609375 0.0703125 0.08359375
1 0.60859375 0.78203125 0.1234375 0.175
1 0.953125 0.2890625 0.08125 0.128125
1 0.9828125 0.93046875 0.03125 0.13359375
1 0.78359375 0.290625 0.0296875 0.0640625
1 0.64921875 0.80859375 0.1390625 0.1109375
1 0.98671875 0.3109375 0.0234375 0.1390625