2 0.971875 0.29453125 0.053125 0.16640625
2 0.64921875 0.79140625 0.1390625 0.2
1 0.4953125 0.57890625 0.121875 0.19140625
1 0.225 0.475 0.103125 0.14453125
1 0.6453125 0.46640625 0.10625 0.1390625
1 0.9171875 0.8390625 0.14375 0.2109375
1 0.5875 0.3640625 0.09375 0.14453125
1 0.35390625 0.321875 0.0859375 0.11640625
1 0.88828125 0.27109375 0.0859375 0.11953125
1 0.8703125 0.759375 0.128125 0.16953125
1 0.4625 0.4609375 0.103125 0.1390625
1 0.51640625 0.325 0.0765625 0.11640625
1 0.9671875 0.92109375 0.0625 0.153125
1 0.80859375 0.2484375 0.0796875 0.13046875
1 0.2671875 0.271875 0.05625 0.1
1 0.4828125 0.2984375 0.071875 0.10859375
1 0.42734375 0.271875 0.0734375 0.1109375
1 0.22734375 0.290625 0.0359375 0.075
1 0.7546875 0.25390625 0.046875 0.09140625
1 0.70703125 0.265625 0.0515625 0.046875
1 0.31171875 0.29140625 0.0578125 0.128125
1 0.94375 0.25546875 0.05 0.0890625