0 0.73515625 0.759375 0.2453125 0.475
1 0.39453125 0.89296875 0.1796875 0.20859375
1 0.5359375 0.565625 0.1125 0.153125
1 0.6375 0.434375 0.10625 0.15859375
1 0.55625 0.37109375 0.1 0.146875
1 0.940625 0.85859375 0.115625 0.21640625
0 0.3453125 0.67890625 0.215625 0.43046875
1 0.4046875 0.359375 0.078125 0.1359375
1 0.978125 0.30390625 0.040625 0.1359375
1 0.91953125 0.27890625 0.0796875 0.1140625
0 0.3015625 0.50546875 0.18125 0.3890625
1 0.85 0.2734375 0.075 0.103125
1 0.60078125 0.77890625 0.0453125 0.23046875
1 0.4703125 0.3 0.05625 0.10546875
1 0.859375 0.715625 0.053125 0.1640625
1 0.7671875 0.25703125 0.059375 0.09140625
1 0.19140625 0.29140625 0.0859375 0.14453125
1 0.2125 0.2015625 0.053125 0.08046875
1 0.2 0.34140625 0.08125 0.14453125
1 0.1984375 0.4125 0.04375 0.13046875
1 0.45859375 0.26796875 0.0671875 0.10859375
1 0.740625 0.5109375 0.0875 0.05
1 0.825 0.25390625 0.06875 0.1140625
1 0.940625 0.228125 0.06875 0.071875
1 0.13125 0.2859375 0.05625 0.09453125
1 0.35859375 0.265625 0.0765625 0.103125
1 0.2796875 0.27109375 0.084375 0.075
1 0.4078125 0.21953125 0.059375 0.04453125
1 0.4109375 0.26796875 0.05 0.06953125
1 0.078125 0.315625 0.034375 0.05859375
1 0.5328125 0.334375 0.08125 0.1359375