3 0.09375 0.221875 0.125 0.24453125
3 0.478125 0.784375 0.290625 0.425
1 0.74921875 0.6015625 0.1234375 0.196875
1 0.871875 0.759375 0.13125 0.19140625
1 0.71796875 0.90546875 0.1484375 0.18359375
1 0.64609375 0.45859375 0.1078125 0.15546875
1 0.41796875 0.39609375 0.0953125 0.13046875
1 0.49375 0.30390625 0.084375 0.11953125
1 0.2109375 0.3390625 0.078125 0.121875
1 0.3203125 0.29140625 0.075 0.10546875
1 0.5234375 0.534375 0.1125 0.11953125
1 0.60078125 0.35703125 0.1140625 0.1640625
1 0.90546875 0.275 0.0890625 0.128125
1 0.30078125 0.7265625 0.1046875 0.2140625
1 0.63046875 0.72109375 0.0890625 0.20859375
1 0.29609375 0.5890625 0.1140625 0.14453125
1 0.8390625 0.2609375 0.075 0.121875
1 0.96484375 0.9109375 0.0671875 0.171875
1 0.38515625 0.340625 0.0828125 0.125
1 0.4453125 0.2734375 0.0625 0.096875
1 0.978125 0.32109375 0.040625 0.153125
1 0.78515625 0.2515625 0.0640625 0.10859375
1 0.3875 0.25859375 0.0625 0.06640625
1 0.26640625 0.28046875 0.0546875 0.0890625
1 0.74453125 0.2609375 0.0328125 0.071875
1 0.2328125 0.265625 0.034375 0.05859375
1 0.97265625 0.246875 0.0515625 0.1109375