3 0.45078125 0.76640625 0.2171875 0.4609375
3 0.2796875 0.50703125 0.1875 0.475
1 0.69765625 0.578125 0.1265625 0.1890625
1 0.85546875 0.7609375 0.1359375 0.2
1 0.953125 0.86796875 0.090625 0.203125
1 0.603125 0.75546875 0.125 0.178125
1 0.7796875 0.921875 0.153125 0.15
1 0.45078125 0.45546875 0.1109375 0.18359375
1 0.653125 0.434375 0.11875 0.175
1 0.50234375 0.31640625 0.0765625 0.1109375
1 0.84609375 0.2734375 0.0796875 0.10859375
1 0.578125 0.64609375 0.090625 0.13046875
1 0.39296875 0.353125 0.0765625 0.11640625
1 0.7609375 0.26953125 0.06875 0.1
1 0.93203125 0.290625 0.0703125 0.1140625
1 0.965625 0.30703125 0.05625 0.1140625
1 0.40703125 0.27890625 0.0703125 0.1140625
1 0.4796875 0.2859375 0.078125 0.128125
1 0.56640625 0.35546875 0.0515625 0.1390625
1 0.98984375 0.321875 0.0171875 0.16640625
1 0.7125 0.25703125 0.046875 0.0640625
1 0.12265625 0.29140625 0.0515625 0.0890625
1 0.90703125 0.25859375 0.0515625 0.0890625
1 0.96484375 0.23203125 0.0640625 0.053125
1 0.27890625 0.25546875 0.0609375 0.04453125
1 0.1 0.315625 0.05 0.075