8 0.5015625 0.5015625 0.159375 0.30859375
3 0.0890625 0.259375 0.09375 0.16953125
0 0.90546875 0.19609375 0.1015625 0.0859375
1 0.7921875 0.64296875 0.13125 0.1859375
1 0.65 0.821875 0.134375 0.1890625
1 0.221875 0.353125 0.1 0.16640625
1 0.29375 0.628125 0.11875 0.15546875
1 0.7171875 0.50546875 0.109375 0.16640625
1 0.5734375 0.70546875 0.13125 0.19453125
1 0.25859375 0.4890625 0.1078125 0.1390625
1 0.775 0.93203125 0.19375 0.13046875
1 0.9203125 0.7984375 0.15 0.21953125
1 0.65546875 0.42109375 0.1015625 0.1359375
1 0.58515625 0.34296875 0.0828125 0.125
1 0.96171875 0.896875 0.0734375 0.2
1 0.1484375 0.2984375 0.08125 0.15859375
1 0.52734375 0.3125 0.0671875 0.0859375
1 0.265625 0.278125 0.06875 0.1109375
1 0.86328125 0.2625 0.0671875 0.11953125
1 0.96953125 0.2984375 0.0578125 0.1640625
1 0.35625 0.32109375 0.046875 0.146875
1 0.43515625 0.39453125 0.0953125 0.19453125
1 0.93515625 0.29296875 0.0390625 0.1140625
1 0.33046875 0.31640625 0.0390625 0.11640625
1 0.90703125 0.28203125 0.0609375 0.1140625
1 0.2078125 0.25 0.059375 0.06640625
1 0.75234375 0.2484375 0.0421875 0.096875
1 0.80625 0.24296875 0.078125 0.14140625
1 0.9734375 0.2125 0.05 0.046875