2 0.23203125 0.37890625 0.1171875 0.1640625
3 0.6921875 0.65390625 0.2625 0.396875
0 0.39609375 0.20390625 0.1109375 0.253125
1 0.28046875 0.515625 0.1109375 0.15859375
3 0.4515625 0.80546875 0.25625 0.38359375
1 0.91171875 0.8125 0.1421875 0.18046875
1 0.93203125 0.28046875 0.0890625 0.1390625
1 0.3265625 0.296875 0.078125 0.121875
1 0.10546875 0.3015625 0.0609375 0.0859375
1 0.89140625 0.2734375 0.0484375 0.125
1 0.8265625 0.265625 0.05625 0.103125
1 0.97109375 0.246875 0.0546875 0.1109375
1 0.7625 0.26640625 0.05625 0.08359375
1 0.84375 0.2734375 0.0375 0.103125
1 0.734375 0.25546875 0.05 0.06640625
1 0.14921875 0.2984375 0.0390625 0.096875
1 0.99453125 0.26796875 0.0078125 0.10859375