8 0.53203125 0.559375 0.1546875 0.28046875
3 0.146875 0.2 0.121875 0.278125
1 0.61953125 0.41796875 0.1046875 0.15859375
1 0.7828125 0.615625 0.121875 0.18046875
1 0.9125 0.80859375 0.15 0.228125
1 0.73203125 0.85546875 0.1453125 0.25
1 0.48828125 0.2984375 0.0859375 0.125
1 0.77890625 0.925 0.1671875 0.14453125
1 0.9671875 0.303125 0.0625 0.1390625
1 0.42890625 0.45 0.0984375 0.16640625
1 0.28515625 0.27890625 0.0703125 0.103125
1 0.3578125 0.3109375 0.08125 0.13359375
1 0.98125 0.934375 0.034375 0.125
1 0.39921875 0.378125 0.0921875 0.15546875
1 0.8890625 0.284375 0.06875 0.10859375
1 0.42734375 0.275 0.0640625 0.10546875
3 0.228125 0.26640625 0.065625 0.13359375
1 0.8546875 0.27109375 0.071875 0.11953125
1 0.93125 0.3015625 0.0375 0.096875
1 0.97890625 0.21796875 0.0390625 0.05859375
1 0.7875 0.246875 0.078125 0.11640625
1 0.81484375 0.265625 0.0484375 0.103125
1 0.95078125 0.284375 0.0734375 0.13046875
1 0.71875 0.25703125 0.040625 0.06953125
1 0.9296875 0.21953125 0.059375 0.05546875