3 0.15859375 0.209375 0.1296875 0.296875
3 0.284375 0.2015625 0.121875 0.2640625
1 0.496875 0.515625 0.115625 0.16953125
1 0.4109375 0.86796875 0.171875 0.25859375
1 0.69921875 0.5625 0.1109375 0.146875
1 0.290625 0.54140625 0.121875 0.1890625
1 0.3171875 0.728125 0.13125 0.2
1 0.69375 0.825 0.13125 0.228125
1 0.8921875 0.265625 0.078125 0.125
1 0.67578125 0.46953125 0.1109375 0.1609375
1 0.38203125 0.2765625 0.0609375 0.103125
1 0.43828125 0.26953125 0.0671875 0.11640625
1 0.96640625 0.90703125 0.0640625 0.18046875
1 0.9609375 0.29140625 0.075 0.1390625
1 0.534375 0.3125 0.09375 0.153125
1 0.60234375 0.378125 0.1078125 0.171875
1 0.4765625 0.29296875 0.065625 0.125
1 0.74453125 0.26953125 0.0546875 0.071875
8 0.81640625 0.875 0.2515625 0.24453125
1 0.71328125 0.9234375 0.0515625 0.146875
1 0.89765625 0.77890625 0.1203125 0.13046875
1 0.825 0.246875 0.071875 0.128125
1 0.659375 0.2609375 0.053125 0.03359375
1 0.784375 0.26796875 0.03125 0.09140625
1 0.70546875 0.25859375 0.0390625 0.05