3 0.16640625 0.21953125 0.1296875 0.31640625
2 0.59765625 0.715625 0.1390625 0.24140625
1 0.7921875 0.66796875 0.125 0.1640625
1 0.32421875 0.65 0.1203125 0.1890625
1 0.4796875 0.478125 0.109375 0.1390625
1 0.72109375 0.56796875 0.1140625 0.175
1 0.259375 0.4640625 0.10625 0.16640625
1 0.928125 0.2890625 0.0875 0.13359375
1 0.3265625 0.28203125 0.0875 0.1359375
1 0.51953125 0.64453125 0.0984375 0.1609375
1 0.834375 0.259375 0.078125 0.10859375
1 0.39765625 0.28359375 0.0640625 0.09453125
1 0.25390625 0.27890625 0.0640625 0.103125
1 0.946875 0.23203125 0.075 0.10859375
1 0.72421875 0.265625 0.0359375 0.05859375
1 0.87890625 0.25 0.0484375 0.09453125
1 0.69140625 0.26953125 0.0390625 0.03359375
1 0.10390625 0.2875 0.0265625 0.096875
1 0.784375 0.2484375 0.0625 0.1140625
1 0.9890625 0.259375 0.01875 0.1140625
1 0.74765625 0.25703125 0.0265625 0.08046875