0 0.24921875 0.190625 0.1046875 0.1859375
0 0.10625 0.2265625 0.1125 0.21953125
3 0.28046875 0.47109375 0.1734375 0.40859375
1 0.6859375 0.90546875 0.146875 0.18359375
1 0.75625 0.7234375 0.11875 0.1640625
1 0.62421875 0.76640625 0.1390625 0.21640625
1 0.67109375 0.5265625 0.1171875 0.175
1 0.5546875 0.596875 0.1125 0.15546875
1 0.41640625 0.41640625 0.1015625 0.15
1 0.92890625 0.84453125 0.1390625 0.24453125
1 0.5578125 0.95390625 0.165625 0.0859375
1 0.49609375 0.2890625 0.0859375 0.128125
1 0.871875 0.74453125 0.140625 0.228125
1 0.43046875 0.27109375 0.0765625 0.11953125
1 0.76328125 0.25703125 0.0734375 0.1140625
1 0.175 0.3234375 0.071875 0.1140625
1 0.87265625 0.27109375 0.0671875 0.11953125
1 0.63125 0.40859375 0.10625 0.16640625
1 0.58984375 0.35390625 0.0921875 0.153125
1 0.93984375 0.2625 0.0859375 0.14140625
1 0.96484375 0.29609375 0.0671875 0.11953125
1 0.8421875 0.2515625 0.0625 0.1140625
1 0.34375 0.3 0.075 0.128125
1 0.98125 0.22109375 0.034375 0.06953125
1 0.38359375 0.275 0.0421875 0.09453125
1 0.31875 0.24140625 0.0625 0.05546875
1 0.9953125 0.32890625 0.00625 0.146875
1 0.14375 0.2734375 0.078125 0.103125
1 0.1515625 0.30390625 0.06875 0.1140625