8 0.80859375 0.18203125 0.1109375 0.1359375
8 0.55 0.9515625 0.190625 0.0859375
1 0.14609375 0.29453125 0.0890625 0.10546875
1 0.46953125 0.79453125 0.1390625 0.21640625
1 0.8046875 0.67109375 0.125 0.196875
1 0.4921875 0.59609375 0.1125 0.1640625
1 0.7078125 0.53203125 0.1125 0.175
1 0.3 0.2875 0.078125 0.125
1 0.95390625 0.88203125 0.0890625 0.23046875
1 0.778125 0.9515625 0.15625 0.09140625
1 0.66171875 0.465625 0.1015625 0.1640625
1 0.94453125 0.2890625 0.0921875 0.1390625
1 0.46484375 0.49609375 0.1046875 0.14140625
1 0.596875 0.378125 0.103125 0.16640625
1 0.4296875 0.4109375 0.103125 0.15546875
1 0.52578125 0.334375 0.0734375 0.1140625
1 0.80859375 0.26640625 0.0765625 0.1109375
1 0.22734375 0.3015625 0.0640625 0.08046875
1 0.3796875 0.378125 0.075 0.13359375
1 0.3828125 0.2765625 0.06875 0.096875
1 0.7484375 0.2625 0.059375 0.09140625
1 0.8609375 0.275 0.040625 0.078125
1 0.46328125 0.303125 0.0734375 0.09453125
1 0.4734375 0.265625 0.071875 0.075
1 0.70703125 0.26796875 0.0328125 0.046875