4 0.7203125 0.2265625 0.075 0.125
2 0.240625 0.39609375 0.11875 0.175
1 0.83359375 0.7109375 0.1328125 0.2
1 0.703125 0.8609375 0.146875 0.1890625
1 0.70390625 0.54296875 0.1140625 0.146875
1 0.56796875 0.36640625 0.0953125 0.14453125
1 0.47265625 0.49140625 0.1078125 0.14453125
1 0.253125 0.540625 0.109375 0.153125
1 0.36953125 0.334375 0.0890625 0.1359375
1 0.46328125 0.28203125 0.0828125 0.125
1 0.1734375 0.3 0.08125 0.121875
1 0.853125 0.2640625 0.071875 0.121875
1 0.9703125 0.30703125 0.05625 0.14140625
1 0.9171875 0.27890625 0.078125 0.13046875
1 0.971875 0.921875 0.053125 0.15
1 0.3421875 0.29140625 0.071875 0.121875
1 0.55 0.3125 0.0875 0.13046875
1 0.284375 0.26640625 0.065625 0.1109375
1 0.4125 0.278125 0.046875 0.0890625
1 0.24375 0.26640625 0.03125 0.0890625
1 0.7484375 0.25390625 0.05 0.0859375
1 0.81796875 0.25 0.0640625 0.121875
1 0.78046875 0.25546875 0.0359375 0.10546875
1 0.97421875 0.215625 0.0484375 0.0640625