3 0.10390625 0.23046875 0.0984375 0.221875
2 0.4765625 0.5109375 0.115625 0.1890625
1 0.4828125 0.93359375 0.159375 0.128125
1 0.31015625 0.60546875 0.1140625 0.1609375
1 0.5015625 0.3015625 0.084375 0.1140625
1 0.36953125 0.30703125 0.0890625 0.15859375
1 0.19375 0.309375 0.0875 0.1359375
1 0.43828125 0.27109375 0.0671875 0.1140625
1 0.89296875 0.27890625 0.0734375 0.10859375
1 0.278125 0.2890625 0.059375 0.09453125
1 0.97734375 0.30546875 0.0421875 0.1609375
1 0.140625 0.2859375 0.0625 0.1109375
1 0.315625 0.30390625 0.046875 0.10859375
1 0.709375 0.2640625 0.059375 0.0609375
1 0.82421875 0.259375 0.0734375 0.1140625
1 0.95 0.290625 0.053125 0.13046875
1 0.77734375 0.25703125 0.0453125 0.103125
1 0.08125 0.29453125 0.040625 0.1
1 0.709375 0.26640625 0.075 0.1