3 0.13515625 0.20859375 0.1234375 0.26640625
1 0.60546875 0.7140625 0.1328125 0.19453125
1 0.43515625 0.43203125 0.1078125 0.153125
1 0.30859375 0.58046875 0.1234375 0.18359375
1 0.5640625 0.6234375 0.115625 0.153125
1 0.5921875 0.371875 0.090625 0.13359375
1 0.32109375 0.2875 0.0734375 0.125
1 0.25859375 0.284375 0.0609375 0.09140625
1 0.915625 0.284375 0.08125 0.1140625
1 0.38984375 0.334375 0.0984375 0.153125
1 0.97265625 0.30390625 0.0515625 0.11953125
1 0.83828125 0.26953125 0.0765625 0.10546875
1 0.4703125 0.26796875 0.08125 0.125
1 0.51640625 0.31953125 0.0703125 0.11640625
1 0.79296875 0.2609375 0.0578125 0.10546875
1 0.21640625 0.3 0.0328125 0.06640625
1 0.5640625 0.34296875 0.06875 0.11953125
1 0.971875 0.228125 0.053125 0.0890625
1 0.6984375 0.25546875 0.053125 0.05546875
1 0.38984375 0.240625 0.0703125 0.0640625
1 0.8875 0.2390625 0.05 0.06640625
1 0.73046875 0.2625 0.0390625 0.05859375
1 0.753125 0.26953125 0.0375 0.071875