5 0.38359375 0.3390625 0.1046875 0.1890625
3 0.190625 0.225 0.140625 0.328125
1 0.4171875 0.88359375 0.1375 0.1890625
2 0.71484375 0.8875 0.1546875 0.21953125
1 0.7125 0.534375 0.125 0.1859375
2 0.940625 0.85703125 0.115625 0.246875
1 0.58203125 0.35703125 0.0953125 0.153125
1 0.471875 0.2875 0.08125 0.13046875
1 0.97109375 0.30546875 0.0546875 0.1390625
1 0.54453125 0.3125 0.0921875 0.15859375
1 0.92109375 0.2765625 0.0765625 0.1359375
1 0.76171875 0.25859375 0.0703125 0.1
1 0.87109375 0.27890625 0.0484375 0.10859375
1 0.271875 0.27890625 0.05 0.096875
1 0.85 0.259375 0.071875 0.11953125
1 0.08984375 0.31640625 0.0640625 0.05546875
1 0.72109375 0.253125 0.0328125 0.0609375
1 0.98046875 0.215625 0.0359375 0.0640625
3 0.06484375 0.284375 0.0796875 0.1140625