2 0.9375 0.85546875 0.121875 0.25546875
3 0.5546875 0.834375 0.3125 0.325
1 0.29296875 0.51640625 0.1140625 0.18359375
1 0.46953125 0.49296875 0.1015625 0.15859375
1 0.7234375 0.590625 0.1125 0.15859375
1 0.56875 0.37890625 0.09375 0.13046875
1 0.528125 0.6265625 0.128125 0.125
1 0.35703125 0.34296875 0.0859375 0.1140625
1 0.42734375 0.41640625 0.0890625 0.13359375
1 0.425 0.2765625 0.06875 0.10859375
1 0.49140625 0.3 0.0703125 0.1109375
1 0.6484375 0.46796875 0.103125 0.1359375
1 0.73359375 0.8984375 0.1015625 0.196875
1 0.9765625 0.325 0.04375 0.1390625
1 0.8796875 0.26640625 0.06875 0.128125
1 0.2546875 0.2625 0.08125 0.1359375
1 0.31484375 0.271875 0.0828125 0.13359375
1 0.55546875 0.32890625 0.0890625 0.1359375
1 0.7171875 0.52890625 0.109375 0.1359375
1 0.93203125 0.284375 0.0703125 0.125
1 0.74921875 0.259375 0.0578125 0.0859375
1 0.8203125 0.265625 0.065625 0.103125
1 0.3734375 0.284375 0.046875 0.06953125
1 0.96484375 0.20859375 0.0640625 0.05546875
1 0.690625 0.2625 0.05625 0.04140625
1 0.7984375 0.25703125 0.059375 0.103125