3 0.76015625 0.725 0.2453125 0.478125
3 0.709375 0.80546875 0.421875 0.38359375
1 0.55625 0.34140625 0.09375 0.14453125
1 0.365625 0.74453125 0.140625 0.2109375
1 0.27421875 0.49140625 0.1078125 0.18359375
1 0.4046875 0.37890625 0.096875 0.14140625
1 0.42421875 0.9109375 0.1359375 0.171875
1 0.8875 0.284375 0.08125 0.1140625
1 0.97109375 0.31796875 0.0546875 0.11953125
1 0.20234375 0.37109375 0.0921875 0.125
1 0.25546875 0.290625 0.0640625 0.0859375
1 0.91328125 0.7859375 0.0890625 0.1890625
1 0.9578125 0.24296875 0.075 0.10859375
1 0.796875 0.26953125 0.065625 0.1
1 0.7390625 0.25859375 0.065625 0.09453125
1 0.85 0.26953125 0.06875 0.11640625
1 0.209375 0.30859375 0.053125 0.04453125
1 0.89921875 0.66953125 0.0671875 0.08359375
1 0.9875 0.9140625 0.021875 0.16640625
1 0.703125 0.2515625 0.03125 0.0640625
1 0.33125 0.25546875 0.071875 0.071875
1 0.9046875 0.23203125 0.046875 0.053125
1 0.32578125 0.30703125 0.0859375 0.11953125