2 0.709375 0.665625 0.15 0.23046875
2 0.3640625 0.278125 0.0625 0.10546875
2 0.603125 0.778125 0.1375 0.2109375
1 0.521875 0.334375 0.09375 0.14140625
1 0.1296875 0.290625 0.06875 0.096875
1 0.4359375 0.284375 0.071875 0.096875
1 0.87265625 0.2734375 0.0765625 0.11953125
1 0.975 0.2984375 0.046875 0.14140625
2 0.83046875 0.965625 0.1359375 0.0640625
1 0.76171875 0.2609375 0.0703125 0.10546875
1 0.69765625 0.25859375 0.0640625 0.06640625
1 0.940625 0.2859375 0.065625 0.128125
1 0.81875 0.271875 0.046875 0.08359375
1 0.92265625 0.225 0.0546875 0.05546875
1 0.4140625 0.2734375 0.059375 0.10859375
1 0.98359375 0.215625 0.0296875 0.046875