3 0.36171875 0.2515625 0.1390625 0.346875
1 0.5984375 0.3515625 0.1 0.146875
1 0.47421875 0.296875 0.0859375 0.13359375
1 0.16796875 0.3234375 0.0828125 0.103125
1 0.91484375 0.2859375 0.0859375 0.128125
1 0.77890625 0.90859375 0.1890625 0.178125
1 0.77265625 0.26640625 0.0703125 0.10546875
1 0.4796875 0.975 0.121875 0.04453125
1 0.984375 0.3140625 0.028125 0.14453125
1 0.7109375 0.265625 0.059375 0.06953125
1 0.12578125 0.28203125 0.0828125 0.125
1 0.27578125 0.29140625 0.0515625 0.1
1 0.234375 0.29453125 0.04375 0.078125
1 0.8703125 0.28203125 0.034375 0.10859375
1 0.97578125 0.2609375 0.0453125 0.09453125