0 0.534375 0.496875 0.190625 0.4390625
0 0.2609375 0.434375 0.178125 0.3359375
1 0.77578125 0.928125 0.1703125 0.1390625
1 0.28203125 0.625 0.1359375 0.19453125
1 0.7890625 0.6765625 0.13125 0.20859375
1 0.396875 0.89453125 0.14375 0.20546875
1 0.94609375 0.871875 0.1046875 0.19453125
1 0.91171875 0.784375 0.1359375 0.175
1 0.6890625 0.5140625 0.1125 0.1609375
1 0.39140625 0.353125 0.0859375 0.128125
1 0.4328125 0.96640625 0.1375 0.0609375
1 0.93125 0.29453125 0.084375 0.11640625
1 0.77421875 0.59140625 0.1265625 0.178125
1 0.43984375 0.271875 0.0703125 0.11640625
1 0.82734375 0.25546875 0.0765625 0.1109375
1 0.984375 0.321875 0.028125 0.11640625
1 0.640625 0.41640625 0.0625 0.121875
1 0.31953125 0.28203125 0.0671875 0.10859375
1 0.5140625 0.2609375 0.071875 0.05546875
1 0.77578125 0.26640625 0.0453125 0.0890625
1 0.753125 0.2484375 0.059375 0.09140625
1 0.09453125 0.296875 0.0515625 0.08359375
1 0.9015625 0.27109375 0.071875 0.125
1 0.38203125 0.2640625 0.0546875 0.078125
1 0.13203125 0.28359375 0.0359375 0.128125
1 0.98046875 0.240625 0.0359375 0.103125
1 0.440625 0.47890625 0.03125 0.1640625