3 0.1609375 0.215625 0.128125 0.30859375
4 0.50703125 0.265625 0.1015625 0.21953125
2 0.8328125 0.73046875 0.146875 0.21640625
8 0.4375 0.74609375 0.240625 0.503125
6 0.2421875 0.46640625 0.053125 0.121875
1 0.62265625 0.79609375 0.1453125 0.2140625
1 0.68046875 0.4859375 0.1046875 0.1390625
1 0.45078125 0.428125 0.1078125 0.15
1 0.77734375 0.615625 0.1421875 0.21953125
1 0.3484375 0.296875 0.078125 0.128125
1 0.4109375 0.38359375 0.09375 0.1609375
1 0.98046875 0.328125 0.0359375 0.121875
1 0.56875 0.634375 0.084375 0.1859375
1 0.30859375 0.28359375 0.0703125 0.128125
1 0.259375 0.27109375 0.075 0.125
1 0.88203125 0.275 0.0609375 0.121875
1 0.8328125 0.25703125 0.05625 0.1140625
1 0.74765625 0.253125 0.0640625 0.078125
1 0.94140625 0.2734375 0.0890625 0.146875
1 0.09609375 0.30546875 0.0296875 0.071875
1 0.93984375 0.303125 0.0609375 0.11640625
1 0.70625 0.253125 0.053125 0.06640625
1 0.43359375 0.2875 0.0640625 0.096875
1 0.39609375 0.24296875 0.0765625 0.09140625
1 0.54140625 0.521875 0.0859375 0.078125
1 0.7765625 0.26796875 0.0625 0.09140625