3 0.184375 0.23359375 0.14375 0.33359375
3 0.328125 0.20859375 0.128125 0.2890625
1 0.603125 0.69609375 0.134375 0.196875
1 0.34609375 0.7015625 0.1390625 0.2140625
1 0.42109375 0.896875 0.1515625 0.2
1 0.834375 0.75 0.13125 0.16640625
1 0.8546875 0.946875 0.1625 0.1
1 0.625 0.40703125 0.11875 0.18046875
1 0.80234375 0.64453125 0.1265625 0.18359375
1 0.71328125 0.51953125 0.1328125 0.221875
1 0.55 0.9609375 0.19375 0.071875
1 0.5640625 0.3484375 0.090625 0.153125
1 0.9078125 0.2765625 0.0875 0.13046875
1 0.49921875 0.3 0.0859375 0.14453125
1 0.44296875 0.26953125 0.0640625 0.11640625
1 0.846875 0.25546875 0.065625 0.11640625
1 0.78515625 0.25 0.0734375 0.121875
1 0.95390625 0.296875 0.0453125 0.13359375
1 0.9765625 0.30390625 0.04375 0.15859375
1 0.40390625 0.278125 0.0328125 0.09453125
1 0.740625 0.2640625 0.03125 0.0609375
1 0.2578125 0.28359375 0.028125 0.09453125