5 0.153125 0.315625 0.096875 0.146875
1 0.4046875 0.828125 0.140625 0.2109375
1 0.93046875 0.85859375 0.1359375 0.228125
1 0.7640625 0.640625 0.125 0.1859375
1 0.58046875 0.375 0.0984375 0.128125
1 0.7546875 0.9234375 0.175 0.146875
1 0.246875 0.3890625 0.096875 0.15
1 0.69140625 0.521875 0.1140625 0.171875
1 0.65625 0.87109375 0.146875 0.196875
5 0.396875 0.33046875 0.09375 0.14453125
1 0.621875 0.76796875 0.13125 0.175
1 0.51015625 0.309375 0.0859375 0.13046875
1 0.2859375 0.28359375 0.075 0.1
1 0.840625 0.2640625 0.06875 0.11640625
1 0.4578125 0.28359375 0.053125 0.09453125
1 0.79609375 0.259375 0.0515625 0.10859375
1 0.91640625 0.290625 0.0609375 0.1140625
1 0.88828125 0.271875 0.0390625 0.1109375
1 0.96171875 0.303125 0.0734375 0.1390625
1 0.765625 0.253125 0.04375 0.09453125
1 0.42734375 0.24453125 0.0546875 0.04453125
1 0.709375 0.2625 0.05 0.053125
1 0.228125 0.3015625 0.053125 0.05859375
1 0.74296875 0.2484375 0.0296875 0.0859375
1 0.3703125 0.284375 0.053125 0.075
1 0.99296875 0.34609375 0.0109375 0.13046875
1 0.96328125 0.21796875 0.0671875 0.05859375