2 0.62265625 0.7640625 0.1421875 0.24453125
3 0.3390625 0.203125 0.1375 0.3
4 0.5 0.21796875 0.0875 0.146875
2 0.33359375 0.140625 0.0953125 0.16953125
1 0.4078125 0.86640625 0.153125 0.23359375
1 0.81171875 0.66796875 0.1296875 0.196875
1 0.72890625 0.90859375 0.1515625 0.178125
1 0.8765625 0.79140625 0.13125 0.178125
1 0.3734375 0.7 0.15 0.271875
1 0.5046875 0.559375 0.10625 0.15859375
1 0.68984375 0.478125 0.1296875 0.2
1 0.26953125 0.609375 0.1140625 0.15859375
1 0.2421875 0.440625 0.13125 0.18046875
1 0.4046875 0.36953125 0.1 0.15546875
1 0.4828125 0.9734375 0.13125 0.046875
1 0.4953125 0.29609375 0.09375 0.1359375
1 0.840625 0.965625 0.15625 0.0640625
1 0.45625 0.465625 0.10625 0.14140625
1 0.953125 0.29296875 0.08125 0.11953125
1 0.15625 0.30546875 0.075 0.13359375
1 0.584375 0.3515625 0.084375 0.1359375
1 0.83671875 0.24609375 0.0796875 0.1359375
1 0.56796875 0.690625 0.1015625 0.15859375
1 0.64453125 0.409375 0.0921875 0.153125
1 0.12109375 0.26640625 0.0734375 0.121875
1 0.909375 0.2734375 0.071875 0.11953125
1 0.96328125 0.87890625 0.0703125 0.2359375
1 0.778125 0.25703125 0.053125 0.096875
1 0.9828125 0.9234375 0.03125 0.146875
1 0.7328125 0.2609375 0.053125 0.06640625
1 0.9328125 0.21796875 0.0625 0.053125
1 0.9859375 0.23203125 0.025 0.08046875
1 0.99296875 0.31640625 0.0109375 0.14453125