3 0.484375 0.784375 0.28125 0.425
1 0.25546875 0.41796875 0.1046875 0.16953125
1 0.65390625 0.47109375 0.1109375 0.1859375
1 0.85625 0.73046875 0.14375 0.228125
1 0.94375 0.82890625 0.109375 0.2640625
1 0.4296875 0.42109375 0.096875 0.1359375
1 0.6390625 0.7859375 0.109375 0.2
1 0.23515625 0.271875 0.0703125 0.121875
1 0.58828125 0.396875 0.0890625 0.13359375
1 0.4796875 0.53203125 0.115625 0.103125
1 0.52734375 0.334375 0.0859375 0.11953125
1 0.76796875 0.9265625 0.1578125 0.14140625
1 0.32421875 0.3140625 0.0765625 0.1
1 0.825 0.975 0.13125 0.04453125
1 0.3921875 0.3625 0.084375 0.13046875
1 0.44921875 0.28046875 0.0640625 0.1
1 0.9046875 0.271875 0.075 0.128125
1 0.6140625 0.64453125 0.090625 0.1109375
1 0.84140625 0.26640625 0.0671875 0.10546875
1 0.95625 0.29296875 0.075 0.13046875
1 0.50859375 0.296875 0.0796875 0.128125
1 0.77109375 0.25703125 0.0578125 0.096875
1 0.29921875 0.25546875 0.0734375 0.09453125
1 0.9796875 0.31640625 0.0375 0.1390625
1 0.7140625 0.25703125 0.059375 0.06953125
1 0.384375 0.27109375 0.0625 0.075
1 0.98203125 0.215625 0.0328125 0.075
1 0.8203125 0.25859375 0.0625 0.1109375
1 0.9890625 0.33203125 0.01875 0.15859375