2 0.58984375 0.35859375 0.0953125 0.14453125
1 0.44609375 0.4234375 0.1203125 0.18046875
1 0.696875 0.884375 0.140625 0.19140625
1 0.46484375 0.92890625 0.1609375 0.1359375
1 0.6125 0.77109375 0.125 0.175
1 0.79375 0.71953125 0.128125 0.171875
1 0.51484375 0.63359375 0.1171875 0.1390625
1 0.6859375 0.496875 0.109375 0.14453125
1 0.7734375 0.60859375 0.128125 0.178125
1 0.93203125 0.8625 0.1328125 0.1859375
1 0.259375 0.2859375 0.071875 0.09453125
5 0.37578125 0.340625 0.0984375 0.175
1 0.4703125 0.28359375 0.084375 0.121875
1 0.796875 0.25859375 0.065625 0.1109375
1 0.10390625 0.3 0.0734375 0.08359375
1 0.9796875 0.91953125 0.0375 0.15546875
1 0.97734375 0.3125 0.0421875 0.125
1 0.8484375 0.265625 0.0625 0.1140625
1 0.34140625 0.30703125 0.0671875 0.13046875
1 0.909375 0.28203125 0.071875 0.125
1 0.7296875 0.2640625 0.075 0.0609375
1 0.4046875 0.2375 0.065625 0.053125
1 0.95703125 0.29453125 0.0828125 0.121875
1 0.88671875 0.2734375 0.0671875 0.125
1 0.965625 0.22890625 0.065625 0.046875
1 0.9953125 0.34296875 0.00625 0.14140625