5 0.47734375 0.4359375 0.1171875 0.178125
3 0.98515625 0.134375 0.0265625 0.225
5 0.18046875 0.39140625 0.1109375 0.16640625
1 0.84140625 0.728125 0.1359375 0.2
1 0.2921875 0.509375 0.1125 0.18046875
1 0.60625 0.40703125 0.103125 0.153125
1 0.9390625 0.86640625 0.11875 0.21640625
1 0.70703125 0.5359375 0.1140625 0.15546875
1 0.80625 0.959375 0.165625 0.075
1 0.33828125 0.3125 0.0859375 0.1140625
1 0.43203125 0.28359375 0.0734375 0.1
1 0.2625 0.28359375 0.065625 0.09453125
1 0.53203125 0.31953125 0.0828125 0.1109375
1 0.9671875 0.3015625 0.0625 0.14140625
1 0.8125 0.259375 0.071875 0.1140625
1 0.9234375 0.28359375 0.071875 0.13359375
1 0.76796875 0.25703125 0.0421875 0.096875
1 0.51015625 0.290625 0.0734375 0.11953125
1 0.53359375 0.9875 0.1328125 0.01953125
1 0.71875 0.246875 0.028125 0.071875
1 0.7421875 0.2484375 0.04375 0.08046875
1 0.9453125 0.215625 0.06875 0.053125
1 0.87734375 0.2765625 0.0546875 0.10859375