2 0.89921875 0.7875 0.1546875 0.24140625
3 0.140625 0.2125 0.103125 0.25859375
1 0.33984375 0.71953125 0.1546875 0.2390625
1 0.62265625 0.7765625 0.1328125 0.1859375
1 0.43203125 0.4 0.0953125 0.13359375
1 0.528125 0.315625 0.090625 0.1359375
1 0.66953125 0.47890625 0.1046875 0.146875
1 0.5609375 0.69453125 0.125 0.1609375
1 0.8984375 0.275 0.0875 0.128125
1 0.37890625 0.325 0.0890625 0.13359375
1 0.3 0.29296875 0.071875 0.103125
1 0.728125 0.2609375 0.06875 0.09453125
1 0.96015625 0.934375 0.0765625 0.125
1 0.75546875 0.64296875 0.1203125 0.15859375
1 0.4546875 0.278125 0.075 0.1109375
1 0.98359375 0.2484375 0.0296875 0.1140625
1 0.81640625 0.284375 0.0546875 0.06953125
1 0.41953125 0.2390625 0.0671875 0.078125
1 0.21953125 0.303125 0.0515625 0.06640625
1 0.25859375 0.2859375 0.0359375 0.0890625
1 0.8640625 0.25703125 0.059375 0.10859375
1 0.78046875 0.284375 0.0453125 0.06953125