2 0.71015625 0.809375 0.1828125 0.2640625
4 0.428125 0.24453125 0.084375 0.1609375
2 0.38515625 0.3515625 0.1046875 0.15859375
2 0.19296875 0.296875 0.0953125 0.15546875
1 0.3359375 0.74609375 0.125 0.175
1 0.5640625 0.665625 0.125 0.1640625
1 0.6125 0.40859375 0.096875 0.1390625
1 0.9453125 0.875 0.10625 0.20546875
1 0.73125 0.9109375 0.146875 0.171875
1 0.45 0.94296875 0.15625 0.10859375
1 0.4984375 0.3109375 0.084375 0.1109375
1 0.93828125 0.29140625 0.0796875 0.11640625
1 0.28515625 0.2875 0.0765625 0.096875
1 0.11875 0.29296875 0.071875 0.096875
1 0.746875 0.259375 0.065625 0.09140625
1 0.80234375 0.2625 0.0640625 0.103125
1 0.98515625 0.325 0.0265625 0.13359375
1 0.575 0.35390625 0.0875 0.11953125
1 0.859375 0.26796875 0.0625 0.103125
1 0.34375 0.30703125 0.05 0.075
1 0.2546875 0.284375 0.034375 0.09140625
1 0.43359375 0.29609375 0.0421875 0.06953125
1 0.89375 0.2890625 0.046875 0.10546875
1 0.971875 0.22890625 0.053125 0.046875
1 0.10078125 0.29296875 0.0359375 0.09140625