3 0.3203125 0.2109375 0.115625 0.29453125
1 0.4171875 0.83359375 0.140625 0.171875
1 0.42421875 0.38359375 0.0984375 0.15
1 0.82890625 0.72109375 0.1265625 0.1640625
1 0.215625 0.35390625 0.090625 0.146875
1 0.6625 0.85 0.140625 0.20546875
1 0.5734375 0.728125 0.128125 0.16640625
1 0.79140625 0.90546875 0.1765625 0.18359375
1 0.74609375 0.58203125 0.1171875 0.175
1 0.9296875 0.828125 0.121875 0.178125
1 0.97109375 0.89453125 0.0546875 0.20546875
1 0.6515625 0.46640625 0.10625 0.171875
1 0.4484375 0.28046875 0.09375 0.11640625
1 0.89140625 0.271875 0.0734375 0.128125
1 0.765625 0.26953125 0.0625 0.0890625
1 0.82421875 0.259375 0.0640625 0.1140625
1 0.103125 0.31796875 0.0625 0.05859375
1 0.3875 0.28046875 0.0375 0.09453125
1 0.95625 0.290625 0.078125 0.13046875
1 0.61171875 0.434375 0.0796875 0.1359375
1 0.85390625 0.27109375 0.0359375 0.10859375
1 0.246875 0.2640625 0.05 0.1109375
1 0.7453125 0.2515625 0.05 0.075
1 0.97890625 0.2265625 0.0390625 0.06953125
1 0.7078125 0.2625 0.034375 0.053125
1 0.9890625 0.32109375 0.01875 0.13046875