2 0.42421875 0.85703125 0.1515625 0.275
3 0.1671875 0.2234375 0.140625 0.325
1 0.52421875 0.61796875 0.1203125 0.1859375
1 0.3171875 0.303125 0.08125 0.1109375
1 0.5453125 0.33359375 0.09375 0.1390625
1 0.93203125 0.875 0.1328125 0.1890625
1 0.69609375 0.43203125 0.1171875 0.1140625
1 0.62265625 0.4015625 0.0890625 0.153125
1 0.8359375 0.25859375 0.078125 0.128125
1 0.403125 0.265625 0.0625 0.11953125
1 0.76875 0.2609375 0.06875 0.10546875
1 0.48828125 0.29453125 0.0859375 0.121875
1 0.87109375 0.728125 0.0703125 0.1890625
1 0.4484375 0.27109375 0.065625 0.13046875
1 0.97578125 0.3234375 0.0453125 0.125
1 0.93828125 0.28046875 0.0703125 0.128125
1 0.23671875 0.278125 0.0265625 0.0890625
1 0.68828125 0.2640625 0.0546875 0.04453125
1 0.28671875 0.2765625 0.0859375 0.10859375
1 0.26484375 0.2734375 0.0453125 0.103125
1 0.3625 0.303125 0.028125 0.071875
1 0.90234375 0.259375 0.0703125 0.13046875
1 0.97578125 0.2140625 0.0453125 0.05
1 0.9875 0.91796875 0.021875 0.15859375