8 0.7859375 0.7890625 0.209375 0.328125
2 0.434375 0.4015625 0.10625 0.15859375
1 0.20390625 0.35390625 0.0953125 0.146875
1 0.303125 0.278125 0.078125 0.11640625
1 0.13046875 0.28203125 0.0703125 0.1140625
1 0.36484375 0.2859375 0.0578125 0.09453125
1 0.85703125 0.275 0.0734375 0.10546875
1 0.934375 0.26796875 0.090625 0.153125
1 0.96796875 0.30859375 0.0609375 0.121875
1 0.78359375 0.2625 0.0515625 0.103125
1 0.9859375 0.21640625 0.025 0.08359375
1 0.74453125 0.26640625 0.0421875 0.071875
1 0.81953125 0.2640625 0.0578125 0.1
3 0.07421875 0.3015625 0.0578125 0.0859375