3 0.175 0.2234375 0.1375 0.31953125
3 0.31640625 0.203125 0.1328125 0.28359375
1 0.56953125 0.6375 0.1265625 0.1859375
1 0.78359375 0.6875 0.1234375 0.15859375
1 0.3296875 0.6484375 0.134375 0.203125
1 0.79609375 0.915625 0.1515625 0.1640625
1 0.49609375 0.92890625 0.1953125 0.1359375
1 0.76015625 0.5875 0.1203125 0.175
1 0.38359375 0.853125 0.1421875 0.21640625
1 0.59375 0.371875 0.10625 0.16640625
1 0.67578125 0.47109375 0.1265625 0.196875
1 0.47890625 0.2890625 0.0765625 0.13359375
1 0.9265625 0.278125 0.0875 0.13359375
1 0.5375 0.3234375 0.084375 0.14140625
1 0.421875 0.26953125 0.059375 0.1109375
1 0.86171875 0.259375 0.0703125 0.11953125
1 0.7984375 0.2515625 0.071875 0.125
1 0.97421875 0.3140625 0.0484375 0.15
8 0.92421875 0.921875 0.1484375 0.15
1 0.38828125 0.28359375 0.0296875 0.0890625
1 0.753125 0.26640625 0.034375 0.071875
1 0.71640625 0.2640625 0.0484375 0.05