3 0.4015625 0.728125 0.2375 0.5390625
4 0.2296875 0.346875 0.10625 0.23359375
1 0.34921875 0.315625 0.0828125 0.125
1 0.62265625 0.45 0.0953125 0.1390625
1 0.83125 0.69453125 0.175 0.21640625
1 0.4953125 0.2984375 0.084375 0.13046875
3 0.59609375 0.884375 0.2515625 0.225
1 0.92734375 0.86640625 0.1421875 0.228125
1 0.5859375 0.6875 0.134375 0.1859375
1 0.5953125 0.38203125 0.103125 0.153125
1 0.71328125 0.559375 0.0984375 0.16953125
1 0.76484375 0.915625 0.1109375 0.1640625
1 0.75546875 0.2734375 0.0703125 0.09140625
1 0.9578125 0.2890625 0.08125 0.1390625
1 0.27265625 0.6984375 0.0484375 0.1640625
1 0.16015625 0.3 0.0546875 0.10546875
1 0.12890625 0.29140625 0.0515625 0.09453125
1 0.4453125 0.29609375 0.040625 0.096875
1 0.4296875 0.2765625 0.065625 0.1140625
1 0.3875 0.29140625 0.0375 0.08359375
1 0.840625 0.2765625 0.04375 0.096875
1 0.9 0.25546875 0.084375 0.14453125
1 0.82578125 0.98359375 0.1203125 0.028125
1 0.28359375 0.29140625 0.0359375 0.09453125
1 0.81953125 0.26640625 0.0609375 0.1
1 0.31484375 0.2984375 0.0578125 0.103125
1 0.30234375 0.3109375 0.0328125 0.078125
1 0.95234375 0.2109375 0.0359375 0.0390625
1 0.50546875 0.54296875 0.0453125 0.14140625
1 0.99375 0.2734375 0.009375 0.153125