0 0.3265625 0.20546875 0.11875 0.28359375
3 0.3828125 0.696875 0.240625 0.5609375
1 0.18359375 0.29453125 0.0921875 0.15546875
1 0.50234375 0.47890625 0.1015625 0.175
1 0.86484375 0.953125 0.1671875 0.0890625
1 0.88671875 0.2765625 0.0796875 0.1140625
1 0.4796875 0.2984375 0.075 0.10859375
1 0.42421875 0.371875 0.0921875 0.121875
1 0.76953125 0.259375 0.0703125 0.103125
1 0.94453125 0.8875 0.1078125 0.21953125
1 0.4328125 0.27109375 0.065625 0.09140625
1 0.246875 0.28203125 0.053125 0.096875
1 0.84453125 0.25703125 0.0734375 0.125
1 0.73046875 0.2515625 0.0296875 0.075
1 0.68984375 0.26953125 0.0484375 0.03359375
1 0.40078125 0.24453125 0.0421875 0.0609375
1 0.90703125 0.24296875 0.0609375 0.096875
1 0.9875 0.25546875 0.021875 0.121875