3 0.86953125 0.803125 0.2578125 0.38359375
5 0.60859375 0.69296875 0.1421875 0.21953125
1 0.16796875 0.30703125 0.0828125 0.1140625
1 0.4984375 0.2984375 0.084375 0.13046875
1 0.34921875 0.309375 0.0828125 0.125
1 0.53828125 0.621875 0.1109375 0.20546875
1 0.75 0.6109375 0.1125 0.15546875
1 0.2765625 0.275 0.08125 0.1109375
1 0.446875 0.45703125 0.096875 0.1359375
1 0.49140625 0.51953125 0.1140625 0.178125
1 0.96171875 0.3015625 0.0734375 0.13046875
1 0.9015625 0.278125 0.071875 0.1109375
1 0.1109375 0.2875 0.05625 0.09140625
1 0.45 0.26796875 0.078125 0.1359375
1 0.86328125 0.26953125 0.0609375 0.11640625
1 0.8171875 0.265625 0.0625 0.103125
1 0.7515625 0.25546875 0.0375 0.0890625
1 0.7953125 0.253125 0.065625 0.1109375
1 0.7296875 0.24453125 0.05 0.08359375
1 0.41640625 0.25859375 0.0640625 0.13359375
1 0.96796875 0.2140625 0.0609375 0.0890625
1 0.69453125 0.2515625 0.0328125 0.05859375
1 0.9125 0.2125 0.0625 0.0640625