2 0.25 0.49609375 0.146875 0.19140625
3 0.8625 0.796875 0.271875 0.4
1 0.66171875 0.4609375 0.1078125 0.1609375
1 0.41875 0.9390625 0.146875 0.11640625
1 0.54140625 0.6515625 0.1140625 0.15859375
1 0.428125 0.4359375 0.10625 0.1390625
1 0.578125 0.359375 0.096875 0.146875
1 0.18984375 0.3375 0.0828125 0.13046875
1 0.52578125 0.33046875 0.0828125 0.1390625
1 0.3265625 0.30703125 0.078125 0.1359375
1 0.384375 0.353125 0.0875 0.13359375
1 0.9203125 0.27890625 0.0875 0.1359375
1 0.765625 0.271875 0.071875 0.09453125
1 0.9734375 0.31796875 0.05 0.11953125
1 0.4265625 0.278125 0.065625 0.1109375
1 0.48046875 0.2984375 0.0671875 0.10859375
1 0.8609375 0.26796875 0.05625 0.096875
1 0.27734375 0.278125 0.0609375 0.1109375
1 0.72265625 0.2640625 0.0359375 0.0609375
1 0.1703125 0.29140625 0.084375 0.1390625
1 0.08828125 0.296875 0.0421875 0.0890625
1 0.96875 0.225 0.059375 0.06640625
1 0.234375 0.2859375 0.040625 0.09453125
1 0.38515625 0.26953125 0.0328125 0.05
1 0.78984375 0.6109375 0.0859375 0.04453125
1 0.0609375 0.296875 0.046875 0.1
1 0.1234375 0.29453125 0.0375 0.121875