2 0.65234375 0.8140625 0.1546875 0.25
0 0.85625 0.1859375 0.125 0.271875
3 0.84296875 0.809375 0.2578125 0.375
1 0.546875 0.6390625 0.13125 0.19453125
1 0.21796875 0.371875 0.0921875 0.14453125
1 0.26875 0.5515625 0.10625 0.153125
1 0.340625 0.309375 0.0875 0.1359375
1 0.51328125 0.93359375 0.1703125 0.128125
1 0.68671875 0.48203125 0.1203125 0.175
1 0.496875 0.3125 0.084375 0.1140625
1 0.61875 0.421875 0.09375 0.15
1 0.5125 0.553125 0.11875 0.18359375
1 0.98046875 0.3234375 0.0359375 0.14140625
1 0.47421875 0.4875 0.1015625 0.1359375
1 0.92890625 0.2859375 0.0609375 0.1109375
1 0.78203125 0.26953125 0.0515625 0.09453125
1 0.40546875 0.2734375 0.0578125 0.1140625
1 0.30546875 0.290625 0.0515625 0.125
1 0.26640625 0.259375 0.0703125 0.11953125
1 0.7046875 0.25703125 0.034375 0.05859375
1 0.8890625 0.25859375 0.090625 0.1390625
1 0.7328125 0.25390625 0.034375 0.075
1 0.765625 0.25546875 0.05625 0.0890625
1 0.96796875 0.2984375 0.0609375 0.13046875
1 0.44609375 0.28359375 0.0640625 0.1109375