3 0.09609375 0.23046875 0.1015625 0.228125
2 0.53984375 0.6 0.1234375 0.1890625
2 0.2734375 0.5109375 0.115625 0.171875
1 0.36875 0.3125 0.090625 0.1359375
1 0.1640625 0.290625 0.084375 0.1359375
1 0.43203125 0.275 0.0734375 0.121875
1 0.8859375 0.2765625 0.075 0.10859375
1 0.84609375 0.246875 0.0765625 0.13359375
1 0.784375 0.26796875 0.05625 0.09140625
1 0.95859375 0.28046875 0.0765625 0.14453125
1 0.9203125 0.21953125 0.0625 0.0890625
1 0.98671875 0.3140625 0.0234375 0.121875
1 0.74765625 0.2640625 0.0390625 0.071875
1 0.73046875 0.253125 0.0484375 0.06640625
1 0.99296875 0.2359375 0.0109375 0.071875