3 0.6484375 0.68359375 0.24375 0.5609375
3 0.1875 0.2265625 0.121875 0.30859375
1 0.4375 0.446875 0.103125 0.14453125
1 0.26953125 0.48046875 0.1140625 0.1609375
1 0.45546875 0.9515625 0.1578125 0.09140625
1 0.9359375 0.809375 0.125 0.21953125
1 0.7984375 0.66953125 0.1125 0.21640625
1 0.95703125 0.9140625 0.0828125 0.16640625
1 0.84375 0.25703125 0.08125 0.125
1 0.2890625 0.275 0.065625 0.10546875
1 0.49140625 0.325 0.0796875 0.11640625
1 0.39296875 0.33046875 0.0890625 0.14453125
1 0.6109375 0.35859375 0.103125 0.1109375
1 0.97734375 0.31796875 0.0421875 0.11953125
1 0.34375 0.3015625 0.065625 0.1140625
1 0.11875 0.2890625 0.040625 0.0890625
1 0.709375 0.2625 0.059375 0.05859375
1 0.559375 0.3390625 0.084375 0.15
1 0.965625 0.290625 0.065625 0.125
1 0.76484375 0.2640625 0.0484375 0.08359375
1 0.79921875 0.25703125 0.0390625 0.1140625
1 0.78125 0.5359375 0.078125 0.0890625
1 0.47109375 0.2640625 0.0703125 0.08359375
1 0.93046875 0.27109375 0.0671875 0.125
1 0.42734375 0.24453125 0.0609375 0.0609375
1 0.2515625 0.2765625 0.028125 0.0859375
1 0.98125 0.209375 0.034375 0.053125
1 0.91484375 0.24609375 0.0640625 0.10859375
1 0.3953125 0.234375 0.034375 0.046875