3 0.27734375 0.1984375 0.1203125 0.2640625
0 0.7828125 0.54140625 0.196875 0.45
1 0.34296875 0.7859375 0.1296875 0.171875
1 0.54453125 0.56640625 0.1109375 0.171875
1 0.22890625 0.428125 0.1078125 0.1609375
1 0.459375 0.4734375 0.1 0.14140625
1 0.53359375 0.340625 0.0796875 0.11953125
1 0.65625 0.434375 0.0875 0.18046875
1 0.61171875 0.365625 0.0921875 0.15859375
1 0.1890625 0.309375 0.084375 0.13046875
1 0.9328125 0.28203125 0.084375 0.1359375
1 0.39296875 0.37109375 0.0859375 0.14140625
1 0.4359375 0.409375 0.090625 0.13046875
1 0.884375 0.94140625 0.059375 0.1109375
1 0.33203125 0.32109375 0.0515625 0.1140625
1 0.875 0.265625 0.071875 0.13046875
1 0.97890625 0.31953125 0.0390625 0.15
1 0.8296875 0.2640625 0.046875 0.11640625
1 0.478125 0.303125 0.071875 0.1109375
1 0.3765625 0.334375 0.075 0.14140625
1 0.1625 0.296875 0.065625 0.128125
1 0.7515625 0.27109375 0.0625 0.08046875
1 0.134375 0.26796875 0.05 0.1359375
1 0.46875 0.25859375 0.0625 0.078125
8 0.953125 0.909375 0.090625 0.175
1 0.41796875 0.28359375 0.0453125 0.0890625
1 0.140625 0.2234375 0.0375 0.046875
1 0.37109375 0.25390625 0.0515625 0.04140625
1 0.69609375 0.2640625 0.0546875 0.04453125
1 0.8078125 0.24609375 0.0625 0.10859375