3 0.52890625 0.4859375 0.1984375 0.46640625
3 0.1453125 0.2015625 0.11875 0.2859375
1 0.2703125 0.45859375 0.109375 0.1390625
1 0.71015625 0.93203125 0.1609375 0.13046875
1 0.80234375 0.63359375 0.1171875 0.1609375
1 0.334375 0.3 0.075 0.128125
1 0.25078125 0.2765625 0.0828125 0.1140625
1 0.84453125 0.26953125 0.0765625 0.10546875
1 0.63359375 0.38203125 0.0609375 0.146875
1 0.9453125 0.30390625 0.075 0.11953125
1 0.975 0.325 0.046875 0.121875
1 0.7703125 0.25859375 0.05625 0.0890625
1 0.91640625 0.28359375 0.0671875 0.10546875
1 0.74140625 0.2484375 0.0453125 0.08046875
1 0.70859375 0.253125 0.0390625 0.05546875
1 0.94140625 0.21953125 0.0453125 0.05546875
1 0.68671875 0.2484375 0.0234375 0.053125
1 0.97578125 0.22890625 0.0453125 0.08046875
1 0.7953125 0.271875 0.04375 0.08359375