4 0.7578125 0.21640625 0.078125 0.15
0 0.7140625 0.940625 0.325 0.1140625
1 0.64453125 0.453125 0.1078125 0.16640625
1 0.80390625 0.6609375 0.1234375 0.16640625
1 0.54140625 0.609375 0.1203125 0.153125
1 0.38125 0.35 0.0875 0.128125
1 0.465625 0.2859375 0.08125 0.1390625
1 0.19609375 0.371875 0.0890625 0.128125
1 0.5703125 0.35390625 0.090625 0.11953125
1 0.309375 0.28203125 0.078125 0.11953125
1 0.890625 0.27109375 0.0875 0.125
1 0.3921875 0.26953125 0.06875 0.1
1 0.1328125 0.28203125 0.059375 0.10859375
1 0.1984375 0.290625 0.09375 0.1359375
1 0.9640625 0.296875 0.06875 0.13359375
1 0.98359375 0.9390625 0.0296875 0.11640625
1 0.26796875 0.275 0.0390625 0.10546875
1 0.775 0.253125 0.046875 0.1
1 0.70234375 0.25859375 0.0421875 0.05
1 0.84375 0.25390625 0.065625 0.125
1 0.76875 0.95546875 0.20625 0.08359375
1 0.8046875 0.253125 0.040625 0.1109375
1 0.97109375 0.2140625 0.0546875 0.06640625