3 0.1578125 0.20546875 0.125 0.29453125
2 0.53046875 0.603125 0.1265625 0.21640625
1 0.77734375 0.92890625 0.1609375 0.1359375
1 0.71015625 0.55390625 0.1140625 0.153125
1 0.29296875 0.546875 0.1140625 0.178125
1 0.64296875 0.45390625 0.1046875 0.1640625
1 0.2296875 0.39296875 0.096875 0.153125
1 0.43828125 0.396875 0.1015625 0.121875
1 0.86875 0.26796875 0.08125 0.11953125
1 0.971875 0.3109375 0.053125 0.1390625
1 0.29765625 0.275 0.0796875 0.121875
1 0.4703125 0.53203125 0.096875 0.153125
1 0.3671875 0.29609375 0.059375 0.08046875
1 0.71328125 0.2625 0.0484375 0.05859375
1 0.80625 0.25 0.0875 0.13359375
1 0.97109375 0.225 0.0546875 0.1109375
1 0.9046875 0.246875 0.0875 0.1109375
1 0.75078125 0.26640625 0.0390625 0.071875
1 0.2375 0.2875 0.0625 0.096875
1 0.6765625 0.2625 0.03125 0.0359375
1 0.09375 0.29609375 0.028125 0.0859375