2 0.65703125 0.8234375 0.1703125 0.246875
3 0.23671875 0.31953125 0.1578125 0.4
1 0.525 0.609375 0.125 0.1859375
1 0.7390625 0.60390625 0.140625 0.20859375
1 0.3984375 0.371875 0.09375 0.14453125
1 0.85625 0.74609375 0.128125 0.16953125
1 0.93046875 0.85859375 0.1265625 0.1890625
1 0.6515625 0.478125 0.10625 0.14453125
1 0.79375 0.95546875 0.15625 0.08359375
1 0.6125 0.390625 0.115625 0.16953125
1 0.96875 0.303125 0.059375 0.14453125
1 0.90703125 0.2734375 0.0828125 0.13046875
1 0.55078125 0.3390625 0.0859375 0.15
1 0.134375 0.2859375 0.065625 0.128125
1 0.49921875 0.31796875 0.0609375 0.11953125
1 0.9828125 0.909375 0.03125 0.175
1 0.76328125 0.265625 0.0609375 0.0859375
1 0.47109375 0.278125 0.0765625 0.11640625
1 0.81328125 0.2640625 0.0609375 0.1
1 0.8640625 0.2609375 0.06875 0.128125
1 0.6875 0.26796875 0.05 0.03046875
1 0.328125 0.26796875 0.05 0.06953125
1 0.4125 0.2640625 0.05625 0.08359375
1 0.96015625 0.221875 0.0609375 0.0609375
1 0.34453125 0.35546875 0.0421875 0.1109375
1 0.35 0.31796875 0.071875 0.10859375