3 0.0765625 0.278125 0.084375 0.128125
2 0.684375 0.86953125 0.175 0.25
1 0.57890625 0.7015625 0.1234375 0.175
1 0.26328125 0.5234375 0.1109375 0.146875
1 0.88046875 0.765625 0.1390625 0.203125
1 0.8109375 0.6625 0.134375 0.196875
1 0.6421875 0.40859375 0.1 0.14453125
1 0.70703125 0.528125 0.1171875 0.16640625
1 0.525 0.959375 0.140625 0.075
1 0.52265625 0.59453125 0.1203125 0.178125
1 0.13203125 0.29296875 0.0765625 0.13046875
1 0.20546875 0.3109375 0.0953125 0.15546875
1 0.5859375 0.35546875 0.08125 0.121875
1 0.2265625 0.4140625 0.1 0.13359375
1 0.890625 0.26796875 0.071875 0.125
1 0.5375 0.3 0.075 0.121875
1 0.3015625 0.29609375 0.0375 0.10859375
1 0.72890625 0.26796875 0.0609375 0.0640625
1 0.98515625 0.321875 0.0265625 0.15546875
1 0.25234375 0.28203125 0.0421875 0.09140625
1 0.6765625 0.259375 0.05 0.04140625
1 0.9328125 0.29140625 0.0625 0.1109375
1 0.328125 0.296875 0.04375 0.13359375
1 0.83671875 0.24453125 0.0796875 0.15
1 0.965625 0.30546875 0.04375 0.11640625
1 0.38359375 0.3484375 0.0484375 0.153125
1 0.7796875 0.246875 0.05 0.1109375