5 0.57578125 0.721875 0.1328125 0.21640625
3 0.2984375 0.19453125 0.125 0.278125
1 0.421875 0.8859375 0.15 0.221875
1 0.89609375 0.8015625 0.1421875 0.2140625
1 0.4953125 0.5359375 0.11875 0.16640625
1 0.76796875 0.61953125 0.1171875 0.1609375
1 0.6453125 0.4609375 0.103125 0.14453125
1 0.35859375 0.30546875 0.0890625 0.14453125
1 0.79296875 0.94296875 0.1671875 0.10859375
1 0.17890625 0.309375 0.0796875 0.13046875
1 0.70625 0.8390625 0.140625 0.20546875
1 0.44453125 0.284375 0.0703125 0.096875
1 0.984375 0.321875 0.028125 0.14453125
1 0.8109375 0.25546875 0.0625 0.1109375
1 0.86640625 0.259375 0.0765625 0.125
1 0.96328125 0.2875 0.0703125 0.1359375
1 0.90625 0.284375 0.065625 0.10859375
1 0.7015625 0.25390625 0.05625 0.0640625
1 0.42578125 0.246875 0.0578125 0.06640625
1 0.771875 0.259375 0.040625 0.09140625
1 0.74296875 0.25703125 0.0359375 0.075