0 0.60546875 0.3 0.1546875 0.35546875
8 0.603125 0.72890625 0.25 0.44140625
1 0.2328125 0.49609375 0.10625 0.14140625
1 0.1734375 0.30703125 0.084375 0.13046875
1 0.36328125 0.32109375 0.0796875 0.11953125
1 0.47578125 0.95703125 0.1640625 0.08046875
1 0.95625 0.290625 0.084375 0.146875
1 0.29765625 0.28203125 0.0671875 0.125
1 0.890625 0.271875 0.071875 0.128125
1 0.4203125 0.284375 0.046875 0.09140625
1 0.46953125 0.2734375 0.0734375 0.13046875
1 0.253125 0.2875 0.0375 0.09140625
1 0.79765625 0.265625 0.0515625 0.096875
1 0.75234375 0.25546875 0.0609375 0.0890625
1 0.32265625 0.303125 0.0421875 0.10546875
1 0.50859375 0.3015625 0.0578125 0.125
1 0.51640625 0.334375 0.0453125 0.1359375
1 0.71484375 0.25859375 0.0296875 0.05546875
1 0.09609375 0.2859375 0.0328125 0.1
1 0.85859375 0.26640625 0.0421875 0.11640625
1 0.3765625 0.27109375 0.053125 0.0640625
1 0.13125 0.28203125 0.0625 0.103125