3 0.10546875 0.22890625 0.1015625 0.225
2 0.48046875 0.521875 0.1171875 0.1890625
1 0.3140625 0.6125 0.115625 0.1640625
1 0.50625 0.30390625 0.084375 0.1140625
1 0.4875 0.9375 0.15625 0.1140625
1 0.3734375 0.309375 0.090625 0.15859375
1 0.19453125 0.3125 0.0859375 0.1359375
1 0.440625 0.2734375 0.065625 0.1140625
1 0.8890625 0.27890625 0.071875 0.10859375
1 0.70703125 0.265625 0.0578125 0.05859375
1 0.8203125 0.259375 0.075 0.1140625
1 0.28046875 0.2890625 0.0609375 0.09453125
1 0.31796875 0.30546875 0.0453125 0.1109375
1 0.975 0.3015625 0.046875 0.15859375
1 0.14375 0.28359375 0.0625 0.1109375
1 0.775 0.25703125 0.046875 0.096875
1 0.94375 0.2890625 0.053125 0.128125