2 0.31953125 0.26796875 0.0984375 0.16953125
1 0.428125 0.89140625 0.146875 0.2109375
1 0.871875 0.79453125 0.134375 0.178125
1 0.52890625 0.59296875 0.1140625 0.175
1 0.7859375 0.63203125 0.125 0.21953125
1 0.34921875 0.76796875 0.1296875 0.20859375
1 0.70078125 0.540625 0.1109375 0.175
1 0.18828125 0.32890625 0.0859375 0.1140625
1 0.4765625 0.4890625 0.109375 0.171875
1 0.36875 0.3234375 0.090625 0.1359375
1 0.53828125 0.33046875 0.0828125 0.11640625
1 0.61640625 0.3765625 0.1015625 0.146875
1 0.65546875 0.45390625 0.1015625 0.1359375
1 0.87890625 0.271875 0.0796875 0.121875
1 0.43515625 0.4265625 0.1046875 0.153125
1 0.28515625 0.64140625 0.1390625 0.21640625
1 0.9671875 0.3 0.0625 0.13359375
1 0.81015625 0.25859375 0.0703125 0.11640625
1 0.278125 0.484375 0.109375 0.1359375
1 0.43125 0.271875 0.06875 0.1109375
1 0.4890625 0.3015625 0.06875 0.103125
1 0.74375 0.26640625 0.06875 0.0890625
1 0.24296875 0.30546875 0.0609375 0.071875
1 0.309375 0.55859375 0.10625 0.14453125
1 0.6921875 0.2625 0.046875 0.046875
1 0.9546875 0.2515625 0.05 0.09140625
1 0.92421875 0.25 0.0390625 0.09453125