4 0.71953125 0.4859375 0.1359375 0.28359375
3 0.24609375 0.3515625 0.1640625 0.41953125
6 0.36953125 0.85703125 0.0703125 0.146875
1 0.6265625 0.7609375 0.140625 0.18359375
1 0.484375 0.47890625 0.10625 0.1640625
1 0.43515625 0.41796875 0.1078125 0.1640625
1 0.61875 0.421875 0.0875 0.13359375
1 0.3625 0.32890625 0.090625 0.153125
1 0.70703125 0.7140625 0.1359375 0.2109375
1 0.95234375 0.8875 0.0921875 0.1859375
1 0.584375 0.36796875 0.090625 0.11953125
1 0.54609375 0.3265625 0.0859375 0.1359375
1 0.86015625 0.26796875 0.0703125 0.1140625
1 0.15078125 0.296875 0.0453125 0.10546875
1 0.96875 0.3109375 0.059375 0.13359375
1 0.11953125 0.29296875 0.0421875 0.09140625
1 0.7875 0.259375 0.06875 0.10859375
1 0.925 0.2984375 0.0625 0.1140625
1 0.51875 0.29296875 0.090625 0.15859375
1 0.9265625 0.2734375 0.0875 0.14140625
1 0.40546875 0.27109375 0.0390625 0.10859375
1 0.46328125 0.265625 0.0734375 0.1359375
1 0.73046875 0.259375 0.0578125 0.075
1 0.984375 0.215625 0.028125 0.05859375
1 0.98984375 0.321875 0.0171875 0.13359375