3 0.33515625 0.22109375 0.1203125 0.30859375
2 0.4484375 0.41953125 0.10625 0.1609375
1 0.45078125 0.90859375 0.1484375 0.178125
1 0.70859375 0.9015625 0.1484375 0.19140625
1 0.61484375 0.79140625 0.1328125 0.178125
1 0.22578125 0.3765625 0.0953125 0.15859375
1 0.88125 0.7859375 0.134375 0.171875
1 0.6859375 0.51640625 0.1125 0.18359375
1 0.84921875 0.9390625 0.1734375 0.11640625
1 0.79140625 0.6390625 0.1234375 0.1890625
1 0.47578125 0.290625 0.0828125 0.125
1 0.9625 0.89609375 0.071875 0.196875
1 0.8796875 0.27109375 0.071875 0.125
1 0.11171875 0.3125 0.0609375 0.075
1 0.97890625 0.3109375 0.0390625 0.128125
1 0.6421875 0.484375 0.084375 0.14140625
1 0.75703125 0.26640625 0.0578125 0.08359375
1 0.81328125 0.25859375 0.0640625 0.11640625
1 0.403125 0.271875 0.034375 0.09453125
1 0.94140625 0.28359375 0.0734375 0.128125
1 0.25546875 0.2640625 0.0578125 0.121875
1 0.44140625 0.2765625 0.0640625 0.1140625
1 0.84140625 0.26953125 0.0359375 0.10546875
1 0.9734375 0.22109375 0.05 0.0640625
1 0.734375 0.2515625 0.046875 0.0640625