2 0.37421875 0.353125 0.1046875 0.1609375
3 0.5625 0.834375 0.303125 0.325
1 0.4609375 0.45859375 0.103125 0.1609375
1 0.784375 0.671875 0.128125 0.18359375
1 0.3625 0.81953125 0.11875 0.21640625
1 0.68125 0.47109375 0.103125 0.14140625
1 0.809375 0.9390625 0.159375 0.11640625
1 0.1078125 0.2890625 0.06875 0.1
1 0.88359375 0.80703125 0.1390625 0.18046875
1 0.96953125 0.89453125 0.0578125 0.20546875
1 0.89296875 0.26796875 0.0828125 0.13046875
1 0.82265625 0.2640625 0.0671875 0.10546875
1 0.31171875 0.28203125 0.0734375 0.11953125
1 0.95859375 0.3015625 0.0796875 0.11953125
1 0.2625 0.28046875 0.05 0.09453125
1 0.7484375 0.26640625 0.06875 0.09453125
1 0.20859375 0.3015625 0.0671875 0.06953125
1 0.4109375 0.2734375 0.065625 0.103125
1 0.9703125 0.21640625 0.05625 0.071875
1 0.69453125 0.259375 0.0546875 0.04140625
1 0.9921875 0.35859375 0.0125 0.121875
1 0.93359375 0.2234375 0.0328125 0.053125
1 0.99296875 0.24140625 0.0109375 0.0890625
1 0.68046875 0.46640625 0.1421875 0.2109375