3 0.30078125 0.196875 0.1171875 0.278125
4 0.79453125 0.58359375 0.1484375 0.2890625
1 0.43515625 0.86640625 0.1765625 0.2609375
1 0.26015625 0.50390625 0.1046875 0.146875
1 0.48203125 0.521875 0.1078125 0.15
1 0.67265625 0.5734375 0.1078125 0.153125
1 0.61484375 0.39140625 0.1078125 0.15546875
1 0.9015625 0.2734375 0.090625 0.1359375
1 0.13203125 0.28203125 0.0796875 0.11953125
1 0.5328125 0.31640625 0.0875 0.128125
1 0.43828125 0.46640625 0.0984375 0.1390625
1 0.2265625 0.39609375 0.1 0.146875
1 0.83125 0.246875 0.078125 0.13359375
1 0.44375 0.284375 0.078125 0.1140625
1 0.42578125 0.3890625 0.0953125 0.121875
1 0.76796875 0.265625 0.0609375 0.0859375
1 0.08125 0.3015625 0.0375 0.0859375
1 0.71640625 0.2625 0.0546875 0.0640625
1 0.97734375 0.26640625 0.0421875 0.1
1 0.95703125 0.24609375 0.0578125 0.10859375
1 0.3625 0.2890625 0.028125 0.078125
1 0.23203125 0.284375 0.0484375 0.05859375
1 0.396875 0.275 0.05625 0.10546875
1 0.2484375 0.34453125 0.08125 0.1109375
1 0.3890625 0.29453125 0.040625 0.071875