3 0.96875 0.1609375 0.059375 0.15546875
5 0.5484375 0.56796875 0.128125 0.196875
1 0.7078125 0.521875 0.109375 0.15
1 0.94765625 0.86953125 0.1015625 0.2390625
1 0.240625 0.4234375 0.1 0.15859375
1 0.59609375 0.409375 0.1046875 0.1359375
1 0.44296875 0.4484375 0.0984375 0.146875
1 0.35390625 0.30546875 0.0921875 0.15
1 0.18671875 0.34609375 0.0859375 0.11953125
1 0.5 0.303125 0.075 0.11640625
1 0.56171875 0.340625 0.0921875 0.146875
1 0.41328125 0.38046875 0.0953125 0.13359375
1 0.9734375 0.30390625 0.05 0.146875
1 0.2625 0.25859375 0.065625 0.1109375
1 0.93359375 0.28203125 0.0765625 0.1359375
1 0.7859375 0.259375 0.06875 0.10859375
1 0.14296875 0.30390625 0.0546875 0.10859375
1 0.31875 0.2765625 0.078125 0.1359375
1 0.8796875 0.278125 0.0625 0.11640625
1 0.19609375 0.29609375 0.0796875 0.09140625
1 0.846875 0.259375 0.065625 0.1140625
1 0.74453125 0.24609375 0.0609375 0.09140625
1 0.69140625 0.2609375 0.0484375 0.04453125