3 0.4265625 0.3109375 0.1625 0.39453125
3 0.390625 0.69140625 0.234375 0.55546875
1 0.809375 0.6640625 0.128125 0.171875
5 0.21171875 0.375 0.1015625 0.16640625
1 0.8203125 0.259375 0.075 0.1140625
1 0.903125 0.27109375 0.09375 0.146875
1 0.521875 0.29609375 0.05 0.1359375
1 0.978125 0.30703125 0.040625 0.125
1 0.2390625 0.28046875 0.071875 0.09453125
1 0.31640625 0.29140625 0.0703125 0.13359375
1 0.16875 0.30390625 0.06875 0.10859375
1 0.77578125 0.25703125 0.0484375 0.103125
1 0.7328125 0.26640625 0.05 0.06640625
1 0.33828125 0.33203125 0.0328125 0.10859375
1 0.7015625 0.25703125 0.04375 0.053125
1 0.971875 0.246875 0.053125 0.1109375