8 0.4453125 0.34609375 0.1375 0.3140625
2 0.38125 0.7734375 0.14375 0.21953125
1 0.6953125 0.86796875 0.16875 0.253125
1 0.7265625 0.584375 0.1125 0.146875
1 0.26484375 0.496875 0.1078125 0.15
1 0.60703125 0.70859375 0.1390625 0.2
1 0.81171875 0.69453125 0.1265625 0.1609375
1 0.88359375 0.275 0.0859375 0.11640625
1 0.784375 0.9484375 0.1625 0.096875
1 0.44609375 0.4390625 0.1109375 0.171875
1 0.2390625 0.359375 0.10625 0.175
1 0.81953125 0.25703125 0.0734375 0.1140625
1 0.71796875 0.25859375 0.0828125 0.08359375
1 0.50078125 0.5765625 0.1140625 0.16953125
1 0.1859375 0.33359375 0.046875 0.1390625
1 0.7890625 0.24609375 0.065625 0.11953125
1 0.35859375 0.29140625 0.0296875 0.071875
1 0.978125 0.3359375 0.040625 0.128125
1 0.96328125 0.24453125 0.0671875 0.1109375
1 0.375 0.28359375 0.021875 0.0890625
1 0.978125 0.253125 0.040625 0.09453125
1 0.0984375 0.321875 0.053125 0.04453125
1 0.2796875 0.2859375 0.0375 0.09453125