3 0.2953125 0.45703125 0.184375 0.4640625
0 0.78359375 0.18359375 0.1140625 0.2390625
1 0.57578125 0.74140625 0.1328125 0.19453125
1 0.73203125 0.90546875 0.1546875 0.18359375
1 0.85 0.7734375 0.1375 0.20859375
1 0.58359375 0.378125 0.0953125 0.128125
1 0.765625 0.64453125 0.11875 0.18359375
1 0.52890625 0.328125 0.0796875 0.11640625
1 0.7140625 0.56796875 0.109375 0.146875
1 0.14453125 0.28359375 0.0703125 0.1109375
1 0.97109375 0.9 0.0546875 0.19453125
1 0.478125 0.29296875 0.075 0.125
1 0.0921875 0.30390625 0.046875 0.08046875
1 0.9296875 0.290625 0.071875 0.125
1 0.96953125 0.30703125 0.0578125 0.11953125
1 0.88046875 0.27109375 0.0640625 0.125
1 0.815625 0.25859375 0.0625 0.10546875
1 0.7859375 0.2484375 0.06875 0.1140625
1 0.6953125 0.25859375 0.03125 0.04453125
1 0.71875 0.25546875 0.034375 0.06640625
1 0.83359375 0.2734375 0.0578125 0.103125
1 0.94453125 0.228125 0.0796875 0.0609375
1 0.99375 0.328125 0.009375 0.15
1 0.42890625 0.29140625 0.0328125 0.08359375