2 0.2328125 0.4515625 0.14375 0.1859375
3 0.79765625 0.7609375 0.2546875 0.471875
1 0.384375 0.89140625 0.140625 0.171875
1 0.49921875 0.5875 0.1078125 0.153125
1 0.61953125 0.409375 0.1015625 0.15859375
1 0.40546875 0.3984375 0.0984375 0.1359375
1 0.5453125 0.33046875 0.090625 0.1390625
1 0.9546875 0.290625 0.0875 0.14140625
1 0.7875 0.27109375 0.071875 0.096875
1 0.3125 0.296875 0.071875 0.128125
1 0.496875 0.309375 0.075 0.13046875
1 0.89296875 0.259375 0.0640625 0.103125
1 0.18203125 0.325 0.0796875 0.11640625
1 0.36875 0.33046875 0.084375 0.128125
1 0.08046875 0.303125 0.0484375 0.08359375
1 0.1625 0.2890625 0.08125 0.14453125
1 0.409375 0.2765625 0.05625 0.103125
1 0.9359375 0.81640625 0.06875 0.2109375
1 0.74609375 0.2609375 0.0421875 0.078125
1 0.11640625 0.2859375 0.0390625 0.11640625
1 0.98359375 0.2375 0.0296875 0.0859375
1 0.68828125 0.271875 0.0515625 0.03359375
1 0.45546875 0.2890625 0.0546875 0.1
1 0.99140625 0.334375 0.0140625 0.1359375
1 0.2609375 0.278125 0.059375 0.1109375
1 0.05234375 0.30859375 0.0234375 0.078125
1 0.84296875 0.278125 0.0484375 0.071875
1 0.228125 0.290625 0.0375 0.0859375