8 0.63984375 0.68046875 0.1796875 0.38359375
5 0.6734375 0.81796875 0.159375 0.28046875
1 0.36015625 0.3234375 0.0828125 0.125
1 0.421875 0.8875 0.146875 0.196875
1 0.503125 0.66953125 0.121875 0.23359375
1 0.6375 0.4359375 0.096875 0.121875
1 0.13125 0.2875 0.071875 0.096875
1 0.4203125 0.6015625 0.1 0.1859375
1 0.29453125 0.28046875 0.0796875 0.11640625
1 0.56328125 0.3625 0.0921875 0.11953125
1 0.77421875 0.265625 0.0703125 0.09140625
1 0.39921875 0.28359375 0.0765625 0.09453125
1 0.80078125 0.95859375 0.1703125 0.078125
1 0.22421875 0.3 0.0640625 0.06640625
1 0.528125 0.309375 0.1 0.11953125
1 0.94140625 0.26953125 0.0859375 0.15
1 0.98125 0.31953125 0.034375 0.1109375
1 0.7234375 0.24609375 0.0625 0.075
1 0.82578125 0.275 0.0265625 0.071875
1 0.875 0.225 0.065625 0.0609375
1 0.86796875 0.2734375 0.0703125 0.10859375