3 0.6015625 0.8390625 0.30625 0.31640625
4 0.30859375 0.53046875 0.1359375 0.278125
1 0.4375 0.44140625 0.103125 0.1609375
1 0.6140625 0.4125 0.103125 0.15859375
1 0.82109375 0.71953125 0.1203125 0.171875
1 0.203125 0.3640625 0.0875 0.128125
1 0.77109375 0.62109375 0.1328125 0.19140625
1 0.93671875 0.86796875 0.1234375 0.21953125
1 0.8109375 0.9375 0.140625 0.11953125
1 0.5140625 0.30390625 0.084375 0.1359375
1 0.34765625 0.3125 0.0796875 0.1140625
1 0.41640625 0.94296875 0.1015625 0.10859375
1 0.92890625 0.2890625 0.0859375 0.128125
1 0.8484375 0.259375 0.08125 0.13046875
1 0.296875 0.2875 0.06875 0.103125
1 0.12421875 0.29609375 0.0578125 0.0859375
1 0.3921875 0.375 0.0875 0.128125
1 0.4578125 0.290625 0.059375 0.096875
1 0.565625 0.36953125 0.075 0.121875
1 0.18359375 0.30703125 0.0734375 0.10859375
1 0.984375 0.328125 0.028125 0.128125
1 0.79453125 0.24453125 0.0703125 0.13359375
1 0.27890625 0.26640625 0.0734375 0.128125
1 0.396875 0.28203125 0.059375 0.0859375
1 0.23515625 0.29609375 0.0328125 0.075
1 0.72890625 0.26640625 0.0359375 0.0609375
1 0.9890625 0.253125 0.01875 0.071875