3 0.23828125 0.33046875 0.1640625 0.4
3 0.38046875 0.25546875 0.1421875 0.33359375
1 0.43203125 0.90703125 0.1671875 0.18046875
1 0.78671875 0.93046875 0.1640625 0.13359375
1 0.5703125 0.434375 0.10625 0.16953125
1 0.7828125 0.6375 0.14375 0.21953125
1 0.9015625 0.775 0.159375 0.26640625
1 0.49296875 0.29453125 0.0703125 0.11640625
1 0.96953125 0.896875 0.0578125 0.2
1 0.5546875 0.3109375 0.090625 0.1390625
1 0.9328125 0.2734375 0.09375 0.146875
1 0.59765625 0.3734375 0.0890625 0.14140625
1 0.85 0.2625 0.06875 0.125
1 0.69296875 0.53203125 0.1140625 0.175
1 0.79765625 0.25859375 0.0609375 0.1109375
1 0.1140625 0.29140625 0.059375 0.09453125
1 0.725 0.25390625 0.075 0.096875
1 0.9859375 0.246875 0.025 0.1109375
1 0.8828125 0.2765625 0.034375 0.11953125
1 0.99375 0.34296875 0.009375 0.11953125
1 0.959375 0.215625 0.046875 0.046875
1 0.68359375 0.48203125 0.0984375 0.153125