8 0.49765625 0.49140625 0.1578125 0.30546875
3 0.0875 0.259375 0.09375 0.1640625
1 0.78515625 0.63203125 0.1296875 0.1859375
1 0.64375 0.809375 0.134375 0.19140625
1 0.290625 0.61953125 0.11875 0.15546875
1 0.7671875 0.9265625 0.190625 0.14140625
1 0.22109375 0.3484375 0.0984375 0.1640625
1 0.7109375 0.49609375 0.109375 0.1640625
1 0.25546875 0.48203125 0.1078125 0.14140625
1 0.56875 0.69609375 0.13125 0.19140625
1 0.909375 0.7859375 0.15 0.21640625
1 0.64921875 0.4125 0.1015625 0.1359375
1 0.58203125 0.3359375 0.0859375 0.128125
1 0.95703125 0.890625 0.0828125 0.2140625
1 0.1484375 0.296875 0.075 0.15546875
1 0.5203125 0.30859375 0.071875 0.08359375
1 0.2640625 0.278125 0.065625 0.1109375
1 0.865625 0.2640625 0.06875 0.121875
1 0.97109375 0.3 0.0546875 0.1609375
1 0.35546875 0.31796875 0.0484375 0.153125
1 0.43203125 0.3890625 0.0953125 0.19453125
1 0.20546875 0.25 0.0578125 0.0609375
1 0.9078125 0.28359375 0.05625 0.1109375
1 0.7546875 0.25 0.04375 0.10546875
1 0.80859375 0.24296875 0.0796875 0.14140625
1 0.32890625 0.315625 0.0390625 0.1140625
1 0.9375 0.29296875 0.040625 0.1140625
1 0.70625 0.27109375 0.053125 0.04140625
1 0.975 0.2140625 0.046875 0.05