2 0.6484375 0.8140625 0.15 0.23359375
3 0.44765625 0.78203125 0.2828125 0.43046875
0 0.91875 0.84609375 0.15625 0.296875
1 0.57109375 0.3484375 0.1015625 0.153125
1 0.79453125 0.69609375 0.1234375 0.15859375
1 0.72109375 0.58359375 0.1171875 0.14453125
1 0.4328125 0.275 0.078125 0.11640625
1 0.46171875 0.4640625 0.1015625 0.1390625
1 0.11953125 0.29453125 0.0671875 0.0890625
1 0.77265625 0.25546875 0.0703125 0.1
1 0.52734375 0.534375 0.1140625 0.1359375
1 0.96953125 0.30390625 0.0578125 0.1359375
1 0.24765625 0.2875 0.0640625 0.0859375
1 0.5890625 0.69609375 0.10625 0.19140625
1 0.28125 0.66953125 0.06875 0.16640625
1 0.9234375 0.29296875 0.071875 0.1140625
1 0.71171875 0.265625 0.0546875 0.05859375
1 0.38203125 0.26796875 0.0578125 0.11953125
1 0.515625 0.56953125 0.096875 0.08359375
1 0.22734375 0.28203125 0.0609375 0.09140625
1 0.9109375 0.234375 0.034375 0.04140625
1 0.8234375 0.2515625 0.0375 0.103125
1 0.38515625 0.23203125 0.0515625 0.046875
1 0.2390625 0.28359375 0.103125 0.1390625
1 0.97421875 0.21796875 0.0484375 0.05859375
1 0.86171875 0.2609375 0.0765625 0.128125