3 0.55390625 0.853125 0.3140625 0.2890625
2 0.2609375 0.3140625 0.109375 0.1609375
1 0.50234375 0.53359375 0.1171875 0.171875
1 0.40078125 0.378125 0.0984375 0.15
1 0.8578125 0.715625 0.1375 0.196875
1 0.8109375 0.94140625 0.175 0.1109375
1 0.74609375 0.6015625 0.1171875 0.153125
1 0.9546875 0.896875 0.0875 0.2
1 0.89921875 0.26796875 0.0890625 0.13046875
1 0.69296875 0.5 0.1078125 0.1390625
1 0.36015625 0.28359375 0.0671875 0.09453125
1 0.375 0.91953125 0.06875 0.15546875
1 0.74140625 0.25390625 0.0765625 0.103125
1 0.82421875 0.24453125 0.0796875 0.13359375
1 0.60625 0.6625 0.13125 0.1140625
1 0.9625 0.24140625 0.05625 0.1109375
1 0.984375 0.259375 0.028125 0.1140625
1 0.9890625 0.3359375 0.01875 0.128125
1 0.68203125 0.25546875 0.0515625 0.05