3 0.17578125 0.25 0.1296875 0.31640625
2 0.6234375 0.784375 0.146875 0.2359375
8 0.5375 0.575 0.171875 0.321875
1 0.5109375 0.30859375 0.0875 0.1390625
1 0.9328125 0.825 0.13125 0.2
1 0.38359375 0.35546875 0.0890625 0.13359375
1 0.79375 0.64140625 0.121875 0.20546875
1 0.92734375 0.28359375 0.1015625 0.1390625
1 0.70546875 0.5765625 0.0984375 0.146875
1 0.703125 0.5 0.109375 0.15546875
1 0.46328125 0.296875 0.0421875 0.10546875
1 0.34375 0.309375 0.078125 0.13046875
1 0.8703125 0.25859375 0.078125 0.14453125
1 0.771875 0.27109375 0.059375 0.09140625
1 0.42734375 0.284375 0.0546875 0.096875
1 0.303125 0.29453125 0.04375 0.10546875
1 0.81640625 0.26796875 0.0453125 0.096875
1 0.703125 0.2515625 0.0625 0.06953125
1 0.41015625 0.259375 0.0546875 0.06953125
1 0.7390625 0.265625 0.028125 0.0640625
1 0.9921875 0.27109375 0.0125 0.103125