5 0.41796875 0.35546875 0.1015625 0.15546875
5 0.15859375 0.33203125 0.0984375 0.153125
2 0.25546875 0.409375 0.1046875 0.16953125
1 0.43671875 0.890625 0.1484375 0.2140625
1 0.8125 0.7015625 0.13125 0.196875
1 0.728125 0.5765625 0.11875 0.18046875
1 0.6140625 0.40859375 0.103125 0.1390625
1 0.70859375 0.9140625 0.1546875 0.16640625
1 0.53671875 0.32890625 0.0890625 0.1359375
1 0.6671875 0.8390625 0.1375 0.18359375
1 0.3015625 0.2890625 0.071875 0.10546875
1 0.9625 0.903125 0.071875 0.1890625
1 0.8328125 0.259375 0.06875 0.1140625
1 0.47890625 0.290625 0.0609375 0.096875
1 0.81484375 0.9625 0.1453125 0.06953125
1 0.23828125 0.29453125 0.0609375 0.078125
1 0.39140625 0.2859375 0.0640625 0.09453125
1 0.9515625 0.2765625 0.08125 0.175
1 0.453125 0.253125 0.059375 0.06640625
1 0.7890625 0.25859375 0.05 0.10546875
1 0.90234375 0.278125 0.0546875 0.128125
1 0.7578125 0.2515625 0.04375 0.09140625
1 0.98671875 0.3140625 0.0234375 0.16640625
1 0.70390625 0.2625 0.0484375 0.046875
1 0.87890625 0.26953125 0.0390625 0.1109375
1 0.73515625 0.246875 0.0265625 0.08359375