2 0.39375 0.32890625 0.10625 0.19140625
5 0.26796875 0.28359375 0.0765625 0.10546875
2 0.35625 0.84453125 0.15625 0.25
1 0.659375 0.79609375 0.134375 0.19140625
1 0.5796875 0.67109375 0.128125 0.196875
1 0.85390625 0.746875 0.1328125 0.20546875
1 0.946875 0.85 0.103125 0.26640625
1 0.62890625 0.43359375 0.0984375 0.1390625
1 0.44765625 0.43046875 0.1078125 0.1609375
1 0.76875 0.6390625 0.115625 0.15546875
1 0.22734375 0.4234375 0.0953125 0.13046875
1 0.72578125 0.53046875 0.1203125 0.178125
1 0.45390625 0.93046875 0.1578125 0.13359375
1 0.34140625 0.66953125 0.1328125 0.1609375
1 0.52265625 0.59296875 0.1234375 0.175
1 0.89765625 0.2734375 0.0765625 0.125
1 0.57734375 0.36640625 0.0890625 0.11640625
1 0.503125 0.29140625 0.090625 0.128125
1 0.9640625 0.3015625 0.06875 0.14140625
1 0.45234375 0.753125 0.1171875 0.16640625
1 0.8421875 0.2734375 0.053125 0.103125
1 0.8078125 0.2609375 0.0625 0.10546875
1 0.10078125 0.30703125 0.0640625 0.06953125
1 0.753125 0.25546875 0.0625 0.09453125
1 0.21640625 0.296875 0.0359375 0.06640625
1 0.9453125 0.221875 0.05 0.0609375
1 0.421875 0.26796875 0.075 0.1140625