3 0.36640625 0.22890625 0.1390625 0.3359375
1 0.353125 0.75546875 0.140625 0.2109375
1 0.93515625 0.81953125 0.1265625 0.2109375
1 0.80546875 0.6609375 0.1265625 0.2109375
1 0.653125 0.81953125 0.13125 0.18359375
1 0.78828125 0.946875 0.1671875 0.1
1 0.7046875 0.5875 0.109375 0.146875
1 0.25859375 0.484375 0.1078125 0.16953125
1 0.5625 0.65 0.121875 0.18359375
1 0.515625 0.58046875 0.1125 0.178125
1 0.6453125 0.490625 0.109375 0.13046875
1 0.6203125 0.73046875 0.125 0.16640625
1 0.46640625 0.5234375 0.1015625 0.146875
1 0.62578125 0.4125 0.0984375 0.13046875
1 0.5359375 0.33203125 0.078125 0.1140625
1 0.940625 0.284375 0.078125 0.146875
1 0.46640625 0.278125 0.0734375 0.121875
1 0.596875 0.3765625 0.0875 0.14140625
1 0.27421875 0.27890625 0.0609375 0.10859375
1 0.815625 0.259375 0.090625 0.11953125
1 0.98046875 0.3 0.0359375 0.15
1 0.2421875 0.425 0.096875 0.15
1 0.89296875 0.27109375 0.0703125 0.13046875
1 0.51875 0.3140625 0.06875 0.1109375
1 0.97890625 0.2125 0.0390625 0.053125
1 0.753125 0.2515625 0.059375 0.096875
1 0.00703125 0.796875 0.0140625 0.25546875
1 0.1953125 0.3265625 0.0875 0.14140625