3 0.25859375 0.409375 0.1796875 0.446875
1 0.628125 0.70859375 0.125 0.19453125
1 0.5421875 0.625 0.1375 0.21640625
1 0.709375 0.5625 0.134375 0.203125
1 0.425 0.44609375 0.103125 0.14140625
1 0.9234375 0.8625 0.146875 0.19140625
1 0.5265625 0.3109375 0.096875 0.1390625
1 0.378125 0.33359375 0.084375 0.128125
1 0.64453125 0.4359375 0.1046875 0.15546875
1 0.11640625 0.2890625 0.0671875 0.1
1 0.9453125 0.28359375 0.0875 0.13359375
1 0.57890625 0.39140625 0.0796875 0.11640625
1 0.7890625 0.2625 0.071875 0.103125
1 0.1609375 0.3125 0.0375 0.13046875
1 0.46796875 0.2984375 0.0578125 0.10859375
1 0.86640625 0.25703125 0.0859375 0.1359375
1 0.72265625 0.26796875 0.0609375 0.0640625
1 0.43046875 0.27109375 0.0609375 0.103125
1 0.3421875 0.259375 0.04375 0.09140625
1 0.9859375 0.25 0.025 0.0890625
1 0.39609375 0.2875 0.0578125 0.075
1 0.6859375 0.24453125 0.046875 0.06640625
1 0.9921875 0.3375 0.0125 0.125