3 0.675 0.71640625 0.25 0.5609375
3 0.19453125 0.23359375 0.1265625 0.31640625
1 0.45078125 0.48046875 0.1078125 0.14453125
1 0.2828125 0.515625 0.11875 0.175
1 0.4046875 0.3515625 0.09375 0.146875
1 0.83046875 0.715625 0.1140625 0.21953125
1 0.2984375 0.2765625 0.06875 0.1140625
1 0.63046875 0.38359375 0.1046875 0.11640625
1 0.8375 0.25390625 0.08125 0.125
1 0.47890625 0.9734375 0.1234375 0.046875
1 0.97265625 0.3125 0.0515625 0.11953125
1 0.9546875 0.85390625 0.0875 0.225
1 0.50625 0.340625 0.075 0.11953125
1 0.35546875 0.309375 0.0671875 0.1140625
1 0.9765625 0.9375 0.04375 0.11953125
1 0.484375 0.28203125 0.071875 0.10859375
1 0.703125 0.265625 0.05625 0.046875
1 0.75859375 0.2640625 0.0515625 0.08359375
1 0.5765625 0.359375 0.090625 0.15859375
1 0.96015625 0.2875 0.0765625 0.125
1 0.1234375 0.2875 0.04375 0.0859375
1 0.2609375 0.2734375 0.03125 0.0859375
1 0.79296875 0.25546875 0.0359375 0.1109375
1 0.9234375 0.26796875 0.06875 0.125
1 0.09140625 0.290625 0.0484375 0.096875
1 0.978125 0.221875 0.040625 0.08359375
1 0.81328125 0.578125 0.0796875 0.09453125