0 0.521875 0.65546875 0.26875 0.29453125
1 0.84375 0.734375 0.134375 0.196875
1 0.91796875 0.89453125 0.1453125 0.1890625
1 0.31171875 0.64296875 0.1203125 0.15859375
1 0.76328125 0.6234375 0.1234375 0.18046875
1 0.24765625 0.509375 0.1140625 0.18046875
1 0.2453125 0.390625 0.109375 0.1640625
0 0.52890625 0.8609375 0.3203125 0.271875
1 0.95 0.2765625 0.096875 0.1640625
1 0.4421875 0.4140625 0.103125 0.16640625
1 0.35859375 0.8 0.0890625 0.178125
1 0.61171875 0.4109375 0.0828125 0.13359375
1 0.175 0.34453125 0.075 0.121875
1 0.69453125 0.5390625 0.1109375 0.171875
1 0.57578125 0.35390625 0.0921875 0.146875
2 0.50078125 0.271875 0.0890625 0.13359375
1 0.29765625 0.26796875 0.0734375 0.1140625
1 0.68671875 0.4609375 0.1109375 0.15546875
1 0.3765625 0.3734375 0.065625 0.125
1 0.83515625 0.2609375 0.0734375 0.10546875
1 0.4953125 0.48046875 0.096875 0.09453125
1 0.25546875 0.15 0.0765625 0.13359375
1 0.4359375 0.275 0.053125 0.1
1 0.159375 0.29140625 0.096875 0.1390625
1 0.77890625 0.26796875 0.0546875 0.09140625
1 0.89296875 0.27109375 0.0453125 0.11953125
1 0.36015625 0.321875 0.0734375 0.121875
1 0.1015625 0.2859375 0.0375 0.1
1 0.75625 0.2515625 0.0625 0.0859375
1 0.98515625 0.92109375 0.0265625 0.153125
1 0.3359375 0.3015625 0.065625 0.103125
1 0.3984375 0.26640625 0.05625 0.09453125
4 0.3984375 0.20703125 0.071875 0.096875
1 0.7046875 0.265625 0.046875 0.04140625
1 0.24140625 0.26953125 0.0546875 0.08359375