2 0.21640625 0.35546875 0.0984375 0.18359375
3 0.39765625 0.26640625 0.1453125 0.36640625
3 0.08828125 0.24609375 0.0984375 0.2140625
1 0.41484375 0.8765625 0.1546875 0.23046875
1 0.9015625 0.77890625 0.140625 0.23046875
1 0.28359375 0.58359375 0.1171875 0.178125
1 0.74765625 0.91953125 0.1453125 0.15546875
1 0.78671875 0.696875 0.1265625 0.1609375
1 0.56875 0.68359375 0.121875 0.19453125
1 0.62890625 0.7640625 0.1359375 0.2
1 0.58515625 0.3765625 0.0859375 0.125
1 0.703125 0.596875 0.115625 0.128125
1 0.69296875 0.85546875 0.1390625 0.18359375
1 0.68359375 0.490625 0.1046875 0.14140625
1 0.5140625 0.625 0.109375 0.15546875
1 0.27734375 0.49296875 0.1078125 0.13046875
1 0.2984375 0.27890625 0.071875 0.11953125
1 0.79921875 0.25859375 0.0890625 0.11640625
1 0.5046875 0.303125 0.08125 0.13359375
1 0.65390625 0.44609375 0.1015625 0.153125
1 0.92421875 0.27890625 0.0765625 0.14140625
1 0.9734375 0.290625 0.05 0.146875
1 0.8765625 0.26796875 0.06875 0.13046875
1 0.734375 0.2515625 0.0625 0.0859375
1 0.559375 0.3515625 0.075 0.125