3 0.221875 0.25859375 0.14375 0.3390625
3 0.359375 0.2234375 0.140625 0.325
3 0.29296875 0.48359375 0.1671875 0.4109375
1 0.58671875 0.64609375 0.1265625 0.19140625
1 0.7265625 0.603125 0.121875 0.1890625
1 0.4421875 0.70390625 0.128125 0.1640625
1 0.4765625 0.49140625 0.103125 0.15
1 0.58359375 0.365625 0.0921875 0.14140625
1 0.915625 0.28359375 0.0875 0.1390625
1 0.52421875 0.4359375 0.0921875 0.13359375
1 0.675 0.484375 0.10625 0.1359375
1 0.97421875 0.3 0.0484375 0.128125
1 0.834375 0.25546875 0.08125 0.121875
1 0.5015625 0.29453125 0.090625 0.13359375
1 0.78515625 0.2484375 0.0640625 0.11953125
1 0.4421875 0.284375 0.053125 0.096875
1 0.14921875 0.321875 0.0265625 0.1109375
1 0.1078125 0.2890625 0.04375 0.1
1 0.1390625 0.28203125 0.034375 0.11953125
1 0.19609375 0.453125 0.0484375 0.15546875
1 0.7234375 0.25703125 0.040625 0.0640625