2 0.6796875 0.85546875 0.175 0.25
3 0.24296875 0.3359375 0.1640625 0.4109375
1 0.53984375 0.6375 0.1296875 0.19140625
1 0.75859375 0.63046875 0.1453125 0.21640625
1 0.4078125 0.3890625 0.09375 0.14453125
1 0.66875 0.5015625 0.109375 0.146875
1 0.88203125 0.7765625 0.1296875 0.175
1 0.94609375 0.89296875 0.1046875 0.196875
1 0.96328125 0.2984375 0.0703125 0.14140625
1 0.6234375 0.40859375 0.125 0.171875
1 0.56015625 0.3515625 0.0859375 0.153125
1 0.1375 0.2875 0.065625 0.13046875
1 0.82578125 0.9734375 0.1359375 0.046875
1 0.8984375 0.271875 0.078125 0.128125
1 0.5125 0.325 0.06875 0.121875
1 0.75703125 0.26796875 0.0609375 0.0859375
1 0.48125 0.28203125 0.078125 0.11953125
1 0.85625 0.2609375 0.06875 0.128125
1 0.80546875 0.26640625 0.0578125 0.09453125
1 0.3359375 0.27890625 0.053125 0.09140625
1 0.41640625 0.26640625 0.0578125 0.0890625
1 0.95234375 0.22109375 0.0609375 0.05859375
1 0.35859375 0.325 0.0734375 0.1109375