0 0.1125 0.2234375 0.103125 0.2359375
8 0.22890625 0.234375 0.0984375 0.19140625
1 0.3890625 0.88046875 0.14375 0.18359375
1 0.2671875 0.496875 0.121875 0.20546875
1 0.925 0.7890625 0.134375 0.19453125
1 0.8140625 0.6609375 0.125 0.16640625
1 0.32578125 0.70546875 0.1265625 0.16640625
1 0.32265625 0.29609375 0.0828125 0.13046875
1 0.759375 0.93203125 0.1625 0.13046875
1 0.646875 0.45859375 0.103125 0.13359375
1 0.7171875 0.5359375 0.115625 0.171875
1 0.20703125 0.40390625 0.0953125 0.153125
1 0.51484375 0.31640625 0.0859375 0.1109375
1 0.83984375 0.26640625 0.0640625 0.10546875
1 0.47578125 0.2890625 0.0765625 0.121875
1 0.97578125 0.9109375 0.0453125 0.171875
1 0.1859375 0.321875 0.0875 0.1390625
1 0.92421875 0.27109375 0.0828125 0.146875
1 0.8046875 0.259375 0.0625 0.1140625
1 0.9765625 0.2984375 0.04375 0.1359375
8 0.52265625 0.53203125 0.1515625 0.225
1 0.45390625 0.44296875 0.1015625 0.18046875
1 0.88046875 0.26640625 0.0359375 0.121875
1 0.74765625 0.24296875 0.0734375 0.1140625
1 0.409375 0.2859375 0.071875 0.0890625
8 0.6296875 0.715625 0.178125 0.325
1 0.6859375 0.24453125 0.0625 0.071875