3 0.11171875 0.221875 0.1140625 0.24453125
1 0.5015625 0.54296875 0.115625 0.16953125
1 0.43515625 0.89140625 0.1515625 0.2109375
1 0.5796875 0.34609375 0.109375 0.1640625
1 0.86875 0.80390625 0.128125 0.175
1 0.67734375 0.82109375 0.1578125 0.225
1 0.3109375 0.690625 0.128125 0.196875
1 0.3796875 0.3625 0.09375 0.146875
1 0.75078125 0.9359375 0.1578125 0.121875
1 0.234375 0.34296875 0.084375 0.11953125
1 0.578125 0.7125 0.128125 0.1640625
1 0.93515625 0.2875 0.0859375 0.13046875
1 0.43359375 0.2734375 0.0765625 0.11953125
1 0.85859375 0.2640625 0.0765625 0.11640625
1 0.79609375 0.259375 0.0640625 0.10859375
1 0.9703125 0.91953125 0.05625 0.15546875
1 0.25546875 0.26640625 0.0765625 0.121875
1 0.70859375 0.2609375 0.0515625 0.05546875
1 0.75234375 0.2625 0.0421875 0.08046875
1 0.97578125 0.2375 0.0453125 0.103125
1 0.3421875 0.28046875 0.040625 0.0890625
1 0.37578125 0.26953125 0.0546875 0.0609375