3 0.2671875 0.45546875 0.196875 0.45
1 0.9265625 0.8265625 0.14375 0.23046875
1 0.5984375 0.7390625 0.15 0.21640625
1 0.78671875 0.61796875 0.1421875 0.21953125
1 0.49765625 0.55703125 0.1171875 0.16953125
1 0.5484375 0.3234375 0.09375 0.14140625
1 0.67890625 0.5 0.1078125 0.1609375
1 0.51640625 0.95703125 0.1734375 0.08046875
1 0.4421875 0.459375 0.103125 0.14140625
1 0.9671875 0.30546875 0.0625 0.1390625
1 0.79375 0.27109375 0.071875 0.096875
1 0.0984375 0.296875 0.071875 0.09453125
1 0.3921875 0.3515625 0.0875 0.13046875
1 0.46484375 0.26953125 0.0765625 0.15
1 0.65 0.44140625 0.0875 0.13359375
1 0.89765625 0.265625 0.0515625 0.09140625
1 0.9484375 0.25390625 0.071875 0.10859375
1 0.86171875 0.26796875 0.0421875 0.0859375
1 0.1546875 0.290625 0.046875 0.096875
1 0.740625 0.24453125 0.059375 0.1109375
1 0.3671875 0.3015625 0.05625 0.09140625
1 0.76953125 0.9625 0.2921875 0.06953125
1 0.41640625 0.2640625 0.0390625 0.06640625
1 0.67734375 0.27109375 0.0359375 0.03046875
1 0.41796875 0.30546875 0.0515625 0.08359375
1 0.375 0.25 0.05 0.0390625