2 0.63515625 0.428125 0.1140625 0.18359375
3 0.2421875 0.21953125 0.103125 0.228125
1 0.60234375 0.7984375 0.1390625 0.2140625
1 0.33515625 0.7125 0.1234375 0.16953125
1 0.9203125 0.8265625 0.153125 0.2359375
1 0.83203125 0.72109375 0.1390625 0.225
1 0.5546875 0.66640625 0.121875 0.15
1 0.3203125 0.303125 0.08125 0.1109375
1 0.9546875 0.29296875 0.084375 0.11953125
1 0.43203125 0.271875 0.0734375 0.121875
1 0.82265625 0.953125 0.1484375 0.0890625
1 0.51171875 0.30703125 0.0921875 0.14140625
1 0.77109375 0.62890625 0.1203125 0.175
1 0.8875 0.259375 0.078125 0.1359375
1 0.8328125 0.2515625 0.065625 0.11953125
1 0.8046875 0.246875 0.065625 0.128125
1 0.7546875 0.25859375 0.05 0.0890625
1 0.3390625 0.28203125 0.059375 0.0859375
1 0.696875 0.25390625 0.059375 0.046875
1 0.9671875 0.24296875 0.0625 0.1140625
1 0.990625 0.35390625 0.015625 0.1359375
1 0.11640625 0.31796875 0.0671875 0.046875