2 0.15703125 0.27890625 0.0765625 0.1140625
5 0.34296875 0.303125 0.0890625 0.1390625
1 0.43984375 0.428125 0.1015625 0.15546875
1 0.22578125 0.409375 0.1015625 0.14140625
1 0.61875 0.40859375 0.103125 0.1609375
1 0.8125 0.921875 0.175 0.15
1 0.65859375 0.89140625 0.1578125 0.2109375
1 0.56328125 0.7125 0.1234375 0.1640625
1 0.65234375 0.7765625 0.1421875 0.19140625
1 0.96328125 0.9109375 0.0703125 0.171875
1 0.94765625 0.29296875 0.0828125 0.11953125
1 0.55703125 0.3375 0.1046875 0.16953125
1 0.86953125 0.2640625 0.0796875 0.13359375
1 0.22890625 0.29453125 0.0671875 0.078125
1 0.4203125 0.2765625 0.078125 0.1140625
1 0.08828125 0.315625 0.0609375 0.06953125
1 0.51484375 0.29609375 0.0921875 0.15859375
1 0.7234375 0.25 0.05625 0.071875
1 0.7484375 0.259375 0.053125 0.075
1 0.97265625 0.2375 0.0515625 0.096875
1 0.99296875 0.3375 0.0109375 0.11953125
1 0.80703125 0.2625 0.0640625 0.09140625
1 0.3140625 0.28203125 0.065625 0.125
1 0.92578125 0.21796875 0.0671875 0.08046875