3 0.08984375 0.24140625 0.0953125 0.20546875
2 0.51171875 0.546875 0.1203125 0.18359375
1 0.3484375 0.3 0.0875 0.13359375
1 0.2515625 0.459375 0.109375 0.1640625
1 0.1546875 0.28203125 0.078125 0.13046875
1 0.415625 0.2765625 0.071875 0.11953125
1 0.971875 0.2875 0.053125 0.15859375
1 0.9078125 0.28203125 0.08125 0.1140625
1 0.86328125 0.25546875 0.0828125 0.1390625
1 0.93984375 0.21640625 0.0671875 0.0890625
1 0.7984375 0.26953125 0.059375 0.09453125
1 0.7375 0.25703125 0.046875 0.075
1 0.7046875 0.26640625 0.0375 0.04453125
1 0.7625 0.265625 0.04375 0.0859375