2 0.76796875 0.60390625 0.1234375 0.20859375
3 0.35234375 0.21640625 0.1359375 0.321875
1 0.3296875 0.696875 0.134375 0.20546875
1 0.72890625 0.9015625 0.1546875 0.19140625
1 0.615625 0.759375 0.125 0.175
1 0.6734375 0.5359375 0.103125 0.14453125
1 0.8796875 0.753125 0.11875 0.2
1 0.24140625 0.44453125 0.1046875 0.15546875
1 0.5359375 0.596875 0.115625 0.178125
1 0.440625 0.478125 0.09375 0.1390625
1 0.49375 0.528125 0.109375 0.171875
1 0.5078125 0.309375 0.08125 0.11953125
1 0.5890625 0.6734375 0.11875 0.15859375
1 0.61796875 0.4484375 0.1046875 0.11953125
1 0.4453125 0.275 0.071875 0.121875
1 0.60078125 0.38203125 0.0953125 0.125
1 0.5734375 0.35 0.084375 0.1390625
1 0.26484375 0.27109375 0.0578125 0.096875
1 0.98515625 0.30703125 0.0265625 0.153125
1 0.95 0.2890625 0.084375 0.14453125
1 0.2328125 0.3625 0.09375 0.09140625
1 0.9 0.271875 0.071875 0.13359375
1 0.759375 0.2484375 0.0625 0.103125
1 0.7921875 0.25859375 0.034375 0.1109375
1 0.18671875 0.3140625 0.0796875 0.13359375
1 0.83125 0.259375 0.075 0.11953125