3 0.65703125 0.653125 0.2234375 0.50546875
3 0.2328125 0.35859375 0.165625 0.421875
3 0.34765625 0.66953125 0.2234375 0.5390625
1 0.51796875 0.6109375 0.1015625 0.16640625
1 0.87109375 0.26796875 0.0796875 0.125
1 0.50703125 0.52109375 0.1109375 0.175
1 0.34375 0.29609375 0.08125 0.13046875
1 0.971875 0.3125 0.053125 0.125
1 0.9484375 0.27890625 0.078125 0.13046875
1 0.634375 0.38359375 0.109375 0.1
1 0.36640625 0.271875 0.0640625 0.10546875
1 0.803125 0.253125 0.065625 0.11640625
1 0.76171875 0.25859375 0.0390625 0.0890625
1 0.41953125 0.3765625 0.0734375 0.05859375
1 0.8203125 0.2609375 0.05 0.09453125
1 0.9328125 0.215625 0.065625 0.075
1 0.9796875 0.225 0.0375 0.06640625
1 0.740625 0.253125 0.03125 0.071875
1 0.7265625 0.24453125 0.065625 0.08359375
1 0.71015625 0.2484375 0.0359375 0.0640625
1 0.453125 0.4390625 0.090625 0.15