3 0.971875 0.3 0.053125 0.171875
5 0.14296875 0.2984375 0.0953125 0.1359375
2 0.67109375 0.8625 0.1609375 0.246875
1 0.853125 0.75703125 0.15 0.2140625
1 0.36171875 0.721875 0.1296875 0.2
1 0.22890625 0.3515625 0.0921875 0.146875
1 0.7046875 0.55390625 0.115625 0.175
5 0.365625 0.30546875 0.090625 0.1390625
1 0.6390625 0.44453125 0.10625 0.16640625
1 0.53515625 0.33359375 0.0921875 0.128125
1 0.59375 0.7609375 0.134375 0.19453125
1 0.4671875 0.29140625 0.078125 0.121875
1 0.2765625 0.28359375 0.06875 0.09453125
1 0.5609375 0.66796875 0.115625 0.1640625
1 0.85390625 0.265625 0.0734375 0.11953125
1 0.96015625 0.87890625 0.0765625 0.2359375
1 0.809375 0.25546875 0.05625 0.1109375
1 0.9375 0.296875 0.065625 0.1109375
1 0.71953125 0.259375 0.0546875 0.0640625
1 0.771875 0.2515625 0.046875 0.103125
1 0.91953125 0.275 0.0703125 0.121875
1 0.96953125 0.2140625 0.0578125 0.05546875
1 0.42265625 0.28359375 0.0359375 0.0890625