3 0.1671875 0.215625 0.134375 0.3140625
1 0.73203125 0.58359375 0.1171875 0.15546875
1 0.2953125 0.6 0.1125 0.15
1 0.628125 0.778125 0.134375 0.178125
1 0.8765625 0.753125 0.159375 0.228125
1 0.66796875 0.45546875 0.1046875 0.15
1 0.48359375 0.52109375 0.1140625 0.146875
1 0.56328125 0.346875 0.0953125 0.14453125
1 0.44921875 0.94140625 0.1578125 0.1109375
1 0.4078125 0.35859375 0.090625 0.13359375
1 0.58125 0.68203125 0.121875 0.15859375
1 0.93359375 0.28359375 0.0859375 0.128125
1 0.3515625 0.30546875 0.078125 0.128125
1 0.9546875 0.89140625 0.0875 0.16640625
1 0.721875 0.946875 0.146875 0.1
1 0.43828125 0.275 0.0703125 0.1109375
1 0.78671875 0.253125 0.0609375 0.1
1 0.2765625 0.271875 0.0625 0.11640625
1 0.7234375 0.259375 0.065625 0.075
1 0.8578125 0.278125 0.075 0.10546875
1 0.23828125 0.27890625 0.0296875 0.096875
1 0.98515625 0.309375 0.0265625 0.146875
1 0.84140625 0.259375 0.0640625 0.10859375
1 0.321875 0.284375 0.0625 0.10859375
1 0.94609375 0.21953125 0.0546875 0.04453125
1 0.90234375 0.23359375 0.0421875 0.0609375
1 0.3875 0.2609375 0.040625 0.0609375
1 0.98203125 0.24453125 0.0328125 0.08359375