3 0.26640625 0.415625 0.1609375 0.39140625
1 0.43203125 0.6125 0.1140625 0.153125
1 0.66953125 0.5140625 0.1140625 0.178125
1 0.521875 0.540625 0.115625 0.175
1 0.4375 0.41796875 0.096875 0.1359375
1 0.85078125 0.2625 0.0890625 0.13046875
1 0.81328125 0.9390625 0.1953125 0.11640625
1 0.51328125 0.3765625 0.0859375 0.13046875
1 0.965625 0.91953125 0.065625 0.15546875
1 0.6234375 0.41796875 0.096875 0.13046875
1 0.94375 0.29609375 0.090625 0.1359375
1 0.46484375 0.28046875 0.0859375 0.121875
1 0.94609375 0.8515625 0.1046875 0.203125
1 0.54453125 0.3234375 0.0828125 0.13046875
1 0.41171875 0.2765625 0.0453125 0.103125
1 0.10390625 0.29453125 0.0453125 0.09453125
1 0.17734375 0.40546875 0.0421875 0.1390625
1 0.75390625 0.2625 0.0359375 0.075
1 0.8 0.24609375 0.06875 0.11953125
1 0.98984375 0.30859375 0.0171875 0.15
1 0.66875 0.2640625 0.053125 0.03359375
1 0.7390625 0.2515625 0.05 0.075