0 0.56328125 0.259375 0.1484375 0.3359375
8 0.4921875 0.63359375 0.225 0.4109375
1 0.41953125 0.9109375 0.1484375 0.171875
1 0.21796875 0.42890625 0.0984375 0.13046875
1 0.33828125 0.3015625 0.0765625 0.1140625
1 0.15703125 0.29140625 0.0796875 0.121875
1 0.96171875 0.29453125 0.0734375 0.15
1 0.8890625 0.27109375 0.0875 0.1359375
1 0.396875 0.284375 0.046875 0.09140625
1 0.76875 0.25703125 0.0625 0.103125
1 0.1125 0.284375 0.04375 0.103125
1 0.28046875 0.2765625 0.0640625 0.10859375
1 0.29765625 0.29296875 0.0359375 0.096875
1 0.8078125 0.26640625 0.046875 0.1
1 0.44453125 0.26640625 0.0640625 0.11640625
1 0.24140625 0.2875 0.0296875 0.09140625
1 0.478125 0.3015625 0.040625 0.1359375
1 0.73359375 0.25859375 0.0296875 0.06640625
1 0.08671875 0.2984375 0.0265625 0.08046875
1 0.8546875 0.25859375 0.071875 0.128125