3 0.57109375 0.821875 0.2953125 0.35
4 0.296875 0.4984375 0.13125 0.275
1 0.59453125 0.390625 0.0984375 0.153125
1 0.4203125 0.41640625 0.1 0.15
1 0.7890625 0.68203125 0.115625 0.1640625
1 0.74140625 0.58203125 0.1296875 0.1859375
1 0.9078125 0.821875 0.14375 0.2109375
1 0.77421875 0.9140625 0.1390625 0.16640625
1 0.1984375 0.3484375 0.084375 0.125
1 0.3921875 0.921875 0.09375 0.15
1 0.95 0.296875 0.090625 0.128125
1 0.33515625 0.30703125 0.0734375 0.10859375
1 0.86015625 0.265625 0.0859375 0.13046875
1 0.4984375 0.29609375 0.078125 0.13046875
1 0.4421875 0.2890625 0.059375 0.09453125
1 0.11953125 0.3 0.0546875 0.08359375
1 0.2875 0.2859375 0.0625 0.09453125
1 0.1765625 0.3015625 0.071875 0.10859375
1 0.54921875 0.35 0.0734375 0.121875
1 0.3796875 0.35703125 0.078125 0.125
1 0.27421875 0.265625 0.0734375 0.125
1 0.8078125 0.24296875 0.075 0.1359375
1 0.38515625 0.2765625 0.0546875 0.06953125
1 0.93984375 0.240625 0.0734375 0.09140625
1 0.7375 0.26640625 0.034375 0.06640625
1 0.69140625 0.2734375 0.0515625 0.0359375
1 0.7625 0.26796875 0.03125 0.08046875
1 0.23046875 0.296875 0.0296875 0.0609375