3 0.9578125 0.14296875 0.08125 0.16953125
3 0.0671875 0.2890625 0.090625 0.1109375
5 0.696875 0.878125 0.1625 0.2390625
1 0.2484375 0.49296875 0.1125 0.1640625
1 0.8015625 0.709375 0.134375 0.196875
1 0.45859375 0.45703125 0.1015625 0.14140625
1 0.56953125 0.3765625 0.0890625 0.125
1 0.7015625 0.521875 0.1125 0.1390625
1 0.19375 0.34609375 0.090625 0.14140625
1 0.62421875 0.76640625 0.1328125 0.20546875
1 0.4078125 0.38359375 0.10625 0.15
1 0.94140625 0.8734375 0.1140625 0.246875
1 0.94140625 0.2859375 0.0859375 0.13359375
1 0.65078125 0.45546875 0.1015625 0.13359375
1 0.31328125 0.290625 0.0765625 0.125
1 0.88203125 0.278125 0.0671875 0.1109375
1 0.40859375 0.25859375 0.0765625 0.10546875
1 0.7953125 0.25703125 0.06875 0.103125
1 0.259375 0.2734375 0.059375 0.103125
1 0.734375 0.2625 0.05625 0.075
1 0.371875 0.33359375 0.078125 0.11640625
1 0.85390625 0.2625 0.0515625 0.09140625
1 0.98203125 0.234375 0.0328125 0.103125
1 0.21953125 0.2859375 0.0328125 0.0609375
1 0.9921875 0.3265625 0.0125 0.14140625
1 0.92421875 0.21953125 0.0484375 0.028125