3 0.51953125 0.809375 0.3328125 0.375
3 0.70703125 0.74609375 0.2453125 0.49140625
1 0.2 0.34296875 0.096875 0.146875
1 0.94296875 0.86953125 0.1109375 0.20546875
1 0.46640625 0.4859375 0.1203125 0.171875
1 0.54296875 0.31796875 0.0890625 0.1359375
1 0.3984375 0.37890625 0.090625 0.146875
1 0.8234375 0.2625 0.06875 0.096875
1 0.93125 0.27890625 0.08125 0.13046875
1 0.7046875 0.471875 0.121875 0.1109375
1 0.334375 0.29609375 0.078125 0.11953125
1 0.6375 0.43203125 0.096875 0.15859375
1 0.37421875 0.3265625 0.0828125 0.1359375
1 0.60625 0.378125 0.0875 0.15
1 0.2859375 0.271875 0.0625 0.1109375
1 0.16953125 0.2875 0.0734375 0.146875
1 0.50703125 0.3015625 0.0734375 0.125
1 0.76640625 0.246875 0.0671875 0.10546875
1 0.2421875 0.2765625 0.046875 0.09140625
1 0.98046875 0.321875 0.0359375 0.11640625
1 0.72578125 0.25390625 0.0265625 0.06953125
1 0.13046875 0.27890625 0.0390625 0.1140625
1 0.69765625 0.259375 0.0421875 0.046875
1 0.4015625 0.234375 0.0625 0.0640625
1 0.09140625 0.30859375 0.0515625 0.071875
1 0.884375 0.271875 0.05625 0.11640625
1 0.46796875 0.278125 0.0609375 0.1
1 0.42890625 0.29296875 0.0421875 0.09140625
1 0.98671875 0.2390625 0.0234375 0.05546875
1 0.446875 0.240625 0.059375 0.053125