3 0.209375 0.29296875 0.15 0.38046875
1 0.45703125 0.44453125 0.1203125 0.1890625
1 0.56953125 0.4984375 0.1046875 0.16953125
1 0.7671875 0.65546875 0.125 0.16640625
1 0.37890625 0.34453125 0.0828125 0.121875
1 0.83828125 0.2640625 0.0734375 0.11640625
1 0.59765625 0.39296875 0.1046875 0.175
1 0.31484375 0.2875 0.0703125 0.11953125
1 0.92109375 0.26953125 0.0953125 0.15
1 0.490625 0.3109375 0.06875 0.0890625
1 0.98046875 0.3125 0.0359375 0.1359375
1 0.55 0.33046875 0.078125 0.13359375
1 0.77734375 0.26640625 0.0609375 0.0890625
1 0.72578125 0.25390625 0.0546875 0.06953125
1 0.0921875 0.315625 0.059375 0.05859375
1 0.2859375 0.24609375 0.03125 0.075
1 0.45703125 0.25546875 0.0703125 0.08359375
1 0.13046875 0.28046875 0.0328125 0.121875
1 0.3796875 0.24296875 0.053125 0.0359375
1 0.3890625 0.28046875 0.071875 0.0890625