3 0.09921875 0.2390625 0.1046875 0.2109375
1 0.6296875 0.79609375 0.134375 0.196875
1 0.7703125 0.65 0.128125 0.1890625
1 0.52421875 0.61640625 0.1203125 0.18359375
1 0.46484375 0.465625 0.1046875 0.175
1 0.25625 0.434375 0.103125 0.14140625
1 0.70703125 0.51796875 0.1015625 0.14140625
1 0.53046875 0.971875 0.1421875 0.05
1 0.58125 0.3734375 0.096875 0.13046875
1 0.80859375 0.9640625 0.1578125 0.06640625
1 0.653125 0.44609375 0.103125 0.1359375
1 0.5234375 0.30390625 0.084375 0.125
1 0.28671875 0.2859375 0.0734375 0.09453125
1 0.38984375 0.27890625 0.0671875 0.096875
1 0.9390625 0.296875 0.071875 0.128125
1 0.425 0.40546875 0.084375 0.13359375
1 0.46015625 0.26953125 0.0796875 0.13359375
1 0.23828125 0.28046875 0.0515625 0.09453125
1 0.95546875 0.8875 0.0859375 0.21953125
1 0.8828125 0.278125 0.065625 0.10546875
1 0.746875 0.271875 0.065625 0.078125
1 0.2078125 0.2890625 0.028125 0.078125
1 0.9796875 0.303125 0.0375 0.1609375
1 0.34453125 0.296875 0.0359375 0.06640625
1 0.846875 0.2625 0.0625 0.096875
1 0.95859375 0.2140625 0.0484375 0.05546875