8 0.3203125 0.23046875 0.109375 0.23359375
8 0.7125 0.70390625 0.165625 0.25859375
1 0.52890625 0.6 0.1171875 0.1609375
1 0.58671875 0.36796875 0.0953125 0.125
1 0.2765625 0.45859375 0.109375 0.16640625
1 0.18671875 0.321875 0.0859375 0.11640625
1 0.70625 0.51796875 0.1125 0.14140625
1 0.48359375 0.490625 0.1234375 0.196875
1 0.9171875 0.27109375 0.084375 0.125
1 0.5234375 0.321875 0.075 0.11640625
1 0.425 0.390625 0.103125 0.15859375
1 0.7984375 0.25859375 0.075 0.10546875
1 0.36484375 0.33203125 0.0890625 0.1359375
1 0.97734375 0.33046875 0.0421875 0.121875
1 0.328125 0.2765625 0.084375 0.15859375
1 0.9734375 0.2515625 0.05 0.096875
1 0.88046875 0.253125 0.0796875 0.1390625
1 0.77109375 0.24296875 0.0703125 0.10859375
1 0.71875 0.246875 0.04375 0.05546875
1 0.1140625 0.28203125 0.028125 0.103125