2 0.48515625 0.5015625 0.1296875 0.19140625
8 0.8734375 0.14296875 0.128125 0.1640625
1 0.684375 0.84609375 0.14375 0.19140625
2 0.31953125 0.625 0.1203125 0.2
6 0.55546875 0.7015625 0.0640625 0.153125
1 0.60390625 0.39296875 0.1015625 0.146875
1 0.175 0.3265625 0.08125 0.1140625
1 0.409375 0.3875 0.09375 0.1359375
1 0.50390625 0.30390625 0.0796875 0.125
1 0.5640625 0.34140625 0.0875 0.15
1 0.75703125 0.2515625 0.0703125 0.10859375
1 0.3734375 0.334375 0.08125 0.14140625
1 0.8640625 0.25703125 0.071875 0.14140625
1 0.97109375 0.3015625 0.0546875 0.14140625
1 0.81171875 0.2625 0.0546875 0.096875
1 0.42890625 0.28359375 0.0421875 0.0890625
1 0.3359375 0.2859375 0.10625 0.14453125
1 0.0953125 0.290625 0.04375 0.09140625
1 0.47109375 0.278125 0.0671875 0.1109375
1 0.15703125 0.296875 0.0640625 0.10546875
1 0.9328125 0.26796875 0.090625 0.1640625
1 0.14375 0.26953125 0.06875 0.121875
1 0.715625 0.25390625 0.03125 0.0640625