8 0.1578125 0.2625 0.109375 0.225
2 0.63359375 0.7984375 0.1453125 0.21953125
1 0.55234375 0.64453125 0.1359375 0.221875
1 0.3609375 0.32109375 0.09375 0.14140625
1 0.81328125 0.67109375 0.1234375 0.1640625
1 0.496875 0.3125 0.08125 0.1140625
1 0.73828125 0.60859375 0.1140625 0.15546875
1 0.95625 0.8875 0.084375 0.21953125
1 0.68671875 0.5109375 0.1109375 0.171875
1 0.96328125 0.30390625 0.0703125 0.125
1 0.909375 0.79453125 0.128125 0.171875
1 0.46640625 0.4734375 0.1109375 0.175
1 0.809375 0.9484375 0.171875 0.096875
1 0.903125 0.2765625 0.08125 0.13046875
1 0.50546875 0.56640625 0.1046875 0.16640625
1 0.6546875 0.45546875 0.096875 0.16640625
1 0.275 0.2875 0.059375 0.096875
1 0.2453125 0.2765625 0.06875 0.1140625
1 0.83203125 0.28046875 0.0640625 0.078125
1 0.746875 0.26953125 0.065625 0.09453125
1 0.33359375 0.2890625 0.0765625 0.13359375
1 0.4625 0.29140625 0.071875 0.121875
1 0.0859375 0.30390625 0.053125 0.0859375
1 0.42265625 0.2875 0.0390625 0.096875
1 0.9640625 0.23046875 0.05 0.04453125
1 0.403125 0.24453125 0.065625 0.08359375
1 0.990625 0.23203125 0.015625 0.06953125