3 0.28515625 0.428125 0.1796875 0.45546875
0 0.784375 0.18359375 0.115625 0.2390625
1 0.553125 0.69296875 0.128125 0.19140625
1 0.7046875 0.87890625 0.15 0.20859375
1 0.81484375 0.72890625 0.1328125 0.203125
1 0.5671875 0.35859375 0.090625 0.121875
1 0.74296875 0.60546875 0.1140625 0.178125
1 0.9515625 0.85859375 0.09375 0.20546875
1 0.68828125 0.5265625 0.1046875 0.146875
1 0.51328125 0.31640625 0.0796875 0.11640625
1 0.971875 0.30703125 0.053125 0.125
1 0.4671875 0.284375 0.071875 0.125
1 0.140625 0.284375 0.071875 0.10859375
1 0.934375 0.29140625 0.071875 0.128125
1 0.08828125 0.30703125 0.0484375 0.075
1 0.8828125 0.26953125 0.065625 0.128125
1 0.834375 0.2734375 0.05625 0.103125
1 0.81484375 0.2609375 0.0640625 0.10546875
1 0.78671875 0.246875 0.0703125 0.1109375
1 0.696875 0.25703125 0.03125 0.046875
1 0.71875 0.25546875 0.034375 0.06640625
1 0.8609375 0.9765625 0.146875 0.04140625
1 0.97421875 0.21953125 0.0484375 0.0609375
1 0.41953125 0.28203125 0.0328125 0.096875