2 0.40703125 0.86640625 0.1734375 0.2609375
3 0.24921875 0.2125 0.1078125 0.2359375
2 0.5796875 0.690625 0.134375 0.196875
1 0.66875 0.4984375 0.1125 0.16953125
1 0.86875 0.79140625 0.140625 0.20546875
1 0.30390625 0.57109375 0.1203125 0.18046875
1 0.50859375 0.534375 0.1140625 0.16953125
1 0.7390625 0.940625 0.15625 0.1140625
1 0.82734375 0.66640625 0.1296875 0.1890625
1 0.59453125 0.371875 0.0921875 0.128125
1 0.446875 0.43203125 0.103125 0.1640625
1 0.50078125 0.30703125 0.0828125 0.1140625
1 0.3828125 0.340625 0.090625 0.1359375
1 0.1265625 0.290625 0.071875 0.096875
1 0.95625 0.2984375 0.078125 0.1140625
1 0.91328125 0.26796875 0.0796875 0.13046875
1 0.85 0.2640625 0.06875 0.121875
1 0.29765625 0.27109375 0.0734375 0.1140625
1 0.80078125 0.259375 0.0609375 0.103125
1 0.7484375 0.25 0.059375 0.1
1 0.975 0.23359375 0.046875 0.0609375
1 0.990625 0.3375 0.015625 0.125
1 0.70703125 0.25390625 0.0359375 0.05859375
1 0.36015625 0.29453125 0.0546875 0.06640625
1 0.6328125 0.25390625 0.05625 0.03046875