3 0.28828125 0.4875 0.1953125 0.4640625
1 0.82109375 0.715625 0.1328125 0.196875
1 0.52109375 0.56953125 0.1140625 0.15
1 0.93828125 0.88359375 0.1203125 0.228125
1 0.75 0.56953125 0.115625 0.16640625
1 0.1484375 0.27890625 0.075 0.11953125
1 0.65390625 0.4359375 0.1078125 0.15
1 0.47734375 0.509375 0.1109375 0.16953125
1 0.690625 0.525 0.090625 0.15
1 0.5828125 0.3640625 0.1 0.16640625
1 0.4390625 0.40390625 0.096875 0.14140625
1 0.971875 0.296875 0.053125 0.1390625
1 0.91640625 0.2875 0.0765625 0.1140625
1 0.46875 0.296875 0.071875 0.1109375
1 0.74609375 0.25859375 0.0734375 0.10546875
1 0.41875 0.3609375 0.0875 0.1390625
1 0.8546875 0.2609375 0.065625 0.11640625
1 0.971875 0.228125 0.053125 0.071875
1 0.65234375 0.34453125 0.0578125 0.05546875
1 0.35859375 0.315625 0.0484375 0.125
1 0.390625 0.275 0.04375 0.078125
1 0.896875 0.271875 0.06875 0.121875
1 0.42734375 0.26796875 0.0453125 0.0640625
1 0.93359375 0.21953125 0.0484375 0.04453125
1 0.48671875 0.290625 0.0546875 0.103125
1 0.3 0.25 0.065625 0.028125
1 0.81171875 0.2484375 0.0578125 0.10859375