2 0.73515625 0.578125 0.1296875 0.19453125
3 0.27734375 0.1984375 0.1609375 0.28046875
3 0.0859375 0.278125 0.090625 0.1390625
1 0.4625 0.46796875 0.109375 0.146875
1 0.93515625 0.86796875 0.1265625 0.246875
1 0.38515625 0.325 0.0890625 0.11640625
2 0.584375 0.353125 0.096875 0.15546875
1 0.159375 0.2875 0.071875 0.096875
1 0.86484375 0.27109375 0.0734375 0.1140625
1 0.7828125 0.25546875 0.0625 0.1109375
1 0.95859375 0.309375 0.0796875 0.11953125
1 0.4375 0.284375 0.065625 0.096875
1 0.746875 0.24453125 0.05 0.09453125
1 0.67890625 0.2609375 0.0421875 0.03359375
1 0.8359375 0.2484375 0.065625 0.11953125
1 0.71171875 0.25703125 0.0328125 0.05859375