2 0.28984375 0.26796875 0.0859375 0.1359375
3 0.125 0.20546875 0.125 0.278125
1 0.28671875 0.5984375 0.1203125 0.15859375
1 0.48671875 0.315625 0.0859375 0.11953125
1 0.390625 0.265625 0.075 0.125
1 0.43828125 0.2765625 0.0671875 0.1140625
1 0.91796875 0.2859375 0.0734375 0.1109375
1 0.96796875 0.3125 0.0609375 0.1359375
1 0.80625 0.259375 0.071875 0.10859375
1 0.7328125 0.25546875 0.075 0.09453125
1 0.24140625 0.2875 0.0328125 0.0859375
1 0.87109375 0.2625 0.0703125 0.11953125
1 0.215625 0.30703125 0.03125 0.06953125