3 0.340625 0.5875 0.2125 0.5140625
1 0.65078125 0.83046875 0.1484375 0.21640625
1 0.78828125 0.640625 0.1234375 0.19140625
1 0.6625 0.4625 0.115625 0.16953125
1 0.5609375 0.66796875 0.11875 0.175
1 0.51015625 0.5484375 0.1140625 0.1859375
1 0.446875 0.271875 0.071875 0.11640625
1 0.55078125 0.34296875 0.0921875 0.14140625
1 0.4515625 0.425 0.06875 0.1390625
1 0.31171875 0.275 0.0734375 0.121875
1 0.84453125 0.25546875 0.0859375 0.14453125
1 0.98671875 0.33203125 0.0234375 0.15859375
1 0.621875 0.4 0.09375 0.14453125
1 0.38203125 0.30703125 0.0859375 0.1140625
1 0.11875 0.290625 0.059375 0.096875
1 0.81796875 0.9734375 0.1234375 0.046875
1 0.91953125 0.278125 0.0515625 0.128125
1 0.78359375 0.25390625 0.0546875 0.10859375
1 0.965625 0.278125 0.065625 0.15546875
1 0.73046875 0.25859375 0.0609375 0.078125
1 0.88984375 0.265625 0.0234375 0.075
1 0.40546875 0.24453125 0.0265625 0.04453125