3 0.2328125 0.32890625 0.165625 0.4140625
1 0.57734375 0.3625 0.0953125 0.153125
1 0.5609375 0.65390625 0.121875 0.175
1 0.44375 0.89609375 0.140625 0.19140625
1 0.78515625 0.646875 0.1265625 0.19453125
1 0.71015625 0.90546875 0.1546875 0.18359375
1 0.47578125 0.49296875 0.1140625 0.16953125
1 0.9375 0.83046875 0.121875 0.2
1 0.95 0.28046875 0.096875 0.15546875
1 0.5078125 0.29140625 0.084375 0.128125
1 0.3734375 0.328125 0.0875 0.15
1 0.425 0.384375 0.090625 0.14140625
1 0.75625 0.2625 0.065625 0.09140625
1 0.453125 0.275 0.05625 0.1
1 0.0796875 0.30703125 0.05 0.075
1 0.89140625 0.2640625 0.0703125 0.13359375
1 0.33515625 0.28203125 0.0734375 0.13046875
1 0.82265625 0.25546875 0.0734375 0.1109375
1 0.4125 0.24609375 0.05625 0.053125
1 0.6984375 0.27109375 0.05 0.0359375
1 0.34140625 0.2359375 0.0609375 0.04453125