5 0.61328125 0.753125 0.1546875 0.26640625
2 0.96484375 0.24296875 0.0671875 0.11953125
1 0.2515625 0.51953125 0.1125 0.15
1 0.44609375 0.92109375 0.1484375 0.153125
1 0.359375 0.7640625 0.134375 0.20546875
1 0.20390625 0.35390625 0.0890625 0.1359375
1 0.89765625 0.784375 0.1296875 0.175
1 0.765625 0.93359375 0.159375 0.128125
1 0.915625 0.28046875 0.084375 0.128125
5 0.71328125 0.5125 0.1296875 0.2140625
1 0.74765625 0.61796875 0.1015625 0.153125
1 0.26640625 0.278125 0.0703125 0.1109375
1 0.95859375 0.903125 0.0796875 0.1890625
1 0.1625 0.2875 0.075 0.103125
1 0.49453125 0.5765625 0.1109375 0.146875
1 0.81640625 0.2640625 0.0671875 0.1
1 0.5359375 0.684375 0.09375 0.1859375
1 0.8515625 0.6734375 0.14375 0.2140625
1 0.7546875 0.26796875 0.071875 0.096875
1 0.09609375 0.31953125 0.0609375 0.05546875
1 0.70234375 0.259375 0.0421875 0.05859375
1 0.8734375 0.265625 0.03125 0.0859375
1 0.85234375 0.26953125 0.0265625 0.078125