2 0.36328125 0.371875 0.1140625 0.178125
3 0.71796875 0.921875 0.3765625 0.15
2 0.5796875 0.66640625 0.134375 0.20546875
1 0.4546875 0.459375 0.10625 0.175
1 0.8703125 0.7734375 0.134375 0.175
1 0.79765625 0.6515625 0.1234375 0.15859375
1 0.8515625 0.259375 0.084375 0.125
1 0.96640625 0.309375 0.0640625 0.11953125
1 0.728125 0.8109375 0.146875 0.1
1 0.9734375 0.89140625 0.05 0.20546875
1 0.78125 0.24453125 0.075 0.11640625
1 0.91640625 0.246875 0.0515625 0.10546875
1 0.403125 0.275 0.071875 0.10546875
1 0.70390625 0.25546875 0.0765625 0.078125
1 0.9640625 0.25 0.06875 0.10546875
1 0.40546875 0.296875 0.0484375 0.0609375
1 0.35234375 0.28359375 0.0453125 0.03359375