3 0.2234375 0.33203125 0.1625 0.40859375
1 0.4890625 0.5140625 0.128125 0.2
1 0.8265625 0.7359375 0.134375 0.178125
1 0.58671875 0.57890625 0.1140625 0.18046875
1 0.6390625 0.446875 0.11875 0.19453125
1 0.3921875 0.378125 0.09375 0.13359375
1 0.96796875 0.2984375 0.0609375 0.1359375
1 0.48046875 0.2859375 0.0828125 0.128125
1 0.33671875 0.3 0.0734375 0.121875
1 0.584375 0.36796875 0.0875 0.1359375
1 0.81875 0.25859375 0.071875 0.1109375
1 0.52265625 0.3390625 0.0703125 0.1109375
1 0.8984375 0.265625 0.09375 0.146875
1 0.75546875 0.26953125 0.0609375 0.08359375
1 0.09921875 0.30390625 0.0609375 0.075
1 0.39765625 0.265625 0.0578125 0.0859375
1 0.30546875 0.2515625 0.0390625 0.103125
1 0.70546875 0.2625 0.0484375 0.05859375
1 0.1390625 0.29609375 0.03125 0.11953125
1 0.4265625 0.28203125 0.046875 0.09140625