2 0.5828125 0.75390625 0.140625 0.225
2 0.94453125 0.27109375 0.1015625 0.1640625
1 0.68984375 0.4859375 0.1109375 0.16640625
1 0.28359375 0.6234375 0.1140625 0.1640625
1 0.76328125 0.64296875 0.1203125 0.153125
1 0.41015625 0.39140625 0.0953125 0.128125
1 0.603125 0.4125 0.1 0.13046875
1 0.15234375 0.29296875 0.0796875 0.10859375
1 0.784375 0.940625 0.15625 0.1140625
1 0.53671875 0.61640625 0.1171875 0.15546875
1 0.3046875 0.284375 0.078125 0.125
1 0.85625 0.2609375 0.08125 0.11640625
1 0.49921875 0.30859375 0.0859375 0.128125
1 0.559375 0.3484375 0.084375 0.11953125
1 0.38046875 0.3375 0.0921875 0.14140625
1 0.78828125 0.2484375 0.0734375 0.11953125
1 0.46484375 0.2765625 0.0765625 0.11953125
1 0.26171875 0.284375 0.0328125 0.09140625
1 0.73515625 0.253125 0.0484375 0.078125
1 0.98984375 0.30703125 0.0171875 0.153125
1 0.39296875 0.2484375 0.0359375 0.046875
1 0.43125 0.25 0.05625 0.071875