3 0.41328125 0.31953125 0.1421875 0.3609375
0 0.97109375 0.234375 0.0546875 0.325
1 0.6109375 0.709375 0.128125 0.196875
1 0.30234375 0.59296875 0.1203125 0.1859375
1 0.9265625 0.8390625 0.14375 0.23359375
1 0.59453125 0.3890625 0.0984375 0.15
1 0.85078125 0.79140625 0.1109375 0.178125
1 0.14453125 0.29296875 0.0671875 0.096875
1 0.91171875 0.28359375 0.0796875 0.1109375
1 0.32265625 0.30390625 0.0640625 0.153125
1 0.553125 0.3359375 0.090625 0.1390625
1 0.0984375 0.3109375 0.0375 0.06640625
1 0.28828125 0.28046875 0.0640625 0.121875
1 0.82578125 0.25546875 0.0578125 0.11640625
1 0.771875 0.25390625 0.05625 0.09140625
1 0.721875 0.2640625 0.05 0.0609375
1 0.25 0.284375 0.034375 0.09140625
1 0.8734375 0.26640625 0.065625 0.121875
1 0.49140625 0.2890625 0.0421875 0.121875
1 0.709375 0.253125 0.05 0.05546875
1 0.928125 0.2359375 0.053125 0.071875