3 0.71328125 0.73203125 0.2640625 0.53046875
3 0.20234375 0.24609375 0.1296875 0.325
1 0.30234375 0.57109375 0.1234375 0.175
1 0.46796875 0.52109375 0.1109375 0.153125
1 0.42109375 0.38359375 0.0953125 0.15
1 0.8765625 0.771875 0.11875 0.228125
1 0.309375 0.284375 0.075 0.11953125
1 0.52734375 0.365625 0.0796875 0.125
1 0.6578125 0.41953125 0.1125 0.121875
1 0.9671875 0.30703125 0.0625 0.11953125
1 0.9796875 0.89609375 0.0375 0.203125
1 0.828125 0.253125 0.08125 0.121875
1 0.375 0.3234375 0.075 0.11953125
1 0.1125 0.2875 0.075 0.103125
1 0.60234375 0.3890625 0.1015625 0.1609375
1 0.49765625 0.3015625 0.0796875 0.125
1 0.45703125 0.26796875 0.0734375 0.103125
1 0.75 0.265625 0.053125 0.08046875
1 0.946875 0.28203125 0.078125 0.125
1 0.69375 0.26796875 0.053125 0.0359375
1 0.91484375 0.26640625 0.0703125 0.128125
1 0.8546875 0.63046875 0.078125 0.10546875
1 0.271875 0.27109375 0.034375 0.103125
1 0.38671875 0.25859375 0.0390625 0.04453125
1 0.421875 0.2484375 0.040625 0.075
1 0.784375 0.25546875 0.034375 0.10546875
1 0.99140625 0.228125 0.0140625 0.071875