3 0.13359375 0.20859375 0.1171875 0.26640625
1 0.37578125 0.7734375 0.1390625 0.20859375
1 0.696875 0.87890625 0.15 0.225
1 0.4734375 0.4359375 0.10625 0.1609375
1 0.515625 0.3109375 0.096875 0.14453125
1 0.2125 0.35859375 0.09375 0.15
1 0.93203125 0.2875 0.0859375 0.13046875
1 0.35234375 0.3140625 0.0640625 0.071875
1 0.8453125 0.26640625 0.065625 0.11640625
1 0.79375 0.26796875 0.05 0.096875
1 0.77890625 0.24296875 0.0671875 0.10859375
1 0.87890625 0.27890625 0.0484375 0.103125
1 0.97578125 0.240625 0.0453125 0.103125
1 0.725 0.26640625 0.05 0.0609375
1 0.91953125 0.21640625 0.0546875 0.03359375
1 0.69140625 0.265625 0.0328125 0.0359375