3 0.36484375 0.63359375 0.2171875 0.5390625
0 0.78359375 0.18359375 0.1140625 0.2390625
1 0.70078125 0.534375 0.1109375 0.14140625
1 0.9390625 0.88359375 0.11875 0.221875
1 0.58046875 0.36640625 0.0984375 0.14453125
1 0.1828125 0.3140625 0.08125 0.128125
1 0.89140625 0.803125 0.1203125 0.178125
1 0.7125 0.95859375 0.16875 0.078125
1 0.653125 0.44140625 0.103125 0.13359375
1 0.13203125 0.29140625 0.0578125 0.09453125
1 0.2921875 0.2890625 0.0625 0.1
1 0.97734375 0.2984375 0.0421875 0.153125
1 0.94453125 0.2984375 0.0484375 0.1140625
1 0.9109375 0.284375 0.06875 0.125
1 0.8265625 0.271875 0.053125 0.1
1 0.34609375 0.30859375 0.0671875 0.13359375
1 0.7859375 0.246875 0.06875 0.1109375
1 0.8796875 0.271875 0.04375 0.11640625
1 0.72109375 0.25390625 0.0296875 0.0640625
1 0.81171875 0.2609375 0.0609375 0.10546875
1 0.2484375 0.29140625 0.03125 0.08359375
1 0.93359375 0.221875 0.0734375 0.05546875
1 0.98046875 0.20859375 0.0359375 0.05
1 0.3265625 0.29296875 0.0375 0.10859375
1 0.265625 0.27890625 0.0625 0.10859375