3 0.4796875 0.4625 0.175 0.33046875
3 0.4125 0.7140625 0.240625 0.55
1 0.7703125 0.6359375 0.121875 0.15546875
1 0.6359375 0.434375 0.10625 0.15859375
1 0.20625 0.34140625 0.084375 0.1390625
1 0.71953125 0.53046875 0.1109375 0.14453125
1 0.31875 0.3015625 0.06875 0.103125
1 0.9703125 0.9140625 0.05625 0.16640625
1 0.15390625 0.2875 0.0703125 0.10859375
1 0.3796875 0.346875 0.0875 0.1609375
1 0.90546875 0.28359375 0.0671875 0.128125
1 0.2875 0.275 0.06875 0.1109375
1 0.98671875 0.334375 0.0234375 0.13046875
1 0.50234375 0.26953125 0.0859375 0.08359375
1 0.39296875 0.234375 0.0640625 0.05859375
1 0.93515625 0.29609375 0.0390625 0.1140625
1 0.8265625 0.27109375 0.05625 0.103125
1 0.9703125 0.29140625 0.05625 0.15546875
1 0.78671875 0.24609375 0.0671875 0.10859375
1 0.875 0.2734375 0.040625 0.1140625
1 0.43125 0.2609375 0.059375 0.078125
1 0.72109375 0.25390625 0.0328125 0.0640625
1 0.9296875 0.21953125 0.06875 0.05546875