8 0.13671875 0.246875 0.0984375 0.19453125
5 0.89296875 0.815625 0.1421875 0.2140625
1 0.7515625 0.9015625 0.165625 0.19140625
1 0.51796875 0.596875 0.1171875 0.18359375
1 0.79296875 0.665625 0.1265625 0.1859375
1 0.5453125 0.93359375 0.20625 0.128125
1 0.6703125 0.79453125 0.1375 0.19453125
1 0.46328125 0.478125 0.1171875 0.1890625
1 0.31015625 0.284375 0.0859375 0.125
1 0.68671875 0.4890625 0.1078125 0.14453125
1 0.6265625 0.44609375 0.09375 0.13046875
1 0.978125 0.321875 0.040625 0.14453125
1 0.91640625 0.2625 0.0734375 0.096875
1 0.8234375 0.26640625 0.075 0.1109375
1 0.75625 0.271875 0.065625 0.0890625
1 0.590625 0.38203125 0.09375 0.153125
1 0.3984375 0.3625 0.090625 0.153125
1 0.75703125 0.58203125 0.1109375 0.146875
1 0.5609375 0.3484375 0.08125 0.146875
1 0.209375 0.29609375 0.0375 0.08046875
1 0.23984375 0.29296875 0.0484375 0.0859375
1 0.984375 0.93203125 0.028125 0.13046875
1 0.9703125 0.25859375 0.05625 0.08359375
1 0.4359375 0.41640625 0.0875 0.14453125
1 0.4375 0.2890625 0.06875 0.1
1 0.26953125 0.27890625 0.0328125 0.096875
1 0.3671875 0.275 0.046875 0.1
1 0.4109375 0.25390625 0.05625 0.05859375