3 0.16328125 0.228125 0.1703125 0.328125
1 0.509375 0.5890625 0.115625 0.18359375
1 0.65546875 0.8140625 0.1359375 0.2
1 0.73515625 0.603125 0.1296875 0.19453125
1 0.5828125 0.353125 0.09375 0.14453125
1 0.44453125 0.9125 0.1546875 0.16953125
1 0.7640625 0.9375 0.165625 0.11953125
1 0.3703125 0.35859375 0.09375 0.13359375
1 0.49140625 0.3125 0.0828125 0.1140625
1 0.45390625 0.446875 0.1078125 0.1390625
1 0.61953125 0.71640625 0.1328125 0.19453125
1 0.68515625 0.50546875 0.1109375 0.1609375
1 0.371875 0.29296875 0.096875 0.10859375
1 0.9421875 0.29609375 0.078125 0.11953125
1 0.98125 0.91953125 0.034375 0.15546875
1 0.728125 0.25703125 0.065625 0.0859375
1 0.98125 0.32109375 0.034375 0.11953125
1 0.81171875 0.26640625 0.0640625 0.1
1 0.4015625 0.2625 0.071875 0.1140625
1 0.4671875 0.2875 0.065625 0.1140625
1 0.771875 0.26953125 0.028125 0.08359375
1 0.9390625 0.1984375 0.06875 0.046875
1 0.815625 0.21640625 0.06875 0.06640625
1 0.90390625 0.2765625 0.0390625 0.11953125
1 0.86953125 0.2765625 0.0578125 0.10859375