4 0.58046875 0.3234375 0.1109375 0.24140625
3 0.1875 0.24609375 0.15 0.346875
6 0.2890625 0.59609375 0.0625 0.1640625
1 0.778125 0.63203125 0.11875 0.15859375
1 0.74140625 0.91953125 0.1578125 0.15546875
1 0.3921875 0.34296875 0.0875 0.14140625
1 0.50859375 0.5484375 0.1203125 0.15859375
1 0.909375 0.7890625 0.1625 0.25
1 0.953125 0.896875 0.090625 0.2
1 0.971875 0.321875 0.053125 0.121875
1 0.50390625 0.32109375 0.0609375 0.10859375
1 0.35 0.3109375 0.08125 0.1390625
1 0.475 0.490625 0.11875 0.175
1 0.29609375 0.2765625 0.0859375 0.14140625
1 0.87578125 0.2734375 0.0609375 0.11953125
1 0.11171875 0.29140625 0.0328125 0.09453125
1 0.82109375 0.25859375 0.0640625 0.1109375
1 0.4765625 0.2984375 0.06875 0.103125
1 0.45 0.27109375 0.065625 0.096875
1 0.69609375 0.25546875 0.0515625 0.0609375
1 0.9359375 0.3 0.065625 0.11640625
1 0.65703125 0.75546875 0.0953125 0.278125
1 0.7546875 0.265625 0.04375 0.08046875