3 0.41328125 0.26796875 0.1578125 0.36953125
1 0.6625 0.48046875 0.109375 0.171875
1 0.18828125 0.35546875 0.0984375 0.15546875
1 0.5578125 0.34140625 0.096875 0.14453125
1 0.34453125 0.74296875 0.1359375 0.203125
1 0.6984375 0.89140625 0.14375 0.1890625
1 0.43046875 0.90859375 0.1421875 0.178125
1 0.78203125 0.615625 0.1171875 0.175
1 0.4734375 0.621875 0.115625 0.15546875
1 0.934375 0.834375 0.128125 0.225
1 0.58984375 0.70859375 0.1234375 0.1609375
1 0.909375 0.27890625 0.084375 0.125
1 0.6359375 0.825 0.13125 0.178125
1 0.2609375 0.28359375 0.0625 0.1
1 0.73203125 0.259375 0.0703125 0.09140625
1 0.31640625 0.30546875 0.0546875 0.1109375
1 0.5046875 0.3125 0.053125 0.10859375
1 0.8265625 0.284375 0.0625 0.06953125
1 0.9875 0.2625 0.021875 0.10859375
1 0.7828125 0.2890625 0.040625 0.0609375
1 0.15390625 0.24140625 0.0765625 0.06640625
1 0.08671875 0.32109375 0.0515625 0.053125
1 0.6890625 0.259375 0.03125 0.046875
1 0.21953125 0.2984375 0.0328125 0.0640625
1 0.1484375 0.3109375 0.075 0.11640625
1 0.971875 0.246875 0.053125 0.1109375