3 0.1328125 0.20546875 0.121875 0.26640625
1 0.60625 0.7390625 0.134375 0.2
1 0.378125 0.88203125 0.15 0.225
1 0.67890625 0.46953125 0.1234375 0.1890625
1 0.49765625 0.3 0.0921875 0.1390625
1 0.2578125 0.4609375 0.1 0.1390625
1 0.728125 0.91953125 0.15 0.15546875
1 0.45703125 0.49453125 0.1109375 0.178125
5 0.28125 0.2609375 0.0875 0.14453125
1 0.86796875 0.271875 0.0828125 0.11640625
1 0.85703125 0.959375 0.1421875 0.075
1 0.80390625 0.25859375 0.0671875 0.10546875
1 0.96953125 0.296875 0.0578125 0.1390625
1 0.4328125 0.278125 0.06875 0.1109375
1 0.75546875 0.25703125 0.0484375 0.0859375
1 0.40234375 0.265625 0.0671875 0.125
1 0.35234375 0.28359375 0.0484375 0.09453125
1 0.7203125 0.259375 0.034375 0.05859375
1 0.9671875 0.2484375 0.0625 0.096875
1 0.925 0.24453125 0.053125 0.09453125