0 0.6671875 0.378125 0.171875 0.39453125
8 0.77890625 0.8015625 0.2640625 0.39140625
1 0.271875 0.603125 0.115625 0.15546875
1 0.396875 0.3640625 0.084375 0.128125
1 0.19375 0.3359375 0.090625 0.1390625
1 0.61328125 0.75859375 0.0859375 0.1890625
1 0.95 0.28359375 0.090625 0.14453125
1 0.459375 0.29140625 0.065625 0.1
1 0.54453125 0.39140625 0.0921875 0.15546875
1 0.33125 0.30390625 0.075 0.13046875
1 0.5171875 0.29609375 0.075 0.14140625
1 0.1515625 0.28046875 0.08125 0.11640625
1 0.88515625 0.27109375 0.0703125 0.125
1 0.36953125 0.32890625 0.0765625 0.11953125
1 0.8484375 0.265625 0.05 0.11953125
1 0.284375 0.2859375 0.053125 0.10546875
1 0.78046875 0.26640625 0.0546875 0.0890625
1 0.5640625 0.315625 0.0625 0.09140625
1 0.11015625 0.275 0.0421875 0.1109375
1 0.4140625 0.28046875 0.046875 0.078125
1 0.40703125 0.246875 0.0546875 0.05
1 0.746875 0.25546875 0.028125 0.078125
1 0.99453125 0.26953125 0.0078125 0.1109375