2 0.38984375 0.5390625 0.1328125 0.21640625
8 0.5546875 0.5390625 0.15625 0.3390625
8 0.94921875 0.165625 0.0984375 0.153125
5 0.6609375 0.8515625 0.15 0.2140625
1 0.35859375 0.7359375 0.1296875 0.171875
1 0.57734375 0.665625 0.1359375 0.24140625
1 0.93984375 0.9015625 0.1171875 0.19140625
1 0.31484375 0.290625 0.0734375 0.1140625
1 0.81875 0.946875 0.165625 0.1
1 0.52578125 0.965625 0.1328125 0.05859375
1 0.30859375 0.475 0.0984375 0.171875
1 0.25703125 0.278125 0.0703125 0.10546875
1 0.1140625 0.29296875 0.065625 0.09140625
1 0.80390625 0.2625 0.0734375 0.096875
1 0.490625 0.30859375 0.078125 0.10546875
1 0.90703125 0.2890625 0.0796875 0.1109375
1 0.55078125 0.334375 0.0859375 0.0859375
1 0.37109375 0.29453125 0.0515625 0.071875
1 0.97421875 0.2984375 0.0484375 0.15859375
1 0.75703125 0.25703125 0.0546875 0.0859375
1 0.853125 0.26796875 0.04375 0.08046875
1 0.4359375 0.28203125 0.0375 0.096875
1 0.915625 0.2390625 0.084375 0.078125
1 0.475 0.28046875 0.071875 0.11640625
1 0.68203125 0.265625 0.0640625 0.04140625