3 0.11875 0.2234375 0.103125 0.2359375
1 0.75390625 0.6 0.1328125 0.20546875
1 0.4328125 0.928125 0.15625 0.1390625
1 0.2703125 0.553125 0.134375 0.20546875
1 0.65078125 0.4734375 0.1046875 0.1359375
1 0.525 0.596875 0.115625 0.16640625
1 0.36875 0.3265625 0.084375 0.11953125
1 0.578125 0.36640625 0.090625 0.128125
1 0.93359375 0.8609375 0.1296875 0.20546875
1 0.7453125 0.9265625 0.15 0.14140625
1 0.475 0.51640625 0.109375 0.1390625
1 0.83125 0.7734375 0.128125 0.16953125
1 0.453125 0.28359375 0.08125 0.121875
1 0.971875 0.30859375 0.053125 0.1390625
1 0.7859375 0.25859375 0.075 0.1109375
1 0.8796875 0.26640625 0.071875 0.0890625
1 0.2640625 0.2875 0.0625 0.09140625
1 0.32421875 0.2890625 0.0703125 0.121875
1 0.9421875 0.24609375 0.071875 0.10859375
1 0.8375 0.98359375 0.121875 0.028125
1 0.84140625 0.259375 0.0515625 0.096875
1 0.225 0.303125 0.034375 0.06640625
1 0.3796875 0.2484375 0.053125 0.053125
1 0.40390625 0.26953125 0.0421875 0.078125