3 0.5578125 0.55546875 0.2 0.43359375
4 0.721875 0.4875 0.134375 0.275
5 0.70390625 0.86953125 0.1671875 0.24453125
8 0.475 0.85703125 0.2125 0.28046875
1 0.28125 0.63046875 0.125 0.1890625
1 0.778125 0.634375 0.1375 0.196875
1 0.2359375 0.40703125 0.121875 0.1859375
1 0.5671875 0.4359375 0.13125 0.21640625
1 0.48515625 0.9234375 0.1890625 0.146875
1 0.95390625 0.8734375 0.0890625 0.2140625
1 0.32578125 0.2875 0.0765625 0.11953125
1 0.44296875 0.43203125 0.1015625 0.175
1 0.93515625 0.2859375 0.0828125 0.1109375
1 0.12421875 0.296875 0.0671875 0.08359375
1 0.815625 0.9734375 0.134375 0.046875
1 0.4296875 0.275 0.071875 0.1109375
1 0.86796875 0.2734375 0.0703125 0.10859375
1 0.3984375 0.37890625 0.08125 0.11953125
1 0.78828125 0.265625 0.0578125 0.096875
1 0.54140625 0.3484375 0.1171875 0.13046875
1 0.74453125 0.259375 0.0515625 0.08046875
1 0.553125 0.290625 0.09375 0.0640625
1 0.3828125 0.2875 0.046875 0.08046875
1 0.2359375 0.2734375 0.04375 0.09140625
1 0.2734375 0.2765625 0.059375 0.096875
1 0.6921875 0.25546875 0.05625 0.05
1 0.96640625 0.2390625 0.0578125 0.1
1 0.65625 0.409375 0.084375 0.146875
1 0.9890625 0.25703125 0.01875 0.1140625