3 0.2375 0.21953125 0.09375 0.19453125
3 0.09453125 0.228125 0.1078125 0.21640625
1 0.678125 0.84296875 0.140625 0.20859375
1 0.703125 0.515625 0.121875 0.18046875
1 0.8609375 0.74140625 0.13125 0.19453125
1 0.515625 0.571875 0.11875 0.178125
1 0.2265625 0.39609375 0.096875 0.14140625
1 0.45390625 0.43046875 0.1109375 0.16640625
1 0.1546875 0.296875 0.084375 0.128125
1 0.31796875 0.2859375 0.0859375 0.128125
1 0.56640625 0.34453125 0.1015625 0.178125
1 0.9234375 0.271875 0.08125 0.128125
1 0.396875 0.3609375 0.08125 0.128125
1 0.97421875 0.30703125 0.0484375 0.14140625
1 0.65078125 0.4125 0.1203125 0.196875
1 0.26484375 0.27890625 0.0390625 0.096875
1 0.796875 0.25703125 0.065625 0.1140625
1 0.50859375 0.30390625 0.0734375 0.1140625
1 0.48125 0.284375 0.071875 0.125
1 0.75 0.2515625 0.05 0.09140625
1 0.8578125 0.25390625 0.065625 0.11953125
1 0.3734375 0.2734375 0.0375 0.06953125
1 0.22734375 0.27890625 0.0578125 0.0859375
1 0.44296875 0.25703125 0.0640625 0.096875
1 0.69609375 0.25703125 0.0421875 0.046875
1 0.403125 0.25703125 0.034375 0.08046875
1 0.046875 0.2859375 0.040625 0.1109375
1 0.09140625 0.2875 0.0640625 0.096875