3 0.4578125 0.7875 0.234375 0.41953125
3 0.4953125 0.4375 0.178125 0.453125
1 0.8578125 0.775 0.140625 0.20546875
1 0.70859375 0.525 0.1234375 0.18359375
1 0.7921875 0.946875 0.15625 0.1
1 0.175 0.3125 0.08125 0.1359375
1 0.62265625 0.41796875 0.0921875 0.13046875
1 0.8953125 0.2859375 0.08125 0.1109375
1 0.73203125 0.90390625 0.1390625 0.1859375
1 0.29609375 0.275 0.0734375 0.1
1 0.1203125 0.290625 0.059375 0.096875
1 0.20859375 0.40859375 0.0515625 0.15546875
1 0.3203125 0.840625 0.075 0.2140625
1 0.2421875 0.28203125 0.053125 0.09140625
1 0.98515625 0.9375 0.0265625 0.11953125
1 0.61796875 0.3390625 0.0828125 0.071875
1 0.39296875 0.2765625 0.0390625 0.103125
1 0.86640625 0.27109375 0.0609375 0.103125
1 0.72890625 0.24609375 0.0484375 0.08046875
1 0.99140625 0.34140625 0.0140625 0.13359375
1 0.96484375 0.30546875 0.0671875 0.1390625
1 0.80625 0.25703125 0.075 0.11953125