3 0.33203125 0.57890625 0.2109375 0.503125
1 0.54296875 0.634375 0.1171875 0.175
1 0.88671875 0.81640625 0.1359375 0.18359375
1 0.76796875 0.925 0.1640625 0.14453125
1 0.62578125 0.390625 0.1046875 0.153125
1 0.809375 0.68359375 0.15 0.21640625
1 0.88515625 0.26953125 0.0890625 0.13359375
1 0.73203125 0.578125 0.1265625 0.2
1 0.51328125 0.30703125 0.0828125 0.13046875
1 0.66875 0.509375 0.103125 0.153125
1 0.1984375 0.3859375 0.0875 0.1609375
1 0.48984375 0.58359375 0.0953125 0.15
1 0.45 0.290625 0.0625 0.09140625
1 0.82109375 0.25703125 0.0640625 0.1140625
1 0.98203125 0.9140625 0.0328125 0.16640625
1 0.77421875 0.253125 0.0578125 0.10546875
1 0.45625 0.4875 0.090625 0.13046875
1 0.9828125 0.25 0.03125 0.11640625
1 0.4359375 0.38203125 0.065625 0.096875
1 0.5765625 0.353125 0.071875 0.13359375
1 0.73125 0.265625 0.0375 0.0640625
1 0.9546875 0.246875 0.05625 0.1109375
1 0.3484375 0.296875 0.075 0.071875
1 0.9953125 0.26796875 0.00625 0.1359375