2 0.33359375 0.35703125 0.1109375 0.16953125
3 0.66640625 0.90390625 0.3515625 0.1859375
2 0.55703125 0.628125 0.1296875 0.2
1 0.4375 0.43203125 0.10625 0.16953125
1 0.94765625 0.846875 0.1015625 0.221875
1 0.83203125 0.728125 0.1296875 0.16640625
1 0.76875 0.609375 0.11875 0.153125
1 0.86328125 0.2625 0.0859375 0.125
1 0.39140625 0.2765625 0.0703125 0.10859375
1 0.97265625 0.3140625 0.0515625 0.128125
1 0.68671875 0.771875 0.1421875 0.10546875
1 0.79296875 0.24453125 0.0765625 0.121875
1 0.928125 0.24609375 0.053125 0.10859375
1 0.7125 0.2515625 0.078125 0.08046875
1 0.96875 0.25390625 0.059375 0.10859375