3 0.81640625 0.17109375 0.1046875 0.146875
5 0.25 0.2765625 0.065625 0.1140625
2 0.4796875 0.35390625 0.09375 0.153125
1 0.321875 0.71953125 0.128125 0.20546875
1 0.70078125 0.521875 0.1140625 0.171875
1 0.515625 0.5734375 0.115625 0.1640625
1 0.509375 0.95546875 0.178125 0.08359375
1 0.40234375 0.396875 0.0953125 0.1390625
1 0.2640625 0.5375 0.109375 0.146875
1 0.7953125 0.9625 0.140625 0.06953125
1 0.3078125 0.27890625 0.075 0.1140625
1 0.89140625 0.2859375 0.0765625 0.1109375
1 0.3953125 0.2890625 0.065625 0.0890625
1 0.81875 0.26953125 0.071875 0.1
1 0.959375 0.303125 0.078125 0.121875
1 0.703125 0.25546875 0.05625 0.06640625
1 0.203125 0.30859375 0.0375 0.0609375
1 0.75078125 0.2640625 0.0421875 0.078125
1 0.3546875 0.29453125 0.028125 0.0609375
1 0.7921875 0.25703125 0.059375 0.096875
1 0.96171875 0.225 0.0734375 0.078125
1 0.99140625 0.3359375 0.0140625 0.128125
1 0.89921875 0.221875 0.0578125 0.04453125