3 0.2953125 0.525 0.20625 0.4890625
1 0.65 0.8234375 0.140625 0.19140625
1 0.721875 0.59296875 0.1125 0.16953125
1 0.8171875 0.71796875 0.125 0.16953125
1 0.56875 0.71640625 0.15 0.221875
1 0.946875 0.8875 0.103125 0.21953125
1 0.5078125 0.3765625 0.1125 0.18046875
1 0.8328125 0.9640625 0.16875 0.06640625
1 0.9796875 0.31640625 0.0375 0.14453125
1 0.88125 0.26640625 0.084375 0.13359375
1 0.91015625 0.2875 0.0421875 0.10859375
1 0.1265625 0.29140625 0.053125 0.09453125
1 0.825 0.265625 0.053125 0.103125
1 0.77734375 0.2640625 0.0453125 0.0890625
1 0.70546875 0.26640625 0.0546875 0.05
1 0.09765625 0.278125 0.0359375 0.0890625
1 0.9578125 0.28359375 0.08125 0.15
1 0.76484375 0.24453125 0.0703125 0.10546875
1 0.5078125 0.2734375 0.071875 0.046875