5 0.52578125 0.628125 0.1234375 0.20546875
3 0.2828125 0.2 0.11875 0.2609375
1 0.81640625 0.70703125 0.1328125 0.196875
1 0.46484375 0.459375 0.1109375 0.15859375
1 0.378125 0.79140625 0.1375 0.2109375
1 0.70859375 0.53203125 0.1109375 0.153125
1 0.64609375 0.740625 0.1328125 0.196875
1 0.5984375 0.396875 0.096875 0.13359375
1 0.159375 0.303125 0.078125 0.11640625
1 0.7203125 0.896875 0.153125 0.2
1 0.33671875 0.2859375 0.0828125 0.1390625
1 0.41875 0.2765625 0.075 0.10859375
1 0.975 0.896875 0.046875 0.2
1 0.91875 0.2875 0.06875 0.10859375
1 0.97109375 0.29609375 0.0546875 0.14140625
1 0.88203125 0.259375 0.0765625 0.125
1 0.8234375 0.25703125 0.065625 0.1140625
1 0.715625 0.25 0.059375 0.078125
1 0.77109375 0.25859375 0.0578125 0.0890625
1 0.99453125 0.346875 0.0078125 0.15