3 0.47265625 0.44296875 0.1734375 0.325
3 0.40234375 0.70703125 0.2359375 0.55859375
1 0.75703125 0.61796875 0.1171875 0.153125
1 0.2015625 0.3359375 0.084375 0.1390625
1 0.625 0.4234375 0.10625 0.153125
1 0.70625 0.5125 0.109375 0.14140625
1 0.3140625 0.2984375 0.06875 0.103125
1 0.95859375 0.903125 0.0796875 0.1890625
1 0.14921875 0.2875 0.0671875 0.103125
1 0.3734375 0.34296875 0.084375 0.146875
1 0.90625 0.284375 0.06875 0.125
1 0.825 0.27109375 0.053125 0.103125
1 0.2828125 0.275 0.065625 0.1109375
1 0.97109375 0.29453125 0.0546875 0.15546875
1 0.38984375 0.23046875 0.0640625 0.05
1 0.9359375 0.296875 0.040625 0.1109375
1 0.7859375 0.24609375 0.06875 0.10859375
1 0.26640625 0.290625 0.0328125 0.0859375
1 0.98828125 0.3359375 0.0203125 0.13359375
1 0.803125 0.259375 0.046875 0.103125
1 0.4984375 0.25859375 0.075 0.06640625
1 0.425 0.24609375 0.053125 0.04140625
1 0.86796875 0.265625 0.0578125 0.11953125
1 0.72109375 0.25546875 0.0328125 0.06640625
1 0.9296875 0.21953125 0.071875 0.05546875