3 0.1859375 0.23046875 0.1375 0.33359375
3 0.28359375 0.453125 0.1859375 0.4609375
1 0.671875 0.8484375 0.140625 0.1859375
1 0.5515625 0.6515625 0.128125 0.1859375
1 0.66640625 0.478125 0.1078125 0.16640625
1 0.93359375 0.84453125 0.1296875 0.21640625
1 0.5765625 0.35390625 0.096875 0.146875
1 0.48671875 0.50703125 0.1046875 0.15859375
1 0.4359375 0.40859375 0.1 0.16640625
1 0.97109375 0.296875 0.0546875 0.13359375
1 0.89140625 0.265625 0.0921875 0.146875
1 0.46953125 0.284375 0.0765625 0.1140625
1 0.09921875 0.29296875 0.0546875 0.09140625
1 0.49609375 0.975 0.1203125 0.04453125
1 0.77734375 0.25546875 0.0640625 0.09453125
1 0.7171875 0.26796875 0.059375 0.0640625
1 0.384375 0.340625 0.065625 0.125
1 0.53125 0.321875 0.071875 0.128125
1 0.3578125 0.25546875 0.053125 0.071875
1 0.4046875 0.275 0.059375 0.1
1 0.83671875 0.25390625 0.0640625 0.11953125
1 0.93984375 0.25703125 0.0328125 0.0859375