3 0.09140625 0.2359375 0.0953125 0.2109375
2 0.52109375 0.56640625 0.1234375 0.18359375
1 0.35546875 0.303125 0.0890625 0.13359375
1 0.259375 0.4765625 0.1125 0.1640625
1 0.1578125 0.2859375 0.08125 0.128125
1 0.42109375 0.2734375 0.0734375 0.11953125
1 0.96796875 0.284375 0.0609375 0.15859375
1 0.9 0.27890625 0.08125 0.1140625
1 0.85625 0.253125 0.078125 0.1390625
1 0.79375 0.26796875 0.059375 0.096875
1 0.934375 0.21796875 0.065625 0.0859375
1 0.73515625 0.25390625 0.0453125 0.06953125
1 0.70234375 0.265625 0.0359375 0.04140625
1 0.76015625 0.2640625 0.0515625 0.08359375