3 0.2421875 0.3265625 0.14375 0.3640625
1 0.3921875 0.784375 0.14375 0.20859375
1 0.55859375 0.70546875 0.1265625 0.171875
1 0.50703125 0.55 0.1171875 0.18359375
1 0.6171875 0.509375 0.103125 0.14140625
1 0.36171875 0.31953125 0.0859375 0.1390625
1 0.57421875 0.378125 0.0984375 0.15
1 0.45390625 0.41640625 0.0953125 0.13359375
1 0.43515625 0.271875 0.0671875 0.10546875
1 0.715625 0.546875 0.11875 0.19453125
1 0.7859375 0.62890625 0.1375 0.20859375
1 0.7953125 0.25546875 0.075 0.11640625
1 0.92421875 0.2875 0.0765625 0.1140625
1 0.146875 0.29296875 0.065625 0.103125
1 0.53984375 0.31640625 0.0921875 0.1390625
1 0.4984375 0.2859375 0.075 0.13359375
1 0.98984375 0.325 0.0171875 0.121875
1 0.8765625 0.25859375 0.065625 0.121875
1 0.11953125 0.28203125 0.0671875 0.10859375
1 0.36015625 0.2375 0.0609375 0.046875
1 0.7203125 0.2625 0.046875 0.053125
1 0.90546875 0.27109375 0.0703125 0.11953125
1 0.97421875 0.275 0.0484375 0.15
1 0.75390625 0.2515625 0.0265625 0.0859375
1 0.84375 0.25703125 0.028125 0.096875
1 0.3125 0.24296875 0.028125 0.0640625