3 0.13359375 0.20390625 0.1265625 0.26953125
3 0.26015625 0.20546875 0.1140625 0.24453125
1 0.34140625 0.725 0.1546875 0.23359375
1 0.425 0.396875 0.103125 0.15546875
1 0.43984375 0.9359375 0.1546875 0.121875
1 0.24375 0.43046875 0.1125 0.171875
1 0.6234375 0.4359375 0.1 0.13359375
1 0.5828125 0.675 0.11875 0.20546875
1 0.27109375 0.59609375 0.1171875 0.18046875
1 0.9296875 0.2734375 0.084375 0.13046875
1 0.721875 0.875 0.146875 0.24453125
1 0.84765625 0.7265625 0.1078125 0.15859375
1 0.98046875 0.3140625 0.0359375 0.14453125
1 0.525 0.3109375 0.090625 0.15
1 0.35 0.29140625 0.05625 0.078125
1 0.76171875 0.61640625 0.1078125 0.0890625
1 0.596875 0.371875 0.096875 0.14453125
1 0.77890625 0.26796875 0.0609375 0.09140625
1 0.859375 0.25390625 0.078125 0.1359375
1 0.60234375 0.8015625 0.0515625 0.203125
1 0.93046875 0.821875 0.1359375 0.20546875
1 0.4734375 0.26953125 0.08125 0.121875
1 0.4203125 0.2734375 0.05 0.096875
1 0.74453125 0.25546875 0.0484375 0.071875
1 0.68828125 0.2515625 0.0640625 0.06953125
1 0.81875 0.2625 0.028125 0.09140625
1 0.97109375 0.221875 0.0546875 0.071875
1 0.89609375 0.98203125 0.1703125 0.03046875