3 0.16640625 0.22109375 0.1296875 0.3140625
2 0.61328125 0.70703125 0.1359375 0.203125
2 0.28359375 0.54453125 0.1109375 0.18359375
1 0.653125 0.48203125 0.11875 0.175
1 0.41640625 0.284375 0.0734375 0.103125
1 0.9171875 0.2890625 0.084375 0.1109375
1 0.0875 0.29453125 0.053125 0.09453125
1 0.76875 0.2609375 0.059375 0.09453125
1 0.8984375 0.246875 0.0625 0.0890625
1 0.7296875 0.265625 0.0375 0.05859375
1 0.7203125 0.24609375 0.0625 0.075
1 0.83515625 0.2734375 0.0765625 0.09140625
1 0.78671875 0.26953125 0.0390625 0.0890625