3 0.24375 0.34296875 0.1625 0.4140625
1 0.734375 0.9125 0.153125 0.16953125
1 0.4359375 0.41796875 0.1 0.1359375
1 0.78046875 0.68359375 0.1265625 0.19453125
1 0.88046875 0.76796875 0.1515625 0.24140625
1 0.70390625 0.5375 0.1140625 0.16953125
1 0.640625 0.415625 0.1 0.146875
1 0.49921875 0.290625 0.0890625 0.1359375
1 0.94375 0.29609375 0.084375 0.11953125
1 0.121875 0.2859375 0.06875 0.10546875
1 0.77890625 0.24453125 0.0765625 0.13359375
1 0.70703125 0.2609375 0.0640625 0.0609375
1 0.68515625 0.89453125 0.1203125 0.18359375
1 0.39375 0.37890625 0.084375 0.146875
1 0.42109375 0.27890625 0.0671875 0.09140625
1 0.56875 0.340625 0.0875 0.13046875
1 0.88984375 0.26640625 0.0671875 0.121875
1 0.36796875 0.32109375 0.0796875 0.13046875
1 0.596875 0.390625 0.078125 0.13046875
1 0.846875 0.240625 0.065625 0.10859375
1 0.97578125 0.2125 0.0453125 0.046875
1 0.92265625 0.27890625 0.0703125 0.11953125
1 0.35625 0.284375 0.0625 0.0859375
1 0.9875 0.31796875 0.021875 0.1359375