3 0.3875 0.7484375 0.271875 0.496875
1 0.8234375 0.675 0.128125 0.2
1 0.4046875 0.353125 0.09375 0.14453125
1 0.5984375 0.7140625 0.134375 0.21640625
1 0.65625 0.43359375 0.1125 0.1609375
1 0.15546875 0.271875 0.0953125 0.13359375
1 0.33125 0.29609375 0.08125 0.13046875
1 0.74140625 0.59140625 0.1171875 0.18359375
3 0.7984375 0.909375 0.4 0.175
1 0.496875 0.53046875 0.11875 0.1890625
1 0.5390625 0.33359375 0.078125 0.1109375
1 0.59453125 0.3734375 0.0859375 0.13046875
1 0.90703125 0.2609375 0.0921875 0.15
1 0.97578125 0.2984375 0.0453125 0.14140625
1 0.809375 0.2484375 0.08125 0.125
1 0.2625 0.64609375 0.046875 0.153125
1 0.4828125 0.434375 0.1 0.1140625
1 0.9546875 0.24609375 0.034375 0.09140625
1 0.75078125 0.246875 0.0515625 0.1
1 0.684375 0.25859375 0.05625 0.04453125
1 0.7203125 0.25390625 0.028125 0.0640625