3 0.38359375 0.715625 0.2296875 0.546875
4 0.2234375 0.334375 0.103125 0.23046875
1 0.57578125 0.86953125 0.2421875 0.25546875
1 0.4828125 0.29609375 0.084375 0.13046875
1 0.34140625 0.30859375 0.0828125 0.121875
1 0.60703125 0.42890625 0.0953125 0.1359375
1 0.90390625 0.834375 0.1546875 0.225
1 0.56875 0.6609375 0.13125 0.18359375
1 0.815625 0.6625 0.15 0.20859375
1 0.5828125 0.36640625 0.103125 0.15
1 0.69609375 0.52890625 0.0953125 0.16953125
1 0.7890625 0.965625 0.153125 0.0640625
1 0.7625 0.27109375 0.071875 0.096875
1 0.96484375 0.29453125 0.0671875 0.14453125
1 0.1546875 0.29609375 0.053125 0.103125
1 0.74140625 0.903125 0.1109375 0.1890625
1 0.1234375 0.29296875 0.05 0.096875
1 0.8515625 0.28203125 0.04375 0.096875
1 0.26015625 0.67109375 0.0421875 0.15859375
1 0.9109375 0.265625 0.0875 0.15859375
1 0.43515625 0.29609375 0.0390625 0.09140625
1 0.3046875 0.29453125 0.053125 0.1
1 0.4203125 0.275 0.065625 0.1109375
1 0.83046875 0.26796875 0.0609375 0.103125
1 0.28125 0.284375 0.04375 0.09140625
1 0.48671875 0.5125 0.0640625 0.146875
1 0.38046875 0.29296875 0.0328125 0.08046875
1 0.9640625 0.2125 0.0375 0.046875