3 0.42109375 0.334375 0.1484375 0.36953125
0 0.96640625 0.228125 0.0640625 0.321875
2 0.3109375 0.615625 0.121875 0.19140625
1 0.63125 0.7390625 0.134375 0.20546875
1 0.6078125 0.40546875 0.1 0.15
1 0.9421875 0.871875 0.1125 0.23359375
1 0.8796875 0.8234375 0.1125 0.18046875
1 0.1484375 0.290625 0.06875 0.096875
1 0.9046875 0.28046875 0.078125 0.1109375
1 0.56328125 0.346875 0.0859375 0.14453125
1 0.33203125 0.309375 0.0640625 0.153125
1 0.1 0.303125 0.0375 0.071875
1 0.82109375 0.25546875 0.0578125 0.11640625
1 0.76796875 0.25546875 0.0578125 0.09453125
1 0.3 0.28359375 0.071875 0.121875
1 0.86796875 0.265625 0.0640625 0.11953125
1 0.25625 0.284375 0.034375 0.09140625
1 0.71796875 0.2609375 0.0484375 0.0609375
1 0.5046875 0.29296875 0.04375 0.125
1 0.70703125 0.253125 0.0453125 0.05546875