3 0.34921875 0.69609375 0.2578125 0.54140625
2 0.57734375 0.340625 0.0984375 0.18046875
1 0.63203125 0.803125 0.1390625 0.2109375
1 0.6546875 0.45703125 0.1125 0.1640625
1 0.5625 0.69140625 0.121875 0.16640625
1 0.209375 0.33359375 0.084375 0.121875
1 0.8484375 0.746875 0.128125 0.2
1 0.7953125 0.94453125 0.190625 0.10546875
1 0.96171875 0.30703125 0.0734375 0.11953125
1 0.79609375 0.6640625 0.1171875 0.1609375
1 0.88984375 0.2734375 0.0859375 0.13046875
1 0.290625 0.2875 0.075 0.103125
1 0.13203125 0.275 0.0828125 0.13359375
1 0.95703125 0.875 0.0828125 0.24453125
1 0.5203125 0.315625 0.071875 0.125
1 0.47421875 0.5140625 0.0890625 0.171875
1 0.46875 0.29609375 0.0625 0.103125
1 0.38125 0.290625 0.046875 0.0859375
1 0.84140625 0.2625 0.0703125 0.11953125
1 0.43125 0.265625 0.071875 0.11953125
1 0.44609375 0.4015625 0.0984375 0.08046875
1 0.43203125 0.23359375 0.0703125 0.0609375
1 0.346875 0.30546875 0.034375 0.071875
1 0.23984375 0.28046875 0.0453125 0.078125
1 0.70234375 0.275 0.0578125 0.04453125
1 0.43046875 0.3734375 0.0859375 0.09140625
1 0.65859375 0.25859375 0.0328125 0.03359375
1 0.234375 0.65859375 0.0375 0.171875
1 0.9453125 0.23046875 0.06875 0.08359375
1 0.4203125 0.29140625 0.05 0.08359375