3 0.29375 0.2015625 0.1125 0.28046875
5 0.69296875 0.834375 0.1671875 0.28046875
1 0.35390625 0.69140625 0.1296875 0.15546875
1 0.1921875 0.31640625 0.0875 0.1390625
1 0.375 0.328125 0.090625 0.1390625
1 0.50859375 0.6140625 0.1171875 0.15546875
1 0.74375 0.6 0.115625 0.15
1 0.946875 0.875 0.103125 0.21640625
1 0.58671875 0.7265625 0.1296875 0.1859375
1 0.66796875 0.4734375 0.1078125 0.15859375
1 0.890625 0.76953125 0.134375 0.2
1 0.82109375 0.696875 0.1140625 0.1609375
1 0.9734375 0.30390625 0.05 0.14140625
1 0.4171875 0.27890625 0.0875 0.10859375
1 0.59453125 0.38359375 0.0984375 0.15546875
1 0.846875 0.26640625 0.06875 0.121875
1 0.78515625 0.26953125 0.0640625 0.09453125
1 0.921875 0.28046875 0.078125 0.13359375
1 0.54609375 0.36640625 0.0421875 0.121875
1 0.76015625 0.25390625 0.0546875 0.0859375
1 0.70390625 0.2609375 0.0421875 0.05546875
1 0.23046875 0.2625 0.0359375 0.103125
1 0.7234375 0.2640625 0.034375 0.05546875