3 0.43046875 0.746875 0.2578125 0.5
1 0.60703125 0.40703125 0.0984375 0.1640625
1 0.74453125 0.91796875 0.1515625 0.15859375
1 0.22578125 0.3625 0.0953125 0.15859375
1 0.8703125 0.725 0.1375 0.24453125
1 0.778125 0.63359375 0.128125 0.2109375
1 0.67890625 0.859375 0.1421875 0.2140625
1 0.57890625 0.6859375 0.1109375 0.18359375
1 0.9640625 0.896875 0.06875 0.19453125
1 0.43671875 0.45859375 0.1109375 0.1
1 0.55078125 0.35546875 0.0828125 0.121875
1 0.39765625 0.3734375 0.0890625 0.125
1 0.30078125 0.296875 0.0703125 0.09453125
1 0.4953125 0.30859375 0.078125 0.1109375
1 0.92109375 0.278125 0.0765625 0.128125
1 0.96953125 0.3015625 0.0578125 0.13046875
1 0.56171875 0.5609375 0.0984375 0.10546875
1 0.36015625 0.328125 0.0734375 0.11640625
1 0.28125 0.246875 0.065625 0.08359375
1 0.86015625 0.2734375 0.0640625 0.10859375
1 0.41796875 0.27890625 0.0546875 0.09140625
1 0.47265625 0.28046875 0.0734375 0.11640625
1 0.790625 0.259375 0.05625 0.103125
1 0.225 0.27890625 0.078125 0.096875
1 0.73359375 0.25703125 0.0640625 0.09140625
1 0.678125 0.2515625 0.053125 0.05859375
1 0.83828125 0.25859375 0.0640625 0.1109375
1 0.35703125 0.26640625 0.0515625 0.04453125
1 0.99296875 0.934375 0.0109375 0.125
1 0.990625 0.33046875 0.015625 0.1390625