2 0.9265625 0.8390625 0.14375 0.24453125
3 0.09296875 0.2515625 0.1046875 0.203125
1 0.58203125 0.72109375 0.1265625 0.1859375
1 0.72109375 0.58203125 0.1203125 0.18046875
1 0.490625 0.93359375 0.196875 0.128125
1 0.4890625 0.5484375 0.1125 0.18046875
1 0.74140625 0.9265625 0.1578125 0.14140625
1 0.440625 0.4140625 0.096875 0.15546875
1 0.2765625 0.28359375 0.071875 0.09453125
1 0.615625 0.396875 0.096875 0.13359375
1 0.2375 0.396875 0.096875 0.13359375
1 0.5484375 0.34296875 0.09375 0.125
1 0.6703125 0.45390625 0.096875 0.1359375
1 0.9609375 0.30703125 0.075 0.13046875
1 0.4921875 0.2859375 0.075 0.1109375
1 0.90390625 0.284375 0.0703125 0.10859375
1 0.37421875 0.2859375 0.0640625 0.0890625
1 0.403125 0.37109375 0.078125 0.13046875
1 0.91953125 0.975 0.1515625 0.04453125
1 0.76171875 0.271875 0.0671875 0.08359375
1 0.43984375 0.2625 0.0734375 0.10859375
1 0.22734375 0.284375 0.0453125 0.08046875
1 0.8625 0.26953125 0.0625 0.1
1 0.97578125 0.2140625 0.0453125 0.0609375
1 0.8890625 0.22109375 0.046875 0.0359375
1 0.93125 0.23359375 0.04375 0.0390625
1 0.71640625 0.2625 0.0390625 0.046875
1 0.2078125 0.3015625 0.046875 0.0640625
1 0.690625 0.25703125 0.03125 0.04140625
1 0.83046875 0.265625 0.0328125 0.0859375