4 0.33984375 0.60859375 0.1453125 0.3
1 0.4875 0.52109375 0.109375 0.175
1 0.6625 0.4890625 0.1125 0.171875
1 0.9078125 0.83203125 0.13125 0.1859375
1 0.2203125 0.40703125 0.096875 0.13046875
1 0.55390625 0.3359375 0.0953125 0.14453125
1 0.37578125 0.3390625 0.0828125 0.121875
1 0.96015625 0.3015625 0.0765625 0.125
1 0.43046875 0.43203125 0.0984375 0.13046875
1 0.853125 0.71796875 0.14375 0.19140625
1 0.1390625 0.2890625 0.0625 0.09453125
1 0.32109375 0.3 0.0703125 0.10546875
1 0.61953125 0.4234375 0.0921875 0.13046875
1 0.88203125 0.278125 0.0828125 0.128125
1 0.42109375 0.28359375 0.0703125 0.10546875
1 0.2 0.3234375 0.08125 0.11953125
1 0.4953125 0.3109375 0.06875 0.1109375
1 0.815625 0.25390625 0.071875 0.11953125
1 0.25234375 0.2875 0.0453125 0.0859375
1 0.76328125 0.240625 0.0671875 0.1140625
1 0.984375 0.23359375 0.028125 0.08359375
1 0.9015625 0.246875 0.0625 0.0890625
1 0.3046875 0.24453125 0.078125 0.09453125