3 0.40078125 0.2984375 0.1390625 0.353125
2 0.5828125 0.6609375 0.128125 0.19453125
1 0.28828125 0.553125 0.1140625 0.18359375
1 0.88046875 0.7859375 0.1390625 0.221875
1 0.5734375 0.36640625 0.09375 0.14453125
1 0.1390625 0.2890625 0.06875 0.1
1 0.81015625 0.7390625 0.1046875 0.171875
1 0.9234375 0.2875 0.08125 0.1140625
1 0.3125 0.296875 0.0625 0.14453125
1 0.5328125 0.31953125 0.084375 0.13359375
1 0.828125 0.259375 0.06875 0.11953125
1 0.77734375 0.25703125 0.0578125 0.096875
1 0.88359375 0.26796875 0.0703125 0.125
1 0.72734375 0.26640625 0.0515625 0.0609375
1 0.27890625 0.2765625 0.0671875 0.1140625
1 0.2421875 0.2859375 0.034375 0.0890625
1 0.7125 0.253125 0.05 0.05546875
1 0.47578125 0.28046875 0.0390625 0.11640625