3 0.49609375 0.43046875 0.1796875 0.45546875
3 0.15078125 0.20703125 0.1109375 0.25859375
2 0.6640625 0.84453125 0.15625 0.2390625
1 0.31640625 0.7140625 0.1234375 0.171875
1 0.75078125 0.59453125 0.1140625 0.15546875
1 0.3421875 0.315625 0.084375 0.11953125
1 0.19765625 0.30703125 0.0828125 0.13046875
1 0.7078125 0.5 0.11875 0.171875
1 0.890625 0.26796875 0.084375 0.13046875
1 0.61875 0.4015625 0.09375 0.1640625
1 0.98046875 0.29296875 0.0359375 0.1359375
1 0.28671875 0.28046875 0.0609375 0.0890625
1 0.75625 0.2609375 0.071875 0.10546875
1 0.24140625 0.290625 0.0359375 0.08046875
1 0.84375 0.2609375 0.046875 0.11640625
1 0.3890625 0.271875 0.046875 0.10546875
1 0.93515625 0.25546875 0.0359375 0.0890625
1 0.8125 0.2625 0.04375 0.096875
1 0.60859375 0.3109375 0.0765625 0.06640625
1 0.70078125 0.25546875 0.0484375 0.05
1 0.97421875 0.24296875 0.0484375 0.1140625