2 0.43828125 0.26640625 0.0828125 0.13359375
5 0.2953125 0.27890625 0.084375 0.13046875
2 0.6828125 0.528125 0.11875 0.178125
1 0.175 0.290625 0.08125 0.13046875
1 0.53828125 0.33046875 0.0890625 0.11640625
1 0.78671875 0.26640625 0.0734375 0.0890625
1 0.50078125 0.29453125 0.0796875 0.128125
1 0.9046875 0.26640625 0.078125 0.13359375
1 0.9609375 0.284375 0.075 0.1359375
1 0.9859375 0.325 0.025 0.128125
1 0.86796875 0.265625 0.0578125 0.11953125
1 0.68671875 0.26796875 0.0515625 0.0359375
1 0.95625 0.209375 0.05625 0.04140625