5 0.51796875 0.57890625 0.1328125 0.225
5 0.615625 0.3734375 0.115625 0.1859375
1 0.6296875 0.765625 0.1375 0.175
1 0.2109375 0.3859375 0.096875 0.13359375
1 0.28671875 0.590625 0.1171875 0.18046875
1 0.36875 0.75390625 0.128125 0.18046875
1 0.87421875 0.8109375 0.1328125 0.19453125
1 0.76953125 0.93359375 0.1703125 0.128125
1 0.75390625 0.60390625 0.1109375 0.153125
1 0.815625 0.709375 0.125 0.16953125
1 0.88203125 0.278125 0.0765625 0.1109375
1 0.42421875 0.421875 0.0984375 0.128125
1 0.97578125 0.31640625 0.0453125 0.1390625
1 0.646875 0.45390625 0.090625 0.1359375
1 0.1703125 0.30546875 0.071875 0.11640625
1 0.73828125 0.503125 0.1265625 0.18359375
1 0.459375 0.5125 0.084375 0.1640625
1 0.23984375 0.2890625 0.0640625 0.08359375
1 0.128125 0.290625 0.05 0.09140625
1 0.9484375 0.25859375 0.065625 0.0890625
1 0.7203125 0.25859375 0.040625 0.06640625
1 0.75390625 0.2609375 0.0484375 0.09453125