3 0.203125 0.2625 0.146875 0.35859375
1 0.6484375 0.428125 0.103125 0.1609375
1 0.75390625 0.921875 0.1515625 0.15
1 0.42578125 0.425 0.1015625 0.1390625
1 0.50859375 0.5640625 0.1140625 0.15
1 0.77421875 0.63203125 0.1234375 0.18046875
1 0.55859375 0.35546875 0.0890625 0.121875
1 0.71015625 0.85390625 0.1421875 0.21953125
1 0.83359375 0.7375 0.1421875 0.21953125
1 0.4140625 0.359375 0.103125 0.15859375
1 0.56484375 0.70390625 0.1296875 0.203125
1 0.925 0.2890625 0.075 0.11640625
1 0.85546875 0.271875 0.0671875 0.1109375
1 0.7140625 0.25703125 0.0625 0.075
1 0.53203125 0.3140625 0.0765625 0.121875
1 0.80703125 0.265625 0.0578125 0.096875
1 0.9734375 0.30859375 0.05 0.11640625
1 0.4265625 0.2609375 0.08125 0.11640625
1 0.7609375 0.265625 0.034375 0.08046875
1 0.37109375 0.29140625 0.0421875 0.078125
1 0.98125 0.23203125 0.034375 0.053125
1 0.90859375 0.2015625 0.0609375 0.04140625
1 0.9921875 0.33203125 0.0125 0.1359375