3 0.59609375 0.55859375 0.2078125 0.4609375
3 0.3125 0.56640625 0.203125 0.49453125
1 0.9578125 0.89296875 0.08125 0.20859375
1 0.8015625 0.9484375 0.159375 0.096875
1 0.46875 0.47109375 0.103125 0.246875
1 0.890625 0.2734375 0.08125 0.125
1 0.9828125 0.3265625 0.03125 0.11953125
1 0.31484375 0.271875 0.0828125 0.10546875
1 0.415625 0.38046875 0.06875 0.14453125
1 0.9625 0.284375 0.071875 0.13046875
1 0.83828125 0.26796875 0.0546875 0.103125
1 0.8203125 0.253125 0.06875 0.11640625
1 0.57421875 0.31953125 0.0953125 0.078125
1 0.7734375 0.2609375 0.046875 0.09453125
1 0.36015625 0.278125 0.0328125 0.06640625
1 0.74453125 0.2515625 0.0421875 0.08046875
1 0.9453125 0.2140625 0.0625 0.078125
1 0.3859375 0.321875 0.059375 0.05
1 0.68203125 0.2609375 0.0484375 0.0390625
1 0.7171875 0.2515625 0.03125 0.0640625