2 0.271875 0.2625 0.06875 0.125
1 0.3734375 0.8109375 0.140625 0.1890625
1 0.27734375 0.54453125 0.1109375 0.178125
1 0.3359375 0.3 0.084375 0.13359375
1 0.21953125 0.340625 0.0859375 0.125
1 0.68125 0.8765625 0.140625 0.18046875
1 0.80703125 0.2625 0.0734375 0.1140625
1 0.1375 0.2875 0.06875 0.103125
1 0.96640625 0.29140625 0.0640625 0.1390625
1 0.74375 0.9375 0.13125 0.11953125
5 0.92421875 0.79296875 0.1484375 0.2359375
1 0.96171875 0.9140625 0.0734375 0.16640625
1 0.8640625 0.25859375 0.05625 0.1
1 0.72734375 0.26953125 0.0609375 0.06640625
1 0.5265625 0.98046875 0.115625 0.03359375
1 0.92421875 0.27890625 0.0671875 0.13046875
1 0.3875 0.2984375 0.040625 0.075
1 0.85625 0.9484375 0.165625 0.096875
1 0.9140625 0.25390625 0.0625 0.103125
1 0.52734375 0.965625 0.1265625 0.0640625