0 0.78203125 0.18203125 0.1171875 0.24140625
5 0.2671875 0.4859375 0.109375 0.178125
3 0.5875 0.815625 0.315625 0.3640625
1 0.81875 0.7015625 0.13125 0.196875
1 0.1984375 0.34609375 0.084375 0.125
1 0.9328125 0.81640625 0.13125 0.178125
1 0.60703125 0.403125 0.1046875 0.15
1 0.4765625 0.5140625 0.11875 0.178125
1 0.3953125 0.3765625 0.0875 0.125
1 0.9703125 0.92109375 0.05625 0.153125
1 0.509375 0.30546875 0.084375 0.128125
1 0.97109375 0.31953125 0.0546875 0.128125
1 0.1140625 0.290625 0.065625 0.0859375
1 0.3609375 0.3140625 0.084375 0.13359375
1 0.90234375 0.28203125 0.0640625 0.125
3 0.62265625 0.5859375 0.1640625 0.171875
1 0.22890625 0.296875 0.0671875 0.08359375
1 0.471875 0.4125 0.096875 0.1140625
1 0.4609375 0.2734375 0.08125 0.125
1 0.8203125 0.26953125 0.053125 0.10546875
1 0.95703125 0.28359375 0.0828125 0.15
1 0.628125 0.375 0.090625 0.1390625
1 0.515625 0.5765625 0.065625 0.15859375
1 0.40546875 0.2515625 0.0515625 0.06953125
1 0.33828125 0.3375 0.0421875 0.09140625
1 0.7859375 0.24453125 0.06875 0.1109375
8 0.0703125 0.29609375 0.040625 0.0859375
1 0.8625 0.26640625 0.05625 0.121875