3 0.53203125 0.4609375 0.1921875 0.428125
3 0.28359375 0.46796875 0.1828125 0.45859375
1 0.43125 0.9265625 0.15 0.14140625
1 0.86953125 0.76796875 0.1359375 0.2140625
1 0.6859375 0.871875 0.14375 0.2
1 0.79375 0.94296875 0.1625 0.10859375
1 0.971875 0.29296875 0.053125 0.1359375
1 0.8609375 0.271875 0.05 0.10546875
1 0.91015625 0.278125 0.0828125 0.128125
1 0.42109375 0.421875 0.0859375 0.14453125
1 0.840625 0.25546875 0.06875 0.121875
1 0.38359375 0.32109375 0.0703125 0.125
1 0.7875 0.2625 0.05625 0.103125
1 0.4234375 0.3359375 0.08125 0.071875
1 0.75 0.25703125 0.0375 0.08046875
1 0.96015625 0.21640625 0.0671875 0.08359375
1 0.6890625 0.25703125 0.04375 0.046875
1 0.72578125 0.2515625 0.0390625 0.06953125
1 0.99453125 0.34140625 0.0078125 0.121875