3 0.303125 0.196875 0.11875 0.278125
4 0.809375 0.60390625 0.15 0.296875
1 0.4453125 0.8734375 0.178125 0.246875
1 0.675 0.6 0.1125 0.15
1 0.6265625 0.40390625 0.1125 0.15859375
1 0.4859375 0.534375 0.10625 0.153125
1 0.2640625 0.51953125 0.10625 0.15
1 0.8921875 0.271875 0.090625 0.13359375
1 0.13359375 0.28203125 0.0796875 0.11953125
1 0.54140625 0.321875 0.0859375 0.128125
1 0.44375 0.48046875 0.096875 0.14453125
1 0.22890625 0.40546875 0.1015625 0.15
1 0.45 0.2875 0.08125 0.11953125
1 0.82265625 0.246875 0.0765625 0.128125
1 0.43046875 0.396875 0.0953125 0.128125
1 0.08359375 0.2984375 0.0390625 0.0859375
1 0.76171875 0.265625 0.0609375 0.0859375
1 0.9484375 0.24453125 0.05625 0.10546875
1 0.40234375 0.275 0.0578125 0.10546875
1 0.71015625 0.265625 0.0515625 0.05859375
1 0.97421875 0.26796875 0.0484375 0.096875
1 0.3671875 0.290625 0.028125 0.08046875
1 0.2328125 0.29140625 0.05 0.071875
1 0.2640625 0.3515625 0.065625 0.1140625