3 0.12578125 0.21953125 0.1078125 0.24453125
1 0.2875 0.59453125 0.140625 0.21640625
1 0.7875 0.646875 0.1375 0.21640625
1 0.5484375 0.64453125 0.121875 0.16640625
1 0.675 0.515625 0.109375 0.14140625
1 0.3859375 0.34140625 0.08125 0.121875
1 0.4625 0.95546875 0.16875 0.08359375
1 0.959375 0.29453125 0.078125 0.1390625
1 0.86953125 0.825 0.1359375 0.178125
1 0.6 0.390625 0.09375 0.13046875
1 0.47109375 0.2890625 0.0828125 0.128125
1 0.78515625 0.95 0.1578125 0.09453125
1 0.49375 0.5625 0.1125 0.146875
1 0.95703125 0.9015625 0.0828125 0.19140625
1 0.76875 0.2609375 0.075 0.10546875
1 0.33828125 0.29609375 0.0765625 0.125
1 0.27421875 0.290625 0.0671875 0.09140625
1 0.8609375 0.27109375 0.059375 0.0859375
1 0.9203125 0.25 0.06875 0.1109375
1 0.23203125 0.3 0.0328125 0.071875
1 0.41796875 0.2765625 0.0546875 0.096875
1 0.38984375 0.24609375 0.0546875 0.0640625
1 0.8234375 0.265625 0.05 0.09140625