3 0.88203125 0.1875 0.1078125 0.103125
5 0.4828125 0.44609375 0.115625 0.175
1 0.82109375 0.68359375 0.1359375 0.2109375
1 0.209375 0.3484375 0.090625 0.153125
1 0.90078125 0.834375 0.1390625 0.196875
1 0.61484375 0.4 0.0984375 0.1390625
1 0.39453125 0.36640625 0.0859375 0.13359375
1 0.86796875 0.95390625 0.1546875 0.0859375
1 0.83203125 0.2625 0.0734375 0.11953125
1 0.5265625 0.33203125 0.090625 0.11953125
1 0.315625 0.28203125 0.084375 0.14140625
1 0.97734375 0.309375 0.0421875 0.146875
1 0.1546875 0.309375 0.06875 0.10859375
1 0.49140625 0.29296875 0.0796875 0.13046875
1 0.365625 0.321875 0.075 0.121875
1 0.72890625 0.25859375 0.0578125 0.071875
1 0.89921875 0.2734375 0.0734375 0.125
1 0.94375 0.29609375 0.06875 0.125
1 0.125 0.2890625 0.046875 0.09453125
1 0.17734375 0.25546875 0.0609375 0.0609375
1 0.234375 0.26953125 0.04375 0.0890625
1 0.9640625 0.21953125 0.0625 0.05546875
1 0.440625 0.275 0.05625 0.09453125
1 0.7875 0.24609375 0.065625 0.1140625
1 0.6953125 0.259375 0.021875 0.04140625
1 0.27265625 0.26640625 0.0515625 0.1109375