3 0.203125 0.26796875 0.146875 0.36953125
1 0.38203125 0.78046875 0.1296875 0.171875
1 0.61796875 0.753125 0.1359375 0.171875
1 0.521875 0.315625 0.0875 0.1359375
1 0.4234375 0.39296875 0.103125 0.153125
1 0.49765625 0.525 0.1109375 0.15
1 0.690625 0.509375 0.115625 0.16953125
1 0.9046875 0.821875 0.140625 0.1890625
1 0.8265625 0.6765625 0.125 0.175
1 0.4546875 0.26953125 0.075 0.1109375
1 0.834375 0.915625 0.146875 0.1640625
1 0.8015625 0.95390625 0.159375 0.0859375
1 0.790625 0.2625 0.071875 0.103125
1 0.8625 0.265625 0.075 0.11953125
1 0.3859375 0.328125 0.078125 0.128125
1 0.33984375 0.29296875 0.0765625 0.1359375
1 0.72890625 0.2625 0.0578125 0.075
1 0.98125 0.303125 0.034375 0.15546875
1 0.93671875 0.2765625 0.0796875 0.1359375
1 0.29296875 0.275 0.0515625 0.10546875
1 0.40390625 0.253125 0.0453125 0.05