8 0.23203125 0.328125 0.1390625 0.30546875
3 0.71796875 0.68203125 0.2703125 0.40859375
0 0.4046875 0.20390625 0.1125 0.25859375
1 0.28671875 0.54140625 0.1109375 0.1609375
3 0.46796875 0.815625 0.2640625 0.3640625
1 0.93359375 0.84296875 0.1296875 0.18046875
1 0.92734375 0.28046875 0.0890625 0.1390625
1 0.334375 0.3015625 0.078125 0.125
1 0.7828125 0.928125 0.40625 0.1390625
1 0.1078125 0.296875 0.0625 0.0890625
1 0.1546875 0.30390625 0.0375 0.09140625
1 0.9640625 0.24140625 0.053125 0.1
1 0.88984375 0.2734375 0.0484375 0.125
1 0.825 0.2640625 0.05625 0.1
1 0.728125 0.25390625 0.046875 0.0640625
1 0.75703125 0.265625 0.0515625 0.08046875
1 0.8421875 0.2734375 0.0375 0.103125
1 0.990625 0.25703125 0.015625 0.11953125