3 0.25078125 0.3359375 0.1734375 0.4390625
5 0.51953125 0.575 0.1390625 0.2390625
1 0.75 0.63046875 0.125 0.19453125
1 0.6375 0.4265625 0.1125 0.1640625
1 0.88046875 0.27109375 0.0828125 0.125
1 0.9625 0.29296875 0.071875 0.14140625
1 0.73046875 0.53359375 0.1328125 0.19453125
1 0.12421875 0.278125 0.0734375 0.1109375
1 0.96640625 0.890625 0.0640625 0.2140625
1 0.39296875 0.296875 0.0546875 0.078125
1 0.3421875 0.27890625 0.053125 0.13046875
1 0.79296875 0.265625 0.0578125 0.096875
1 0.7015625 0.2609375 0.05625 0.05546875
3 0.08515625 0.23046875 0.0953125 0.2109375
1 0.76484375 0.25390625 0.0578125 0.09140625
1 0.84453125 0.2484375 0.0609375 0.1140625
1 0.978125 0.2125 0.040625 0.053125