0 0.16328125 0.20859375 0.1140625 0.2890625
3 0.5703125 0.58046875 0.203125 0.471875
1 0.3796875 0.871875 0.140625 0.19453125
1 0.3921875 0.371875 0.090625 0.128125
1 0.8609375 0.76796875 0.13125 0.175
1 0.2265625 0.375 0.1 0.15
1 0.82109375 0.6609375 0.1296875 0.19453125
1 0.82109375 0.959375 0.1734375 0.075
1 0.86484375 0.2625 0.0828125 0.125
1 0.7046875 0.5375 0.10625 0.19140625
1 0.2578125 0.271875 0.065625 0.09453125
1 0.31640625 0.28046875 0.0640625 0.1
1 0.375 0.29296875 0.078125 0.125
1 0.5484375 0.28046875 0.090625 0.078125
1 0.73125 0.25703125 0.06875 0.08046875
1 0.98203125 0.30390625 0.0328125 0.13046875
1 0.9625 0.278125 0.071875 0.13359375
1 0.43828125 0.296875 0.0671875 0.1109375
1 0.78828125 0.2640625 0.0421875 0.0890625
1 0.8203125 0.25546875 0.04375 0.1109375
1 0.50546875 0.271875 0.0703125 0.0890625
1 0.690625 0.4234375 0.078125 0.09140625
1 0.4296875 0.2359375 0.05625 0.0390625
1 0.90546875 0.25859375 0.0234375 0.08359375
1 0.978125 0.1890625 0.040625 0.06640625
1 0.94765625 0.24296875 0.0703125 0.1140625
1 0.9921875 0.3375 0.0125 0.13046875