3 0.1015625 0.23046875 0.09375 0.228125
2 0.69921875 0.8734375 0.1609375 0.23046875
8 0.3828125 0.76640625 0.190625 0.38359375
1 0.89140625 0.80703125 0.1328125 0.18046875
1 0.45390625 0.47890625 0.1171875 0.18046875
1 0.2546875 0.4234375 0.103125 0.1640625
1 0.94375 0.2890625 0.090625 0.15
1 0.540625 0.65703125 0.11875 0.15859375
1 0.8265625 0.690625 0.128125 0.1859375
1 0.85 0.2609375 0.08125 0.121875
1 0.76015625 0.59296875 0.1109375 0.1640625
1 0.6359375 0.41796875 0.103125 0.153125
1 0.6984375 0.5015625 0.134375 0.203125
1 0.64296875 0.78203125 0.1359375 0.203125
1 0.58515625 0.365625 0.0859375 0.14140625
1 0.3015625 0.2734375 0.065625 0.1140625
1 0.1625 0.30546875 0.0875 0.14453125
1 0.35234375 0.303125 0.0828125 0.13359375
1 0.3765625 0.346875 0.078125 0.121875
1 0.20390625 0.3640625 0.0921875 0.15
1 0.62265625 0.73203125 0.1359375 0.203125
1 0.8 0.2484375 0.075 0.1359375
1 0.48515625 0.28203125 0.0828125 0.13046875
1 0.54921875 0.3265625 0.0859375 0.153125
1 0.41953125 0.39609375 0.0890625 0.13046875
1 0.2515625 0.2875 0.0625 0.10859375
1 0.98515625 0.2484375 0.0265625 0.10859375
1 0.7109375 0.278125 0.053125 0.04453125
1 0.4234375 0.26796875 0.05625 0.11953125