0 0.440277 0.405146 0.016242 0.024597
0 0.430652 0.387778 0.012633 0.017639
1 0.547223 0.377333 0.014070 0.026944
0 0.454711 0.386701 0.011422 0.016569
1 0.469090 0.360660 0.013711 0.023097
1 0.375082 0.446944 0.028508 0.040417
0 0.576094 0.398187 0.015516 0.021181
0 0.558781 0.411340 0.016938 0.024375
0 0.585113 0.455292 0.021289 0.034000
0 0.600270 0.433799 0.021289 0.030792
0 0.577719 0.575583 0.044031 0.078278
0 0.478918 0.378146 0.010523 0.018708
0 0.198305 0.835646 0.108266 0.133181
0 0.383437 0.706306 0.067125 0.102389
0 0.433457 0.518840 0.031180 0.046181
0 0.381707 0.507674 0.035945 0.046958
0 0.339914 0.492660 0.038109 0.047736
0 0.468547 0.401403 0.013234 0.021389
0 0.446438 0.475451 0.024359 0.033681
0 0.457867 0.436160 0.019547 0.033153
0 0.421176 0.434556 0.021352 0.028861
0 0.409750 0.412639 0.017141 0.023528
