3 0.307840 0.520549 0.046727 0.063903
0 0.456703 0.434069 0.019594 0.024889
3 0.574379 0.392201 0.014195 0.022125
3 0.413434 0.445681 0.021695 0.031528
0 0.526949 0.397729 0.013805 0.019347
0 0.410633 0.411049 0.016094 0.020319
0 0.440023 0.411069 0.016094 0.020361
3 0.469578 0.394382 0.012828 0.020319
0 0.329656 0.854375 0.083984 0.136167
1 0.657023 0.543222 0.106094 0.222944
1 0.778289 0.587562 0.172781 0.264569
0 0.257879 0.718687 0.085383 0.090819
0 0.207023 0.640722 0.079313 0.081694
0 0.573691 0.560639 0.035227 0.062194
0 0.436059 0.505819 0.029164 0.053083
0 0.384504 0.499181 0.032430 0.042306
0 0.577688 0.451819 0.018859 0.032833
0 0.542789 0.458722 0.021000 0.027306
0 0.407824 0.620819 0.049383 0.070472
0 0.375289 0.451069 0.023328 0.030694
