0 0.376184 0.726542 0.080102 0.110028
0 0.417684 0.401833 0.012227 0.023028
0 0.555676 0.370347 0.009461 0.015583
0 0.418785 0.443563 0.022742 0.029125
0 0.441398 0.405097 0.013203 0.023472
0 0.468293 0.407049 0.013695 0.023042
0 0.473797 0.390750 0.012469 0.017389
0 0.459859 0.384021 0.007094 0.017819
0 0.461813 0.367278 0.009047 0.012167
0 0.479297 0.377285 0.010266 0.010431
0 0.442621 0.377715 0.005867 0.026069
1 0.390426 0.407486 0.043758 0.079528
1 0.427586 0.374236 0.026156 0.050417
1 0.452770 0.360979 0.009539 0.021292
3 0.304613 0.520715 0.048164 0.075625
3 0.362063 0.529840 0.052078 0.073014
3 0.451793 0.388576 0.016383 0.031292
0 0.195512 0.647250 0.066445 0.074444
0 0.671266 0.620549 0.058250 0.084153
0 0.703855 0.560681 0.049148 0.063111
0 0.556988 0.492792 0.028570 0.048611
0 0.579598 0.451014 0.021914 0.034889
0 0.542879 0.447444 0.023133 0.035167
0 0.589848 0.414431 0.018930 0.027722
0 0.557430 0.411472 0.016125 0.026806
0 0.574777 0.393389 0.014367 0.018722
0 0.528770 0.396486 0.014195 0.019944
0 0.525703 0.377514 0.011219 0.017444
0 0.184590 0.855986 0.135617 0.187694
0 0.538320 0.368931 0.009813 0.014611
0 0.559703 0.377181 0.009109 0.016167
0 0.451668 0.461819 0.022008 0.036944
0 0.433086 0.497681 0.026406 0.044333
0 0.399348 0.476160 0.025430 0.037819
0 0.357539 0.472243 0.029828 0.035208
0 0.012105 0.929611 0.021852 0.076056
