0 0.433508 0.422222 0.017359 0.025389
0 0.018477 0.892396 0.030953 0.095458
0 0.433527 0.519417 0.030945 0.051778
0 0.364805 0.528319 0.035500 0.040444
0 0.317023 0.520222 0.043688 0.056639
0 0.397570 0.480583 0.028219 0.032361
0 0.404164 0.420368 0.015703 0.025347
0 0.460891 0.428819 0.017562 0.026806
0 0.468328 0.406229 0.013844 0.019097
0 0.475977 0.388424 0.013016 0.016569
0 0.453453 0.391368 0.009297 0.017236
0 0.434230 0.385285 0.005164 0.024986
0 0.457586 0.376292 0.010953 0.014333
0 0.465023 0.371514 0.007641 0.014333
0 0.480727 0.372069 0.008891 0.014694
1 0.368832 0.429201 0.057039 0.101792
1 0.416977 0.384743 0.032234 0.069431
1 0.445078 0.371694 0.012812 0.024972
3 0.444359 0.400354 0.017563 0.036736
3 0.220539 0.610840 0.078281 0.108403
3 0.302000 0.626215 0.075547 0.129458
0 0.830551 0.899674 0.131070 0.182847
0 0.893629 0.782368 0.108320 0.156958
0 0.566437 0.514924 0.033234 0.053569
0 0.580957 0.457465 0.023555 0.037986
0 0.612828 0.445451 0.022281 0.032153
0 0.533016 0.416715 0.015344 0.027931
0 0.553926 0.401132 0.014430 0.020125
0 0.568445 0.385708 0.013516 0.019806
0 0.528359 0.395611 0.014797 0.020778
0 0.545164 0.381653 0.011875 0.020139
0 0.560594 0.376625 0.010594 0.016556
0 0.523703 0.373861 0.009500 0.017528
0 0.408953 0.570389 0.040047 0.063111
