0 0.134184 0.735000 0.099164 0.099750
3 0.170941 0.847222 0.122383 0.162528
3 0.391723 0.424681 0.021836 0.029361
3 0.439457 0.476437 0.025477 0.039319
0 0.455832 0.442347 0.020711 0.022889
0 0.461711 0.419201 0.017359 0.020403
0 0.408941 0.458764 0.021555 0.030861
1 0.541270 0.365139 0.017492 0.042722
1 0.565762 0.371771 0.020289 0.044375
1 0.430109 0.407438 0.023328 0.044375
0 0.559125 0.412236 0.016797 0.025389
0 0.593980 0.467972 0.025477 0.042306
0 0.368859 0.525924 0.035266 0.043597
0 0.321496 0.513083 0.037961 0.043000
0 0.389652 0.664410 0.057242 0.086708
