0 0.468902 0.406146 0.014070 0.021403
0 0.448672 0.391965 0.013344 0.019847
0 0.430543 0.388743 0.012477 0.018042
0 0.475867 0.387708 0.012328 0.017528
0 0.455922 0.380486 0.010734 0.016500
0 0.442145 0.374819 0.009867 0.014444
1 0.450199 0.359576 0.013570 0.023764
1 0.394961 0.452771 0.036344 0.070542
0 0.914391 0.809194 0.111625 0.153000
0 0.684535 0.531826 0.042945 0.060958
0 0.547562 0.380521 0.012109 0.018931
0 0.386684 0.639271 0.053836 0.089819
0 0.187445 0.844035 0.107062 0.134736
0 0.137375 0.732028 0.100750 0.101056
0 0.346086 0.560944 0.041797 0.054000
0 0.427707 0.525875 0.032367 0.047528
0 0.345531 0.473521 0.037172 0.057181
0 0.445043 0.472403 0.026945 0.035639
0 0.452512 0.443278 0.019289 0.030167
0 0.436488 0.413625 0.016242 0.021389
