0 0.368660 0.452437 0.026242 0.025347
1 0.443313 0.367507 0.015859 0.027208
1 0.354613 0.510590 0.056539 0.105125
0 0.470930 0.400208 0.014969 0.020806
0 0.440215 0.407708 0.017211 0.025806
0 0.416199 0.403708 0.015523 0.021389
0 0.461566 0.425368 0.016680 0.024764
0 0.420984 0.437896 0.021391 0.028514
0 0.368660 0.452437 0.026242 0.025347
0 0.441070 0.485847 0.027219 0.042056
0 0.288309 0.535188 0.055289 0.086681
0 0.424777 0.542653 0.038023 0.052667
0 0.639539 0.476486 0.027406 0.038361
0 0.598133 0.428618 0.018859 0.033181
0 0.767121 0.635188 0.066852 0.088986
0 0.384465 0.667486 0.058555 0.090833
0 0.446676 0.391687 0.012602 0.016792
0 0.225043 0.766875 0.090695 0.115861
0 0.432289 0.384708 0.010687 0.016000
0 0.432289 0.384708 0.010687 0.016000
1 0.443313 0.367507 0.015859 0.027208
1 0.354613 0.510590 0.056539 0.105125
0 0.470930 0.400208 0.014969 0.020806
0 0.440215 0.407708 0.017211 0.025806
0 0.416199 0.403708 0.015523 0.021389
0 0.461566 0.425368 0.016680 0.024764
0 0.420984 0.437896 0.021391 0.028514
0 0.441070 0.485847 0.027219 0.042056
0 0.288309 0.535188 0.055289 0.086681
0 0.424777 0.542653 0.038023 0.052667
0 0.639539 0.476486 0.027406 0.038361
0 0.598133 0.428618 0.018859 0.033181
0 0.767121 0.635188 0.066852 0.088986
0 0.384465 0.667486 0.058555 0.090833
0 0.446676 0.391687 0.012602 0.016792
0 0.225043 0.766875 0.090695 0.115861
