0 0.371031 0.769938 0.071969 0.116653
0 0.589547 0.609257 0.049031 0.076514
0 0.647430 0.485347 0.033531 0.043361
0 0.715707 0.587764 0.056695 0.079111
0 0.355918 0.466375 0.041445 0.062056
0 0.956914 0.876799 0.086172 0.192903
1 0.119191 0.721729 0.238383 0.459069
0 0.304570 0.636972 0.059969 0.079028
0 0.274547 0.540139 0.049391 0.072750
0 0.382316 0.495660 0.030055 0.036875
0 0.435656 0.513722 0.030063 0.045917
0 0.411953 0.456903 0.021594 0.031611
0 0.422531 0.433944 0.018203 0.024833
0 0.451320 0.446368 0.022437 0.034625
0 0.606590 0.440361 0.022930 0.032611
0 0.551730 0.463250 0.025398 0.037000
