0 0.403902 0.610951 0.045633 0.066181
0 0.394832 0.427361 0.017070 0.023389
0 0.405469 0.461201 0.023797 0.032347
0 0.449840 0.462951 0.023508 0.038819
0 0.576262 0.401632 0.014227 0.020319
0 0.560047 0.409306 0.015391 0.019083
0 0.538117 0.442069 0.022391 0.031528
0 0.635746 0.559146 0.041148 0.060708
0 0.580906 0.595625 0.039187 0.053250
0 0.433156 0.522868 0.031906 0.044292
0 0.340219 0.576861 0.049828 0.058722
0 0.293051 0.545014 0.048430 0.058722
0 0.546633 0.385549 0.011891 0.015764
3 0.428590 0.421042 0.018195 0.028361
3 0.348504 0.474639 0.033586 0.047278
3 0.593055 0.412625 0.020766 0.038972
