0 0.359738 0.541785 0.038227 0.051153
1 0.423469 0.380278 0.022125 0.038806
1 0.088008 0.877500 0.176016 0.245000
1 0.645566 0.455910 0.070555 0.116653
0 0.556961 0.373958 0.011266 0.013056
0 0.563820 0.385937 0.011766 0.015236
0 0.581582 0.406840 0.014945 0.021347
0 0.532828 0.413375 0.016906 0.026556
0 0.543367 0.439750 0.019844 0.027833
0 0.558750 0.499653 0.031109 0.050528
0 0.441727 0.374097 0.009813 0.013861
0 0.449547 0.387313 0.011109 0.015958
0 0.440848 0.403160 0.014461 0.018903
0 0.459633 0.433160 0.018000 0.024458
0 0.405891 0.412222 0.015719 0.021389
0 0.379949 0.448118 0.023070 0.028681
0 0.415715 0.449243 0.019602 0.032292
0 0.442973 0.490799 0.025523 0.039931
0 0.368828 0.730521 0.067031 0.104097
0 0.368828 0.730521 0.067031 0.104097
0 0.266609 0.568708 0.048328 0.055750
0 0.266609 0.568708 0.048328 0.055750
0 0.422695 0.427014 0.016953 0.022361
