0 0.352160 0.561306 0.044680 0.057500
0 0.569711 0.413090 0.015875 0.026653
0 0.576469 0.397688 0.012937 0.019819
0 0.524145 0.377812 0.011758 0.015681
0 0.744098 0.601965 0.057914 0.081014
0 0.630918 0.528542 0.053211 0.107667
0 0.555070 0.485160 0.024984 0.041819
0 0.614453 0.441778 0.022641 0.033444
0 0.530730 0.398451 0.014945 0.020375
0 0.423012 0.546674 0.042336 0.071069
0 0.387293 0.496500 0.030867 0.039722
0 0.291129 0.563708 0.026461 0.068472
0 0.254812 0.712924 0.079625 0.100347
0 0.348957 0.850813 0.092289 0.155042
0 0.045988 0.829653 0.091977 0.195083
0 0.453305 0.459590 0.021312 0.033097
0 0.429109 0.423583 0.017359 0.023583
0 0.400836 0.421222 0.019188 0.027583
0 0.460824 0.424236 0.017586 0.022500
