0 0.605199 0.437042 0.023805 0.026833
0 0.458758 0.432403 0.020031 0.027861
0 0.430742 0.425431 0.018578 0.024250
0 0.401426 0.423111 0.017992 0.023750
0 0.452078 0.392146 0.009000 0.015486
0 0.467320 0.406340 0.014516 0.022181
0 0.475883 0.391375 0.014797 0.019083
0 0.531617 0.412271 0.014219 0.022708
0 0.551793 0.396535 0.013352 0.020125
0 0.526824 0.392924 0.016258 0.019097
0 0.565871 0.382604 0.011320 0.018069
0 0.543371 0.378986 0.012773 0.016000
0 0.558176 0.373049 0.006961 0.010319
0 0.523488 0.373056 0.010164 0.014444
0 0.456289 0.377958 0.010453 0.013944
0 0.480527 0.374597 0.011320 0.013417
0 0.464707 0.371243 0.008711 0.013931
0 0.469207 0.365056 0.007836 0.010833
3 0.441047 0.400403 0.020031 0.034056
3 0.485316 0.365569 0.008133 0.017028
1 0.364559 0.432660 0.058055 0.100625
1 0.415066 0.384924 0.031930 0.066042
0 0.432633 0.384153 0.006094 0.023222
3 0.204156 0.626215 0.089203 0.126208
3 0.287895 0.655340 0.083742 0.139153
0 0.744812 0.755667 0.092844 0.142389
0 0.827641 0.706312 0.087375 0.124597
0 0.404398 0.583333 0.049156 0.069583
0 0.359797 0.544500 0.036406 0.056639
0 0.310191 0.525889 0.040961 0.055028
0 0.430340 0.526701 0.030039 0.046931
0 0.394605 0.485549 0.031055 0.037153
0 0.560500 0.494063 0.030766 0.045931
0 0.575305 0.444785 0.023219 0.034069
