0 0.469379 0.403708 0.014398 0.022194
0 0.435844 0.502194 0.028187 0.043194
0 0.264414 0.561736 0.063828 0.100333
0 0.416082 0.575472 0.044008 0.060917
0 0.587418 0.415000 0.014695 0.023639
0 0.617512 0.449840 0.020758 0.031931
0 0.697063 0.550625 0.046422 0.058472
0 0.649500 0.804319 0.094813 0.185750
0 0.361105 0.744118 0.074008 0.114375
0 0.148965 0.898917 0.126789 0.164250
0 0.460246 0.431694 0.018273 0.027306
1 0.338336 0.535056 0.062594 0.121306
1 0.441125 0.369403 0.017547 0.030000
0 0.456496 0.381014 0.011133 0.018000
0 0.429551 0.387507 0.012602 0.017403
0 0.443613 0.396111 0.013945 0.019806
0 0.436977 0.411611 0.016422 0.024000
0 0.412168 0.409708 0.016539 0.023389
0 0.414949 0.447590 0.021383 0.028681
0 0.359547 0.465215 0.026828 0.033514
0 0.435844 0.502194 0.028187 0.043194
0 0.264414 0.561736 0.063828 0.100333
0 0.361105 0.744118 0.074008 0.114375
0 0.148965 0.898917 0.126789 0.164250
0 0.416082 0.575472 0.044008 0.060917
0 0.587418 0.415000 0.014695 0.023639
0 0.617512 0.449840 0.020758 0.031931
0 0.697063 0.550625 0.046422 0.058472
0 0.649500 0.804319 0.094813 0.185750
0 0.460246 0.431694 0.018273 0.027306
1 0.338336 0.535056 0.062594 0.121306
1 0.441125 0.369403 0.017547 0.030000
0 0.456496 0.381014 0.011133 0.018000
0 0.429551 0.387507 0.012602 0.017403
0 0.443613 0.396111 0.013945 0.019806
0 0.469379 0.403708 0.014398 0.022194
0 0.436977 0.411611 0.016422 0.024000
0 0.412168 0.409708 0.016539 0.023389
0 0.414949 0.447590 0.021383 0.028681
0 0.359547 0.465215 0.026828 0.033514
