0 0.431445 0.387049 0.012734 0.017819
0 0.476453 0.385563 0.012531 0.017819
0 0.457133 0.378514 0.010234 0.014111
0 0.442930 0.373688 0.008562 0.013375
1 0.451133 0.358889 0.012531 0.022278
1 0.399387 0.448222 0.036336 0.070833
1 0.551883 0.356222 0.014031 0.032083
0 0.449930 0.390576 0.012953 0.019681
0 0.469875 0.403389 0.013578 0.020056
0 0.438027 0.410812 0.015039 0.022264
0 0.446477 0.466306 0.024563 0.033861
0 0.350363 0.468986 0.035336 0.052583
0 0.431344 0.515389 0.033984 0.049722
0 0.353902 0.546132 0.040898 0.050264
0 0.395555 0.614833 0.049625 0.082861
0 0.166246 0.699035 0.090227 0.096236
0 0.219625 0.784313 0.091125 0.116014
0 0.549340 0.385007 0.012945 0.020792
0 0.709148 0.562236 0.049797 0.069278
0 0.986793 0.934917 0.026414 0.121944
0 0.453375 0.438840 0.018594 0.027847
