0 0.454043 0.449993 0.021367 0.029708
0 0.549910 0.472514 0.026289 0.041750
0 0.443883 0.400535 0.012906 0.021069
0 0.570055 0.538840 0.036406 0.055014
0 0.764836 0.633493 0.071000 0.085764
0 0.762105 0.775896 0.101945 0.156958
0 0.593020 0.476562 0.026992 0.042375
1 0.430980 0.370264 0.025602 0.050778
1 0.395754 0.403354 0.041461 0.076347
3 0.452453 0.384556 0.014813 0.032722
3 0.373121 0.509417 0.039773 0.064306
3 0.322766 0.502840 0.042734 0.063931
0 0.463242 0.368007 0.009734 0.011653
0 0.480699 0.375903 0.010367 0.016167
0 0.474453 0.387563 0.011844 0.017681
0 0.445258 0.372139 0.004234 0.022194
0 0.460914 0.380979 0.005922 0.015792
0 0.424105 0.436076 0.019461 0.026708
0 0.469168 0.401292 0.013961 0.021806
0 0.564102 0.422972 0.020328 0.027417
0 0.420719 0.398465 0.011844 0.017681
0 0.600121 0.424840 0.021914 0.031153
0 0.579879 0.400382 0.014727 0.019625
0 0.531328 0.407861 0.013672 0.022750
0 0.527473 0.382306 0.012273 0.022750
0 0.539652 0.372028 0.009289 0.014028
0 0.562703 0.380597 0.009109 0.016833
0 0.557879 0.374208 0.009289 0.015278
0 0.061254 0.841424 0.116508 0.165042
0 0.291535 0.957118 0.120148 0.079292
0 0.239652 0.749187 0.101945 0.152097
0 0.225547 0.613264 0.055516 0.077667
0 0.390289 0.660194 0.057344 0.097083
0 0.366453 0.460340 0.028141 0.031597
0 0.406648 0.466354 0.025172 0.033847
0 0.437324 0.484785 0.026023 0.041375
