0 0.546457 0.458451 0.023227 0.033458
0 0.462375 0.425000 0.016172 0.023000
0 0.323562 0.500306 0.057984 0.076222
0 0.532930 0.408278 0.015578 0.023000
0 0.580266 0.406708 0.016172 0.021944
0 0.603930 0.431535 0.021172 0.028736
0 0.618922 0.470993 0.028812 0.040764
0 0.442969 0.478576 0.030281 0.051736
0 0.410781 0.455313 0.025281 0.029264
0 0.393582 0.489549 0.025570 0.038153
0 0.416805 0.593556 0.041453 0.068472
0 0.347574 0.551743 0.043508 0.051736
0 0.712414 0.937528 0.112656 0.124944
0 0.207309 0.614583 0.071617 0.099722
0 0.186637 0.859493 0.121711 0.158681
1 0.051797 0.792264 0.103594 0.386833
