0 0.441895 0.402431 0.016539 0.022278
1 0.408410 0.410222 0.021023 0.030472
0 0.085168 0.954736 0.151180 0.090528
0 0.298473 0.654340 0.063227 0.079292
0 0.227016 0.638167 0.056297 0.094694
0 0.361918 0.541903 0.038539 0.054583
0 0.444199 0.491854 0.028148 0.039181
0 0.455992 0.442347 0.017922 0.026611
0 0.421359 0.440799 0.019672 0.027236
0 0.388555 0.436160 0.024016 0.031569
0 0.460434 0.425021 0.015664 0.022903
0 0.466695 0.403979 0.015312 0.024125
0 0.429625 0.388667 0.012875 0.018250
0 0.454250 0.383563 0.012359 0.019792
0 0.477051 0.382326 0.010961 0.017319
0 0.521867 0.366639 0.010266 0.016083
0 0.526215 0.380556 0.012352 0.017944
0 0.556238 0.373139 0.011133 0.015472
0 0.565289 0.383035 0.012531 0.017958
0 0.555105 0.391701 0.014102 0.021042
0 0.538836 0.425264 0.016359 0.026917
0 0.587648 0.410882 0.016187 0.024125
0 0.644387 0.484056 0.029414 0.044250
0 0.677484 0.628472 0.060625 0.097000
0 0.782719 0.654653 0.075359 0.100083
1 0.396824 0.634583 0.060164 0.108556
1 0.584027 0.443910 0.030070 0.062542
