0 0.392844 0.487333 0.028172 0.037889
0 0.525164 0.381146 0.012250 0.017847
0 0.532023 0.405535 0.016172 0.023958
0 0.564605 0.387243 0.011273 0.016986
0 0.579305 0.400306 0.013719 0.018722
0 0.576977 0.420993 0.018375 0.023514
0 0.623402 0.453222 0.024008 0.033972
0 0.563527 0.515424 0.027930 0.047903
0 0.660027 0.574611 0.066148 0.135889
0 0.802289 0.670340 0.074234 0.101486
0 0.370617 0.773479 0.075188 0.122819
0 0.281207 0.667361 0.067055 0.085806
0 0.068664 0.768625 0.130813 0.169333
0 0.304023 0.550104 0.022656 0.063875
0 0.363148 0.542340 0.040422 0.052986
0 0.426738 0.532535 0.038586 0.070403
0 0.455242 0.450437 0.018625 0.027875
0 0.462543 0.419604 0.015680 0.020042
0 0.430816 0.421125 0.017398 0.025694
0 0.403988 0.418076 0.018617 0.026569
