3 0.440441 0.474458 0.024961 0.039806
3 0.392969 0.424069 0.020063 0.036083
3 0.185680 0.821951 0.113609 0.150542
0 0.596582 0.472896 0.027148 0.038819
0 0.560191 0.412931 0.014273 0.022389
0 0.410094 0.457833 0.019828 0.029444
0 0.455609 0.440243 0.016094 0.025292
0 0.462840 0.419299 0.017492 0.020736
1 0.431113 0.406236 0.025430 0.046028
1 0.565480 0.371812 0.021695 0.044375
1 0.541922 0.366632 0.018891 0.040653
0 0.324297 0.511333 0.036625 0.041472
0 0.371184 0.521069 0.031492 0.041889
0 0.391836 0.652347 0.052062 0.081222
0 0.144926 0.718938 0.098914 0.097458
