0 0.209598 0.644049 0.071211 0.081819
0 0.459594 0.429000 0.016797 0.017917
1 0.545418 0.372563 0.018477 0.045986
1 0.573469 0.377938 0.023516 0.051958
1 0.436414 0.400333 0.020828 0.046583
0 0.418609 0.444826 0.019484 0.029264
0 0.571789 0.434674 0.017469 0.030458
0 0.466984 0.411979 0.018141 0.017319
3 0.399461 0.413771 0.021500 0.032847
3 0.446492 0.456465 0.022844 0.032236
3 0.262844 0.691882 0.075250 0.106903
0 0.632930 0.537083 0.038297 0.065694
0 0.385016 0.497667 0.026875 0.041806
0 0.411926 0.591667 0.042992 0.064500
0 0.342727 0.489257 0.032922 0.036431
