0 0.525125 0.373653 0.010625 0.018028
0 0.572711 0.437847 0.023187 0.033917
0 0.538891 0.430549 0.023672 0.030486
0 0.551453 0.472847 0.027531 0.044667
0 0.676449 0.527167 0.042273 0.060556
0 0.639977 0.567312 0.045172 0.069569
0 0.686742 0.894014 0.111047 0.210361
3 0.296723 0.529931 0.057336 0.064722
3 0.354793 0.533167 0.051883 0.076056
0 0.136805 0.919090 0.158375 0.139153
0 0.169570 0.682035 0.081922 0.092236
0 0.358891 0.777514 0.085562 0.134306
0 0.350914 0.479042 0.033906 0.038778
0 0.395609 0.486215 0.029875 0.042153
0 0.429641 0.509188 0.032484 0.051847
0 0.449082 0.472931 0.025367 0.037528
0 0.416477 0.448271 0.026078 0.032875
0 0.415770 0.406326 0.012805 0.028236
0 0.440426 0.408639 0.017070 0.028667
0 0.467816 0.409486 0.019211 0.026139
0 0.472320 0.393472 0.013047 0.019389
0 0.458449 0.385458 0.006164 0.017694
0 0.441730 0.375340 0.004508 0.020236
0 0.462359 0.369646 0.010672 0.013069
0 0.478723 0.381035 0.011148 0.014764
1 0.386602 0.410958 0.046953 0.081361
1 0.426316 0.375340 0.028695 0.054792
3 0.449910 0.388347 0.012742 0.032361
0 0.537684 0.366778 0.009664 0.011167
0 0.554113 0.366139 0.008211 0.012444
0 0.558336 0.373868 0.010391 0.015042
0 0.527906 0.392125 0.014250 0.020611
0 0.570656 0.388896 0.013766 0.021042
0 0.584785 0.406285 0.016430 0.026625
0 0.554109 0.402854 0.017391 0.026625
