0 0.306066 0.917639 0.103773 0.162833
0 0.260715 0.586812 0.051914 0.067486
0 0.293977 0.663083 0.066828 0.089583
0 0.416145 0.571889 0.036367 0.063056
0 0.408219 0.460257 0.024250 0.035431
0 0.445984 0.471590 0.021453 0.032653
0 0.612137 0.443958 0.016164 0.030444
0 0.606855 0.497285 0.023008 0.044264
0 0.553852 0.488167 0.027047 0.045917
0 0.681953 0.525722 0.037719 0.061083
0 0.536012 0.404632 0.018961 0.033708
0 0.578906 0.417076 0.023938 0.028736
0 0.808531 0.683521 0.068328 0.102097
4 0.365160 0.522986 0.045695 0.090139
3 0.374703 0.439764 0.019016 0.036833
4 0.646738 0.603313 0.079930 0.173153
1 0.406879 0.411562 0.022023 0.038764
0 0.429059 0.421368 0.017070 0.022681
0 0.458418 0.422514 0.017070 0.026528
1 0.328348 0.466785 0.080570 0.146514
1 0.091738 0.766083 0.182555 0.441417
