0 0.465480 0.413972 0.018273 0.015556
3 0.345547 0.554104 0.043000 0.060319
3 0.454883 0.429694 0.016531 0.031111
3 0.411340 0.402563 0.016133 0.023847
3 0.069258 0.802368 0.138516 0.180597
0 0.294484 0.545743 0.045688 0.056736
0 0.637227 0.549389 0.039641 0.056139
0 0.526074 0.398236 0.013773 0.019111
0 0.372148 0.453715 0.023719 0.029375
0 0.410656 0.457500 0.022156 0.028056
0 0.435152 0.510569 0.030711 0.046306
0 0.432043 0.420368 0.017883 0.022125
0 0.470434 0.398243 0.013023 0.014514
0 0.337930 0.847229 0.106906 0.178014
1 0.556203 0.388500 0.026203 0.063306
1 0.593492 0.401639 0.034938 0.070472
1 0.444008 0.386708 0.019484 0.039417
0 0.250855 0.736285 0.083680 0.116097
