0 0.428336 0.426146 0.018703 0.024458
0 0.524133 0.377875 0.012250 0.014806
0 0.530258 0.397479 0.014203 0.020042
0 0.460289 0.425181 0.016844 0.022028
0 0.575461 0.396389 0.012984 0.018722
0 0.569332 0.411417 0.014945 0.023528
0 0.610734 0.439292 0.021312 0.032222
0 0.552063 0.478924 0.023516 0.039208
0 0.626488 0.518819 0.048992 0.101917
0 0.732176 0.589028 0.053164 0.075778
0 0.342113 0.870382 0.095008 0.151736
0 0.246867 0.725882 0.081281 0.104764
0 0.040246 0.838236 0.080492 0.179722
0 0.287742 0.569806 0.026813 0.071500
0 0.348949 0.565417 0.044805 0.058944
0 0.421250 0.553833 0.046250 0.080944
0 0.384230 0.497993 0.032102 0.042014
0 0.399637 0.422139 0.019398 0.024500
0 0.452527 0.459424 0.021164 0.029486
