3 0.363797 0.451528 0.024281 0.037222
1 0.302937 0.481104 0.096656 0.156847
0 0.225363 0.630458 0.064992 0.081278
0 0.244703 0.749347 0.090781 0.110861
0 0.401473 0.623604 0.043680 0.078986
0 0.399813 0.472736 0.024625 0.033222
0 0.425348 0.427972 0.020555 0.028583
0 0.455934 0.432611 0.018320 0.032556
0 0.439520 0.489979 0.027273 0.041181
0 0.543410 0.449854 0.022414 0.036542
0 0.641332 0.480028 0.028758 0.045167
0 0.595465 0.423861 0.015242 0.021833
1 0.054324 0.801819 0.108648 0.382861
0 0.711270 0.563590 0.044055 0.063736
4 0.592836 0.507882 0.048156 0.104847
1 0.401680 0.415701 0.026859 0.039847
4 0.344324 0.558306 0.056852 0.110694
