0 0.614477 0.449903 0.023281 0.033111
0 0.453445 0.442764 0.025500 0.037083
0 0.611090 0.677187 0.062227 0.102347
0 0.749094 0.628271 0.067312 0.094819
0 0.438688 0.502451 0.027438 0.044264
0 0.414449 0.452646 0.022961 0.028986
0 0.425297 0.431597 0.019141 0.025194
0 0.359859 0.463354 0.040422 0.063153
0 0.556898 0.481514 0.026672 0.042139
0 0.658289 0.499569 0.036406 0.048167
0 0.386871 0.488451 0.029461 0.037931
0 0.282984 0.531806 0.046234 0.068639
0 0.318547 0.615792 0.057406 0.068639
0 0.383414 0.730403 0.066547 0.111083
1 0.126738 0.689090 0.253477 0.418236
