0 0.400914 0.471688 0.026156 0.033903
0 0.433797 0.492764 0.027375 0.037806
0 0.360695 0.470167 0.031297 0.030861
0 0.024395 0.908576 0.040961 0.137542
0 0.201426 0.640778 0.065539 0.077667
0 0.376184 0.710354 0.069180 0.122986
0 0.199605 0.830910 0.134711 0.169903
1 0.453113 0.365410 0.012227 0.023042
1 0.427926 0.372368 0.027383 0.055208
0 0.558109 0.412778 0.019625 0.028972
0 0.591059 0.413556 0.019273 0.028667
0 0.575637 0.395333 0.012617 0.019639
0 0.530066 0.400319 0.014023 0.024611
0 0.525859 0.377569 0.009812 0.018389
0 0.560211 0.377569 0.009813 0.018389
0 0.538918 0.369472 0.009633 0.013389
0 0.556797 0.370722 0.008234 0.015889
3 0.451523 0.388014 0.015891 0.032611
3 0.365219 0.524924 0.046703 0.064764
3 0.308719 0.515368 0.046203 0.065625
0 0.480125 0.377146 0.010516 0.015208
0 0.462281 0.368896 0.009531 0.011736
1 0.390398 0.405611 0.044250 0.082583
0 0.459344 0.382799 0.006109 0.013486
0 0.473160 0.390840 0.011242 0.013042
0 0.469000 0.405611 0.016625 0.023472
0 0.442109 0.401924 0.016625 0.023042
0 0.442723 0.374542 0.005133 0.022167
0 0.418762 0.402576 0.011977 0.024347
0 0.452133 0.460819 0.022984 0.034778
0 0.419008 0.444083 0.022250 0.028250
0 0.681281 0.644014 0.063719 0.101944
0 0.711137 0.572812 0.052789 0.067958
0 0.559340 0.497062 0.029445 0.044875
0 0.581680 0.452819 0.021906 0.035528
0 0.544879 0.448146 0.024008 0.036153
