0 0.410035 0.576562 0.043367 0.061903
3 0.402094 0.410375 0.012953 0.031778
0 0.462180 0.424861 0.018344 0.020444
0 0.809270 0.687132 0.065164 0.103125
0 0.665734 0.524479 0.041031 0.051458
0 0.578227 0.528069 0.037609 0.053111
0 0.247953 0.744861 0.094000 0.103444
0 0.379027 0.515778 0.032336 0.047528
0 0.336285 0.498090 0.030148 0.040903
0 0.444930 0.472944 0.025484 0.032611
0 0.428453 0.423757 0.018031 0.021542
0 0.613879 0.445035 0.021445 0.029847
1 0.233457 0.557715 0.158164 0.229903
1 0.371312 0.421139 0.054469 0.092917
0 0.552012 0.394562 0.013961 0.018736
0 0.532043 0.401875 0.016414 0.018722
0 0.582906 0.408049 0.014109 0.021375
0 0.559980 0.415076 0.015289 0.020903
4 0.407160 0.455535 0.030773 0.053042
