0 0.530102 0.402410 0.013969 0.021069
3 0.337762 0.476868 0.030711 0.050931
1 0.383766 0.427715 0.027984 0.047375
4 0.276480 0.665201 0.102648 0.150431
4 0.550953 0.428903 0.028047 0.061583
0 0.102898 0.778292 0.107359 0.118417
0 0.357414 0.777708 0.070016 0.112528
0 0.424703 0.552076 0.035375 0.056847
0 0.378102 0.511813 0.035312 0.049736
0 0.412379 0.447854 0.021383 0.033153
0 0.436727 0.408771 0.017984 0.021319
0 0.432699 0.428910 0.019383 0.021319
0 0.461680 0.417653 0.017391 0.031972
0 0.451352 0.450812 0.020719 0.027236
0 0.598586 0.427125 0.020719 0.029611
0 0.628566 0.466806 0.024711 0.037889
0 0.720840 0.579910 0.054695 0.069875
1 0.252492 0.530208 0.147953 0.204861
0 0.929703 0.833375 0.131312 0.188306
