1 0.064070 0.791875 0.128141 0.416250
0 0.396258 0.483632 0.027875 0.038875
0 0.412133 0.452896 0.021516 0.027597
0 0.443883 0.473285 0.029984 0.049542
0 0.534902 0.411819 0.017289 0.021944
0 0.548129 0.468576 0.025398 0.035125
0 0.208070 0.815444 0.105828 0.139222
0 0.607926 0.436910 0.021523 0.029486
0 0.582883 0.410569 0.015172 0.019444
0 0.626977 0.479243 0.030687 0.045153
0 0.717645 0.562660 0.050445 0.068986
0 0.328055 0.495951 0.055125 0.075486
0 0.420070 0.580535 0.042328 0.063347
0 0.353926 0.542583 0.040570 0.047667
0 0.217172 0.602458 0.067312 0.095583
