0 0.437992 0.381021 0.007578 0.023097
0 0.456285 0.389104 0.009961 0.016153
0 0.469707 0.400840 0.012555 0.019625
0 0.477281 0.383910 0.012984 0.016542
0 0.458230 0.375062 0.011258 0.011931
0 0.466891 0.369479 0.009094 0.011542
0 0.481938 0.371021 0.008875 0.014625
1 0.375539 0.421431 0.053687 0.092361
1 0.447516 0.368514 0.013203 0.026556
1 0.422078 0.380257 0.034641 0.062347
0 0.531301 0.408535 0.016523 0.028792
0 0.547660 0.388660 0.012961 0.017847
0 0.553816 0.368208 0.008430 0.012667
0 0.586164 0.576861 0.044594 0.074444
0 0.595211 0.481833 0.027703 0.042917
0 0.628828 0.467000 0.027219 0.036861
0 0.537453 0.431292 0.018797 0.032833
0 0.558676 0.411125 0.015555 0.024778
0 0.573582 0.391972 0.015555 0.019306
0 0.563621 0.380889 0.011180 0.017278
0 0.525062 0.379882 0.011828 0.017569
0 0.418508 0.542069 0.040953 0.064722
0 0.294266 0.968444 0.112859 0.053389
0 0.060801 0.816340 0.113773 0.131069
3 0.252398 0.574431 0.072812 0.097083
3 0.327031 0.597090 0.069172 0.106792
3 0.446434 0.395451 0.016242 0.032708
0 0.331809 0.503014 0.036805 0.042333
0 0.378676 0.511292 0.031383 0.040417
0 0.404758 0.469535 0.026844 0.036181
0 0.439723 0.501674 0.029227 0.043486
0 0.462777 0.421618 0.017758 0.025014
0 0.436910 0.417007 0.018398 0.024236
0 0.408227 0.415076 0.016016 0.025014
