0 0.528668 0.395861 0.013398 0.019056
0 0.472762 0.392472 0.013961 0.019028
0 0.479742 0.379028 0.012094 0.014472
0 0.442508 0.373236 0.006984 0.016139
0 0.462289 0.371583 0.009313 0.014472
1 0.389566 0.406951 0.042586 0.078597
1 0.428547 0.373861 0.027922 0.053778
1 0.452051 0.364965 0.010711 0.020264
3 0.304633 0.520715 0.050500 0.067847
3 0.359539 0.532299 0.046328 0.076125
3 0.450188 0.389785 0.016750 0.035153
0 0.538043 0.368688 0.008820 0.018486
0 0.559316 0.374576 0.010398 0.014569
0 0.555063 0.367146 0.008828 0.011486
0 0.662438 0.607604 0.053703 0.088986
0 0.525988 0.375132 0.011195 0.014569
0 0.573738 0.392924 0.013086 0.018208
0 0.556090 0.409451 0.015602 0.023819
0 0.588707 0.411417 0.017492 0.023250
0 0.576734 0.446292 0.021906 0.032500
0 0.541668 0.442507 0.025523 0.034458
0 0.554434 0.483979 0.026477 0.044542
0 0.696117 0.550972 0.046422 0.069583
0 0.176398 0.877826 0.144719 0.208736
0 0.370723 0.737056 0.080102 0.118111
0 0.186863 0.654535 0.080102 0.085764
0 0.357453 0.472104 0.030484 0.040958
0 0.399227 0.480174 0.030719 0.039708
0 0.431805 0.499618 0.030719 0.047153
0 0.450305 0.465076 0.024437 0.036819
0 0.418191 0.445424 0.023508 0.029792
0 0.417027 0.402403 0.015586 0.023167
0 0.441578 0.406333 0.016750 0.024417
0 0.468105 0.407160 0.014430 0.021097
0 0.459148 0.384201 0.006281 0.014069
