3 0.369477 0.518056 0.042391 0.067444
0 0.474270 0.389201 0.012648 0.012069
0 0.048965 0.877833 0.088289 0.147250
0 0.222359 0.775889 0.105578 0.140778
0 0.214625 0.627021 0.060984 0.079292
0 0.386648 0.677993 0.060984 0.097097
0 0.363855 0.465389 0.027867 0.037056
0 0.404605 0.468931 0.025992 0.036639
0 0.434344 0.487243 0.025063 0.039958
0 0.422750 0.439778 0.021547 0.029972
0 0.453313 0.454972 0.022719 0.032889
0 0.442656 0.404396 0.014047 0.023319
0 0.419590 0.398986 0.011008 0.022472
0 0.469586 0.403562 0.016391 0.016653
0 0.459402 0.380458 0.006320 0.012917
0 0.444297 0.372132 0.006094 0.022903
0 0.463730 0.369632 0.009367 0.014569
0 0.479773 0.376924 0.011469 0.015819
3 0.316785 0.507222 0.044727 0.068278
3 0.452258 0.386292 0.016391 0.033722
1 0.393598 0.405021 0.041914 0.076181
1 0.429777 0.368590 0.025289 0.045792
1 0.454012 0.362354 0.010539 0.020819
0 0.723605 0.710361 0.077367 0.121361
0 0.741629 0.607604 0.066445 0.079292
0 0.565504 0.518611 0.036414 0.056639
0 0.547586 0.461986 0.024969 0.038222
0 0.588141 0.465451 0.026125 0.038486
0 0.596660 0.421576 0.019773 0.027708
0 0.561730 0.418493 0.018039 0.025653
0 0.530625 0.402201 0.013281 0.022319
0 0.578113 0.398611 0.013852 0.019250
0 0.526871 0.381160 0.012992 0.016681
0 0.539430 0.369736 0.008656 0.010778
0 0.562523 0.379111 0.009234 0.016167
0 0.557109 0.371285 0.011688 0.013347
