0 0.419441 0.433819 0.017914 0.030694
1 0.288191 0.490111 0.111227 0.171861
0 0.190762 0.674938 0.078711 0.087625
0 0.391488 0.486785 0.029789 0.040681
0 0.434875 0.509806 0.028500 0.042972
0 0.453875 0.438042 0.018562 0.031472
4 0.572172 0.467972 0.040578 0.083667
4 0.322430 0.593021 0.068297 0.120069
3 0.355758 0.459882 0.026984 0.045236
1 0.393859 0.421375 0.025469 0.044194
0 0.536227 0.426556 0.020078 0.033833
0 0.619449 0.455118 0.027195 0.042597
0 0.667930 0.516979 0.037125 0.053764
0 0.586066 0.411792 0.013070 0.021778
0 0.874109 0.774826 0.110688 0.143153
0 0.389504 0.671687 0.051133 0.096403
0 0.189133 0.847035 0.125297 0.147319
