0 0.413594 0.405396 0.017297 0.020042
3 0.578270 0.398354 0.017102 0.026264
3 0.321992 0.505549 0.042266 0.060208
3 0.418473 0.437750 0.022164 0.029028
0 0.550563 0.390396 0.011844 0.015208
1 0.887422 0.694472 0.225156 0.393833
0 0.391449 0.485611 0.032664 0.039750
0 0.382316 0.442764 0.021383 0.027306
0 0.442969 0.405090 0.012828 0.017625
0 0.441410 0.489590 0.027211 0.044931
0 0.529473 0.406812 0.015164 0.023847
0 0.458809 0.426000 0.016914 0.022806
0 0.361535 0.750167 0.066180 0.100333
0 0.290422 0.665007 0.070547 0.082403
0 0.238855 0.608576 0.067523 0.077042
0 0.416895 0.584431 0.041711 0.058722
0 0.596113 0.638646 0.052492 0.096208
0 0.588184 0.473000 0.025273 0.039389
0 0.549887 0.482500 0.024102 0.032139
1 0.710422 0.625097 0.166484 0.326917
