0 0.449992 0.456410 0.022281 0.031819
3 0.382539 0.430771 0.017406 0.035681
1 0.413352 0.404153 0.023250 0.036806
4 0.766691 0.817354 0.179242 0.365292
4 0.378684 0.501757 0.040727 0.081847
0 0.414770 0.449063 0.021602 0.028014
0 0.742852 0.595382 0.062672 0.101458
0 0.963438 0.890868 0.073125 0.218264
1 0.338945 0.449993 0.074609 0.122625
0 0.460430 0.414549 0.016641 0.024014
0 0.539875 0.420549 0.016063 0.025347
0 0.580719 0.403222 0.014094 0.022139
0 0.591160 0.433611 0.020227 0.030444
0 0.285582 0.557583 0.042273 0.057528
0 0.325684 0.612292 0.055336 0.075222
0 0.425313 0.540722 0.033266 0.052556
0 0.349020 0.778715 0.078430 0.119375
0 0.634023 0.471646 0.023313 0.038736
0 0.573660 0.554556 0.040586 0.068306
0 0.641445 0.557813 0.039719 0.064097
0 0.433734 0.413750 0.015453 0.022417
1 0.114965 0.744958 0.229930 0.470889
