0 0.367957 0.460313 0.025758 0.033347
3 0.467477 0.397354 0.013156 0.022903
3 0.407848 0.454833 0.024352 0.035333
3 0.291816 0.539986 0.052914 0.072667
0 0.525102 0.389736 0.013766 0.022389
0 0.537727 0.440403 0.016797 0.023889
0 0.569977 0.435625 0.016797 0.031056
0 0.559898 0.513563 0.030234 0.051958
0 0.431223 0.526049 0.034992 0.063708
0 0.375379 0.514354 0.035836 0.049264
0 0.394695 0.671368 0.057109 0.084597
0 0.168617 0.686743 0.096750 0.097931
0 0.284719 0.959590 0.109750 0.080819
0 0.213965 0.801465 0.107836 0.130181
1 0.721176 0.529208 0.125633 0.195278
1 0.625809 0.496833 0.077930 0.164833
0 0.435703 0.415771 0.014000 0.021903
0 0.406324 0.414521 0.018445 0.020403
3 0.569773 0.387458 0.012594 0.023639
0 0.454891 0.440403 0.019906 0.027361
