0 0.162523 0.892458 0.128187 0.157361
0 0.263766 0.580250 0.054312 0.064694
0 0.360313 0.468653 0.029625 0.030694
0 0.400074 0.472174 0.025164 0.032764
0 0.427840 0.535674 0.035055 0.051597
0 0.756484 0.736437 0.090297 0.140458
0 0.598281 0.479687 0.026125 0.036486
0 0.523992 0.386458 0.015359 0.019361
0 0.469172 0.404778 0.014187 0.016583
0 0.462852 0.419986 0.014000 0.019361
0 0.426887 0.429493 0.018273 0.023847
1 0.581855 0.390514 0.028617 0.065222
1 0.550816 0.381917 0.026195 0.060917
1 0.440969 0.393021 0.022578 0.041569
3 0.450508 0.438299 0.019250 0.031792
3 0.317516 0.601146 0.050391 0.074653
3 0.407918 0.406542 0.018273 0.031806
