3 0.099211 0.917479 0.192047 0.156958
0 0.464992 0.371111 0.008516 0.012694
0 0.554680 0.367208 0.006594 0.012694
0 0.476527 0.381618 0.010711 0.018069
0 0.541902 0.377708 0.010164 0.015139
0 0.460043 0.379174 0.010164 0.012208
0 0.451531 0.386007 0.009063 0.016125
0 0.444801 0.403104 0.010992 0.017097
0 0.471445 0.401389 0.013734 0.018556
0 0.460375 0.426375 0.019109 0.024278
0 0.576426 0.398868 0.014570 0.024264
0 0.422082 0.392069 0.010414 0.027417
0 0.553668 0.399681 0.016383 0.025889
0 0.534555 0.415854 0.018203 0.035597
0 0.380277 0.444174 0.015477 0.021042
0 0.594633 0.477347 0.029125 0.045306
0 0.567777 0.512944 0.037320 0.048556
0 0.524602 0.383076 0.011813 0.016125
1 0.401559 0.397590 0.038914 0.080236
0 0.341141 0.778319 0.084641 0.132694
0 0.416687 0.450646 0.020937 0.037208
0 0.400758 0.629451 0.058250 0.093847
0 0.294266 0.649681 0.063719 0.082528
0 0.234648 0.610035 0.066438 0.080903
0 0.521852 0.372576 0.012906 0.013681
0 0.538062 0.366229 0.008516 0.009764
1 0.332402 0.462632 0.082523 0.130903
1 0.438176 0.377938 0.018242 0.031208
0 0.362531 0.545312 0.045516 0.061486
0 0.443266 0.468444 0.026391 0.032361
3 0.482297 0.369160 0.011266 0.014653
0 0.789863 0.653722 0.077367 0.110028
0 0.654703 0.589000 0.047328 0.077667
0 0.646055 0.487056 0.026391 0.045306
3 0.432848 0.417264 0.023898 0.037611
3 0.040777 0.850319 0.081008 0.186083
