3 0.089926 0.762951 0.150180 0.189319
0 0.464301 0.418451 0.017586 0.026208
0 0.448008 0.398451 0.009312 0.019319
0 0.473094 0.397062 0.015000 0.020236
0 0.452789 0.384417 0.013187 0.019778
0 0.461070 0.375917 0.011641 0.014722
0 0.543844 0.381889 0.011125 0.018389
0 0.425852 0.390618 0.007906 0.028569
0 0.465980 0.369014 0.009055 0.014722
0 0.476977 0.378444 0.009828 0.016083
0 0.542160 0.436840 0.022758 0.033569
0 0.559492 0.412014 0.017594 0.028056
0 0.585355 0.412931 0.016555 0.029889
1 0.440762 0.375451 0.016555 0.030347
1 0.344539 0.449715 0.071391 0.125542
0 0.523020 0.366028 0.009305 0.013333
0 0.538801 0.370861 0.011898 0.017472
0 0.522629 0.377986 0.013711 0.018861
0 0.558324 0.373160 0.009570 0.020236
3 0.193688 0.806639 0.144719 0.211972
3 0.437141 0.411778 0.020172 0.042306
3 0.483184 0.367868 0.010867 0.017931
1 0.406547 0.393847 0.036594 0.076333
0 0.525734 0.392007 0.012672 0.021153
0 0.371176 0.677181 0.066445 0.095472
0 0.412594 0.585764 0.043688 0.071194
0 0.323391 0.605986 0.058250 0.089000
0 0.267871 0.577674 0.054617 0.067958
0 0.374824 0.522653 0.040977 0.051778
0 0.592809 0.588993 0.047336 0.074431
0 0.616020 0.524271 0.042773 0.067958
0 0.679277 0.525889 0.038227 0.051778
0 0.746633 0.754049 0.091016 0.139153
0 0.941125 0.851132 0.117750 0.216819
0 0.389156 0.437306 0.020437 0.031722
0 0.424723 0.438451 0.021727 0.029431
0 0.451238 0.453861 0.025086 0.034500
