0 0.607457 0.503194 0.028805 0.042861
0 0.381484 0.701229 0.062484 0.093931
0 0.252184 0.727882 0.079227 0.103819
0 0.187934 0.670069 0.079758 0.087611
0 0.270437 0.940069 0.124969 0.119861
1 0.396168 0.402111 0.048508 0.079972
1 0.315762 0.479722 0.094664 0.147389
0 0.371090 0.455451 0.021805 0.033542
4 0.427020 0.424660 0.022789 0.041375
0 0.411707 0.461243 0.022539 0.030931
0 0.435715 0.488465 0.023523 0.037458
0 0.456906 0.434889 0.015922 0.024389
0 0.342254 0.576660 0.046789 0.055319
0 0.532293 0.401306 0.013477 0.020472
0 0.548336 0.389986 0.013719 0.016111
0 0.569527 0.388903 0.012008 0.019167
0 0.576266 0.443340 0.022047 0.030486
0 0.550418 0.464458 0.025727 0.035278
0 0.620363 0.457063 0.022539 0.033542
0 0.705930 0.554146 0.050594 0.069514
