0 0.374332 0.442896 0.028930 0.044375
0 0.273156 0.571250 0.049172 0.058056
0 0.447699 0.398736 0.015633 0.017417
0 0.325684 0.599840 0.048773 0.069514
0 0.309641 0.923396 0.110844 0.153208
1 0.558809 0.362854 0.018664 0.038569
0 0.546609 0.385049 0.011891 0.014097
0 0.563758 0.415528 0.017266 0.027778
0 0.460293 0.417806 0.015164 0.019083
0 0.456680 0.439167 0.022391 0.026139
0 0.446066 0.468194 0.024961 0.028611
0 0.423906 0.521278 0.032891 0.053500
0 0.388563 0.489556 0.028000 0.037333
0 0.439535 0.377958 0.010727 0.013278
1 0.417332 0.422958 0.029227 0.053750
0 0.474992 0.393132 0.013297 0.018653
