0 0.462398 0.422521 0.019078 0.024042
0 0.406238 0.416722 0.015461 0.026194
0 0.402496 0.473618 0.028742 0.039514
0 0.438363 0.508833 0.028023 0.049806
0 0.374957 0.518062 0.035508 0.044236
0 0.327375 0.506896 0.036953 0.040792
3 0.445004 0.396965 0.016664 0.031347
3 0.317477 0.604368 0.068266 0.111653
3 0.242840 0.592229 0.070086 0.100319
0 0.415777 0.549354 0.037320 0.053403
0 0.048512 0.843042 0.092836 0.129444
0 0.983086 0.922333 0.033828 0.140778
0 0.578703 0.550160 0.046422 0.055014
0 0.587785 0.472965 0.025867 0.041458
0 0.622699 0.459028 0.026805 0.038833
0 0.535781 0.425910 0.018094 0.029792
0 0.557430 0.409229 0.014203 0.024069
0 0.570160 0.388625 0.012602 0.018583
0 0.530422 0.401014 0.014344 0.023833
0 0.546238 0.386715 0.011398 0.016208
0 0.562121 0.377188 0.010727 0.016208
0 0.523922 0.378139 0.010453 0.014306
0 0.553410 0.366583 0.008305 0.010722
1 0.447301 0.370562 0.013039 0.024903
1 0.420250 0.379799 0.029953 0.061403
1 0.374719 0.424236 0.053375 0.096194
0 0.465176 0.369486 0.008211 0.013306
0 0.481719 0.371639 0.009906 0.015028
0 0.476410 0.385806 0.011836 0.018472
0 0.458293 0.374424 0.012320 0.013736
0 0.436187 0.381937 0.006766 0.021903
0 0.454910 0.388806 0.007492 0.015889
0 0.469645 0.400840 0.012805 0.019319
0 0.435105 0.416292 0.016664 0.025333
