3 0.341660 0.482833 0.037586 0.050972
0 0.461762 0.416701 0.015164 0.022458
0 0.569660 0.554868 0.034289 0.044375
0 0.619348 0.531361 0.034992 0.059306
0 0.573555 0.397111 0.013531 0.017833
0 0.556641 0.402507 0.012828 0.019486
0 0.535762 0.432778 0.019602 0.030278
0 0.396148 0.636882 0.050109 0.072153
0 0.330840 0.592438 0.051508 0.063208
0 0.402813 0.466868 0.025594 0.035403
0 0.280594 0.558847 0.053469 0.065694
0 0.391637 0.432000 0.019758 0.025056
0 0.428168 0.537410 0.031914 0.048097
0 0.447039 0.470160 0.023656 0.038597
3 0.426625 0.425396 0.018469 0.028542
3 0.588715 0.406236 0.018195 0.034417
