1 0.550469 0.384972 0.014828 0.032667
0 0.244188 0.750799 0.086250 0.109069
0 0.581020 0.405688 0.015336 0.024597
1 0.381406 0.441042 0.026313 0.041583
0 0.565383 0.423326 0.018344 0.027792
0 0.610641 0.445778 0.023453 0.029944
0 0.598766 0.479194 0.024359 0.041167
0 0.651844 0.483208 0.033078 0.057750
0 0.607777 0.678354 0.062789 0.116764
0 0.400812 0.645896 0.055938 0.081486
0 0.438887 0.501542 0.028867 0.041694
0 0.390348 0.491597 0.031398 0.041056
0 0.349930 0.479410 0.034281 0.043625
0 0.448992 0.466257 0.022375 0.034014
0 0.458734 0.430014 0.017328 0.032083
0 0.425172 0.428410 0.019484 0.028875
0 0.412359 0.406917 0.014797 0.020528
0 0.442496 0.401861 0.014414 0.023389
0 0.469852 0.397778 0.011906 0.018194
0 0.433512 0.385715 0.011070 0.014847
0 0.456277 0.384410 0.011070 0.016708
0 0.479461 0.375507 0.010234 0.018931
1 0.470273 0.358611 0.013156 0.023028
