0 0.480320 0.377694 0.010625 0.012889
0 0.540746 0.439444 0.023555 0.033111
0 0.552250 0.479625 0.024656 0.042361
0 0.688809 0.543910 0.043555 0.061847
0 0.460875 0.369750 0.009422 0.011583
3 0.300734 0.524979 0.050484 0.075569
0 0.458824 0.384132 0.007242 0.014597
0 0.473438 0.392083 0.010391 0.017611
0 0.468246 0.408396 0.014977 0.021042
0 0.440828 0.405604 0.013766 0.018042
0 0.442398 0.374257 0.005312 0.015458
0 0.416918 0.405819 0.011836 0.023611
0 0.416676 0.445542 0.021977 0.024056
0 0.449645 0.468299 0.020773 0.038653
0 0.429961 0.500500 0.027781 0.041222
0 0.397473 0.481181 0.027055 0.034361
0 0.355445 0.474306 0.029469 0.031778
0 0.370270 0.751618 0.084648 0.114875
0 0.164563 0.886729 0.146547 0.177986
3 0.358223 0.536576 0.048555 0.076431
3 0.450609 0.389722 0.015937 0.032639
1 0.389141 0.411194 0.045172 0.083306
1 0.427180 0.377264 0.028016 0.060972
1 0.451820 0.365243 0.011594 0.023181
0 0.178398 0.664243 0.073719 0.080903
0 0.656074 0.591146 0.053695 0.074514
0 0.718145 0.949840 0.102852 0.079292
0 0.537734 0.368590 0.008766 0.012181
0 0.524855 0.375653 0.013695 0.017528
0 0.553895 0.368097 0.006570 0.009250
0 0.560059 0.375896 0.011227 0.015097
0 0.528281 0.392208 0.011234 0.019472
0 0.573207 0.392937 0.013977 0.021903
0 0.554582 0.406326 0.015617 0.024347
0 0.587453 0.410472 0.020547 0.025806
0 0.575262 0.444563 0.021367 0.030681
