0 0.450109 0.387764 0.012531 0.016472
0 0.436578 0.381521 0.012531 0.016486
0 0.422039 0.398007 0.014531 0.018264
0 0.443969 0.401132 0.013281 0.020042
0 0.473051 0.394896 0.013805 0.019153
0 0.464395 0.417611 0.015539 0.024500
0 0.427805 0.428083 0.017547 0.024056
0 0.377684 0.434097 0.017539 0.011139
0 0.445348 0.466625 0.023055 0.033417
0 0.433633 0.512299 0.035078 0.045431
0 0.314105 0.509604 0.044602 0.073903
0 0.404285 0.600944 0.048852 0.071139
0 0.286324 0.660069 0.063398 0.078528
0 0.315422 0.861472 0.099781 0.167222
0 0.617871 0.453125 0.024945 0.036028
0 0.682828 0.528417 0.039500 0.053583
0 0.955742 0.901188 0.088516 0.183847
1 0.445789 0.365458 0.015344 0.025778
1 0.372020 0.485736 0.046117 0.089111
