0 0.422570 0.441333 0.025156 0.028222
0 0.403559 0.645250 0.052102 0.082444
0 0.289371 0.990097 0.091055 0.019806
1 0.166852 0.600549 0.232141 0.287236
0 0.456449 0.433167 0.024227 0.037944
0 0.594699 0.424111 0.017289 0.025083
0 0.397973 0.470215 0.024227 0.036458
0 0.637035 0.481028 0.028773 0.044556
0 0.445348 0.483500 0.026008 0.039611
0 0.342281 0.569312 0.039078 0.062708
0 0.908027 0.828299 0.134680 0.184986
0 0.707531 0.556104 0.053000 0.062708
0 0.583152 0.558500 0.040008 0.064528
4 0.140383 0.872111 0.184828 0.255778
3 0.307473 0.509896 0.040008 0.062708
1 0.369230 0.451319 0.031586 0.057750
