1 0.544680 0.369931 0.017469 0.044194
3 0.398281 0.417243 0.020563 0.034403
3 0.444641 0.463826 0.022172 0.040125
3 0.237453 0.734521 0.086500 0.120431
0 0.337812 0.497861 0.034266 0.035111
0 0.380344 0.506465 0.032250 0.040847
1 0.433324 0.402778 0.023180 0.046583
0 0.457137 0.436951 0.017336 0.023653
0 0.464793 0.412944 0.016523 0.018639
1 0.569539 0.375604 0.022172 0.049569
0 0.188605 0.669576 0.080617 0.084097
0 0.415617 0.449854 0.019750 0.030819
0 0.617773 0.507896 0.031438 0.052319
0 0.404527 0.611451 0.046758 0.071653
0 0.566375 0.426563 0.018141 0.032958
