0 0.417812 0.579625 0.041500 0.062222
0 0.047496 0.882479 0.094992 0.180931
0 0.096113 0.967847 0.141430 0.064306
0 0.294793 0.660306 0.065852 0.082472
0 0.696410 0.532014 0.045414 0.073778
0 0.633105 0.475347 0.028867 0.042778
0 0.578672 0.449681 0.024063 0.036361
0 0.592207 0.419743 0.018039 0.027792
1 0.292820 0.930132 0.148625 0.139736
0 0.633555 0.538701 0.036391 0.055069
0 0.529652 0.386063 0.011430 0.018181
0 0.568445 0.385799 0.010828 0.018708
1 0.556695 0.395340 0.018797 0.039653
1 0.390289 0.430757 0.024813 0.038319
0 0.458820 0.380632 0.009547 0.015597
0 0.436148 0.381972 0.011281 0.014694
0 0.472738 0.393111 0.011773 0.019167
0 0.446047 0.396229 0.013531 0.021819
0 0.418219 0.401354 0.012563 0.020486
0 0.430637 0.420507 0.017789 0.025847
0 0.461590 0.421174 0.015539 0.028069
0 0.453945 0.450139 0.018797 0.026278
0 0.445418 0.479215 0.025258 0.035931
0 0.401211 0.474410 0.029234 0.037847
0 0.363680 0.464139 0.029953 0.039139
