1 0.240145 0.684562 0.127992 0.219764
0 0.394707 0.430014 0.020461 0.025083
0 0.388000 0.491472 0.027516 0.037639
0 0.317445 0.514368 0.037391 0.040764
0 0.425398 0.431576 0.017641 0.023208
0 0.416227 0.400847 0.009875 0.019444
0 0.634668 0.744396 0.077055 0.134708
0 0.356535 0.790813 0.081711 0.130236
0 0.451504 0.460743 0.020461 0.036375
0 0.464559 0.418403 0.015523 0.020694
0 0.577730 0.403847 0.014820 0.022583
0 0.569688 0.526521 0.035984 0.052681
0 0.545980 0.464806 0.025820 0.043639
1 0.746590 0.566569 0.150883 0.231194
0 0.604824 0.439215 0.020742 0.030097
0 0.410938 0.591826 0.045156 0.065236
1 0.123230 0.701875 0.110914 0.168583
