0 0.336527 0.909854 0.101195 0.165819
0 0.592918 0.423153 0.019305 0.028000
0 0.368430 0.515819 0.033016 0.042444
0 0.447426 0.458465 0.022352 0.041542
0 0.418215 0.441764 0.022867 0.022583
0 0.541664 0.434535 0.018797 0.031597
0 0.562488 0.518076 0.033023 0.050569
0 0.803234 0.661132 0.075188 0.106569
0 0.661754 0.522049 0.042164 0.059597
0 0.622891 0.456569 0.027438 0.035222
0 0.429391 0.539299 0.034031 0.053292
0 0.343668 0.479076 0.048383 0.066431
0 0.404246 0.467500 0.023367 0.030694
1 0.096406 0.745840 0.192812 0.434403
0 0.247777 0.570458 0.059945 0.084889
0 0.266070 0.708632 0.082297 0.102958
