0 0.393785 0.483632 0.027164 0.036375
0 0.443355 0.475167 0.029633 0.049556
0 0.410723 0.452271 0.026461 0.027597
0 0.581469 0.409694 0.017641 0.020694
0 0.606164 0.434153 0.021875 0.028222
0 0.534547 0.410944 0.016937 0.024472
0 0.547250 0.462368 0.023281 0.039514
0 0.418309 0.586493 0.042336 0.068986
0 0.351809 0.546660 0.041977 0.050819
0 0.325910 0.500125 0.056555 0.078750
1 0.056750 0.790382 0.113500 0.398875
0 0.211406 0.606576 0.071125 0.093931
0 0.197180 0.834167 0.118875 0.146306
0 0.708824 0.555819 0.047273 0.067111
0 0.622746 0.476167 0.031742 0.045778
