4 0.574129 0.474000 0.040414 0.082472
0 0.587086 0.412875 0.012656 0.019611
1 0.291621 0.493639 0.112148 0.166333
1 0.020305 0.825799 0.040609 0.277847
0 0.199172 0.829264 0.105219 0.141750
0 0.391012 0.662882 0.051055 0.089514
0 0.903465 0.808035 0.121445 0.156764
0 0.394867 0.486660 0.030047 0.046097
0 0.195531 0.664882 0.074344 0.083847
0 0.676055 0.520583 0.042578 0.052444
0 0.623734 0.458799 0.026688 0.041042
0 0.537859 0.428632 0.020203 0.033208
0 0.454836 0.435778 0.017875 0.028139
0 0.421160 0.435312 0.020461 0.030903
0 0.433168 0.506806 0.025523 0.046889
4 0.326090 0.579458 0.062945 0.106417
3 0.356914 0.454653 0.026688 0.044722
1 0.396031 0.421958 0.027203 0.045639
