0 0.411227 0.566340 0.044594 0.061486
0 0.026668 0.887535 0.050977 0.131069
3 0.305188 0.624597 0.074641 0.116500
3 0.228273 0.604368 0.075547 0.111653
0 0.925484 0.822819 0.122875 0.160194
0 0.861043 0.927181 0.133805 0.127833
1 0.445375 0.370007 0.011547 0.019208
0 0.522711 0.374028 0.009719 0.016944
0 0.560715 0.376271 0.010305 0.014514
0 0.568688 0.385264 0.014578 0.017972
0 0.545359 0.383528 0.014187 0.017278
0 0.554691 0.400639 0.015352 0.021778
0 0.528930 0.398736 0.016719 0.024889
0 0.533789 0.420167 0.016719 0.029028
1 0.417988 0.383590 0.032039 0.071542
0 0.616609 0.447819 0.022547 0.031806
0 0.582102 0.458701 0.024297 0.034903
0 0.568691 0.527139 0.033242 0.063250
3 0.444070 0.399486 0.017141 0.037083
0 0.481891 0.370674 0.009312 0.009931
0 0.464191 0.370007 0.008195 0.012597
0 0.457488 0.377951 0.011180 0.015236
1 0.371781 0.428306 0.055891 0.100028
0 0.476305 0.386896 0.010062 0.015903
0 0.454316 0.390542 0.008570 0.012583
0 0.435688 0.383590 0.007078 0.023847
0 0.404762 0.420021 0.015273 0.025181
0 0.433453 0.423333 0.017516 0.026500
0 0.461398 0.426312 0.016016 0.020542
0 0.434941 0.517062 0.030180 0.045708
0 0.399730 0.479972 0.030555 0.035111
0 0.369176 0.527993 0.036523 0.050347
0 0.320922 0.516743 0.038375 0.054319
