0 0.343875 0.759708 0.086469 0.134306
0 0.541707 0.376278 0.011008 0.016306
0 0.423270 0.393167 0.008523 0.029389
0 0.807160 0.673951 0.090102 0.124597
0 0.569602 0.516181 0.035500 0.064722
0 0.595996 0.480583 0.026398 0.051778
0 0.651062 0.491097 0.030953 0.056639
0 0.299727 0.644819 0.058250 0.089000
0 0.239199 0.606799 0.066445 0.087375
0 0.363437 0.541264 0.040047 0.063111
0 0.382816 0.444521 0.021102 0.030986
0 0.418602 0.447507 0.025391 0.032625
0 0.446125 0.466542 0.026609 0.042417
0 0.460656 0.424396 0.017734 0.027736
0 0.471359 0.401292 0.013453 0.019583
0 0.445207 0.402646 0.011930 0.023375
0 0.451328 0.385250 0.010703 0.015778
0 0.459434 0.377910 0.009789 0.015236
0 0.476562 0.381174 0.012234 0.017403
0 0.465242 0.371382 0.008563 0.013042
0 0.537730 0.420319 0.019570 0.027194
0 0.554094 0.402104 0.013766 0.019042
0 0.577953 0.401021 0.014375 0.021208
0 0.525348 0.384701 0.011930 0.014681
0 0.555473 0.368937 0.009789 0.012514
0 0.521520 0.374104 0.010398 0.013042
0 0.537883 0.367306 0.010703 0.013583
1 0.334797 0.459743 0.079828 0.129958
1 0.438785 0.377090 0.016211 0.029903
0 0.664258 0.604368 0.050062 0.085764
0 0.403031 0.627021 0.053703 0.079292
3 0.107676 0.905333 0.200242 0.186083
3 0.048375 0.852750 0.096750 0.220056
3 0.433129 0.415972 0.021414 0.039139
3 0.482219 0.368125 0.011313 0.013056
1 0.402117 0.397757 0.040141 0.079931
