0 0.453746 0.451194 0.019836 0.028472
0 0.835715 0.878556 0.113805 0.185694
0 0.890281 0.748757 0.121078 0.175542
0 0.711516 0.569528 0.050406 0.068361
0 0.627988 0.542215 0.040414 0.063514
0 0.622574 0.457854 0.025977 0.034653
0 0.535422 0.410062 0.014797 0.023736
0 0.581188 0.402014 0.013781 0.023028
0 0.549758 0.384562 0.012734 0.020042
0 0.476109 0.385340 0.012328 0.017542
0 0.452109 0.387403 0.013344 0.021139
0 0.426875 0.392944 0.013922 0.020889
0 0.464512 0.407903 0.017258 0.025528
0 0.437898 0.408028 0.015953 0.022694
0 0.458969 0.432319 0.018797 0.024750
1 0.403277 0.415764 0.022273 0.033722
0 0.416418 0.449958 0.024883 0.033417
0 0.381785 0.443458 0.025930 0.033417
0 0.437355 0.512139 0.031539 0.046778
0 0.346281 0.567646 0.045734 0.058292
0 0.258793 0.722097 0.081945 0.102472
0 0.186488 0.689569 0.074680 0.113167
1 0.378469 0.701549 0.078578 0.139681
1 0.573109 0.424563 0.025563 0.052569
0 0.561891 0.376285 0.011906 0.017819
