1 0.401195 0.397896 0.044875 0.075264
1 0.326859 0.469097 0.082969 0.136222
0 0.442398 0.475451 0.027937 0.037931
0 0.458652 0.428938 0.017773 0.024375
0 0.378641 0.448354 0.025406 0.036125
0 0.354512 0.556729 0.044195 0.055986
0 0.319457 0.837889 0.097539 0.148472
4 0.430203 0.419000 0.023875 0.037028
0 0.632340 0.549771 0.040133 0.058708
0 0.415469 0.451062 0.021844 0.030708
0 0.280141 0.679118 0.066453 0.093208
0 0.395965 0.652569 0.053039 0.085611
0 0.220906 0.632139 0.071625 0.074972
0 0.750398 0.607208 0.064516 0.086694
0 0.635082 0.474000 0.027945 0.042444
0 0.584535 0.461813 0.025398 0.034319
0 0.558883 0.490264 0.025906 0.040639
0 0.535750 0.411924 0.017359 0.023292
0 0.552277 0.396785 0.013711 0.016264
0 0.574129 0.395604 0.012336 0.019153
