0 0.563480 0.380847 0.011695 0.018194
0 0.455090 0.446569 0.019633 0.025611
1 0.577789 0.432833 0.026703 0.055806
1 0.405648 0.412625 0.021656 0.030806
1 0.389949 0.664764 0.070367 0.119333
0 0.953871 0.859278 0.092258 0.227889
0 0.742664 0.605535 0.061063 0.082375
0 0.649770 0.577431 0.048508 0.075444
0 0.632355 0.471229 0.027367 0.040625
0 0.536723 0.417771 0.016539 0.024597
0 0.584086 0.406535 0.015641 0.022458
0 0.551469 0.387715 0.013156 0.020792
0 0.525047 0.377882 0.010859 0.015958
0 0.521188 0.364701 0.009812 0.014847
0 0.554496 0.371201 0.010023 0.011514
0 0.476496 0.383826 0.012320 0.016708
0 0.453000 0.385306 0.012953 0.019667
0 0.466363 0.405354 0.016711 0.024875
0 0.440363 0.404799 0.016914 0.023014
0 0.427832 0.391062 0.013570 0.018569
0 0.459891 0.428563 0.017125 0.023014
0 0.418750 0.445826 0.023391 0.030069
0 0.441094 0.501333 0.030906 0.043806
0 0.385648 0.440257 0.026109 0.033792
0 0.354008 0.553063 0.041859 0.051958
0 0.280203 0.688757 0.071094 0.097514
0 0.205684 0.659882 0.068570 0.101375
