0 0.655059 0.495972 0.034352 0.053056
1 0.071949 0.776521 0.141461 0.384347
1 0.316254 0.475278 0.091852 0.150972
0 0.600609 0.429833 0.017719 0.027083
0 0.457613 0.427903 0.017102 0.025417
0 0.426992 0.423479 0.018656 0.023208
0 0.272664 0.979854 0.104422 0.040292
0 0.240266 0.612028 0.058937 0.072944
0 0.266008 0.711840 0.077594 0.097486
0 0.408129 0.601424 0.042523 0.070292
0 0.402891 0.467132 0.024656 0.037792
0 0.441312 0.481382 0.023906 0.034486
3 0.368570 0.444222 0.026891 0.042389
4 0.352363 0.545056 0.051102 0.100806
1 0.400883 0.414090 0.024250 0.039792
4 0.607637 0.534958 0.056992 0.117556
0 0.546691 0.461160 0.026523 0.040458
0 0.740586 0.598465 0.053234 0.080319
