0 0.608891 0.504215 0.033344 0.052347
0 0.434043 0.528646 0.035086 0.049903
0 0.333926 0.589903 0.049367 0.065500
0 0.224156 0.783486 0.097484 0.125639
0 0.151227 0.729097 0.089469 0.125694
0 0.412242 0.455576 0.025063 0.032069
1 0.361512 0.755924 0.090945 0.161042
1 0.399898 0.419222 0.022484 0.031972
1 0.567945 0.414722 0.023562 0.048111
0 0.680562 0.533083 0.042437 0.059278
0 0.377156 0.449111 0.027062 0.035194
0 0.452215 0.458917 0.020805 0.029861
0 0.457602 0.437979 0.018547 0.028069
0 0.436801 0.410569 0.016039 0.023167
0 0.424520 0.395431 0.014539 0.021389
0 0.463742 0.411021 0.015281 0.026736
0 0.450336 0.388965 0.014031 0.020931
0 0.440434 0.377382 0.010273 0.014708
0 0.475648 0.386965 0.012531 0.018708
0 0.547070 0.381618 0.011531 0.019597
0 0.576766 0.396986 0.012781 0.023611
0 0.533285 0.402111 0.015539 0.024944
0 0.611703 0.444931 0.022516 0.032333
0 0.805063 0.654340 0.083578 0.129347
0 0.735125 0.707847 0.070156 0.110083
0 0.560219 0.375174 0.011484 0.015597
