3 0.283777 0.548076 0.054742 0.075236
3 0.405230 0.458014 0.025383 0.034806
1 0.702344 0.513160 0.107500 0.174181
0 0.405273 0.416785 0.017328 0.020597
0 0.190941 0.840521 0.118602 0.137958
0 0.152187 0.707229 0.102797 0.104514
0 0.389211 0.694576 0.059656 0.087431
0 0.372926 0.519125 0.035320 0.046944
0 0.429789 0.530819 0.034344 0.060194
0 0.365148 0.461806 0.023000 0.031972
0 0.554496 0.498472 0.028383 0.048389
0 0.535734 0.432806 0.018469 0.025583
0 0.566508 0.430910 0.017500 0.029375
0 0.435676 0.417076 0.015555 0.018319
0 0.524906 0.387014 0.012828 0.017639
1 0.616012 0.479021 0.068305 0.147319
3 0.567730 0.384076 0.013445 0.021319
0 0.448746 0.393708 0.011430 0.017417
3 0.466879 0.400153 0.014195 0.020389
0 0.453426 0.442778 0.018633 0.027833
