0 0.540234 0.441778 0.017859 0.034444
3 0.272148 0.556632 0.062797 0.092236
3 0.340230 0.572819 0.064617 0.090611
0 0.104035 0.750000 0.094664 0.118111
0 0.315652 0.917479 0.121055 0.165042
0 0.340313 0.493750 0.034219 0.038361
0 0.383910 0.498785 0.032914 0.045347
0 0.421727 0.526486 0.036625 0.055028
0 0.443742 0.491618 0.027469 0.041069
0 0.408754 0.460222 0.024195 0.031778
0 0.411266 0.411785 0.017000 0.028681
0 0.437855 0.377882 0.005227 0.021319
0 0.437637 0.412562 0.015695 0.024014
0 0.464996 0.416826 0.015039 0.027125
0 0.471316 0.400549 0.014602 0.022486
0 0.456605 0.387757 0.006539 0.011625
0 0.477746 0.383500 0.012211 0.016278
0 0.459543 0.372458 0.010242 0.014333
0 0.468156 0.368576 0.007406 0.011236
0 0.483742 0.368965 0.009375 0.011236
1 0.381074 0.417597 0.050352 0.093000
1 0.422598 0.378076 0.029211 0.064319
1 0.449301 0.367806 0.012867 0.026750
3 0.448430 0.394160 0.016344 0.036042
0 0.603914 0.647250 0.054609 0.105167
0 0.605020 0.505785 0.036477 0.048292
0 0.643777 0.485014 0.031539 0.044583
0 0.563602 0.419826 0.017094 0.028375
0 0.577184 0.396181 0.016148 0.021611
0 0.532820 0.414250 0.020516 0.026000
0 0.549258 0.392965 0.015766 0.019931
0 0.566453 0.381660 0.014437 0.018236
0 0.525320 0.381319 0.013109 0.016889
0 0.555051 0.370514 0.010258 0.010806
