0 0.477941 0.383264 0.012008 0.015722
3 0.330672 0.578479 0.061891 0.095458
0 0.336730 0.498583 0.034117 0.041194
0 0.383059 0.506076 0.034539 0.044931
0 0.441504 0.497278 0.029695 0.045306
0 0.407703 0.463764 0.027375 0.033694
0 0.532879 0.411104 0.017977 0.027681
0 0.548449 0.390986 0.013805 0.018833
0 0.574938 0.393833 0.014766 0.022833
0 0.564906 0.380139 0.011078 0.015417
0 0.525414 0.381278 0.010438 0.016556
0 0.593902 0.606792 0.049148 0.089000
0 0.599980 0.493299 0.030820 0.043097
0 0.635059 0.475181 0.031633 0.044528
0 0.539301 0.436083 0.018305 0.030250
0 0.560730 0.416097 0.018789 0.026833
3 0.447086 0.395986 0.017266 0.038194
1 0.448352 0.367910 0.012641 0.022458
0 0.554309 0.369014 0.009148 0.012556
0 0.409492 0.414903 0.014953 0.027333
0 0.437820 0.414715 0.018953 0.026958
0 0.464250 0.417146 0.015375 0.025847
0 0.437293 0.379701 0.007789 0.022847
1 0.422234 0.378771 0.029906 0.058403
1 0.378113 0.418833 0.051602 0.090611
0 0.466988 0.367160 0.008211 0.011986
0 0.483418 0.369785 0.010320 0.012736
0 0.306555 0.936889 0.111953 0.116500
0 0.083734 0.779938 0.111953 0.118125
0 0.459094 0.374090 0.009687 0.013847
0 0.470570 0.398799 0.012422 0.018347
0 0.456355 0.386625 0.008430 0.017222
0 0.419418 0.534792 0.037320 0.046917
3 0.262410 0.563111 0.065539 0.103556
