0 0.594695 0.426312 0.018797 0.030708
0 0.668355 0.529729 0.038102 0.065931
0 0.821523 0.681896 0.082297 0.115597
0 0.565230 0.526563 0.034039 0.057792
0 0.542828 0.436521 0.021844 0.028903
0 0.448594 0.456847 0.027438 0.038833
0 0.418484 0.441049 0.021875 0.023819
0 0.406383 0.467576 0.022219 0.033875
0 0.430371 0.535625 0.032102 0.050806
0 0.371277 0.512111 0.033867 0.040139
0 0.344086 0.885736 0.097609 0.154444
0 0.344488 0.477264 0.047164 0.064972
0 0.272250 0.696833 0.077891 0.094833
1 0.100867 0.758535 0.201734 0.475986
0 0.251293 0.563250 0.056305 0.079028
0 0.626703 0.458826 0.027937 0.036125
