0 0.539828 0.369854 0.010766 0.011014
3 0.438758 0.407896 0.020187 0.036375
0 0.523410 0.380854 0.013461 0.019625
0 0.559344 0.375111 0.010500 0.016750
0 0.545887 0.383972 0.011570 0.021056
0 0.527852 0.393778 0.012656 0.020583
0 0.588688 0.414597 0.015875 0.025833
0 0.392055 0.432778 0.017766 0.028722
0 0.562039 0.418424 0.017500 0.026792
3 0.121391 0.716778 0.123781 0.155333
3 0.223332 0.758847 0.118320 0.174750
3 0.484246 0.366264 0.011570 0.017222
1 0.407758 0.390903 0.034641 0.069389
1 0.350602 0.445222 0.066219 0.112944
1 0.441445 0.374160 0.016422 0.026319
0 0.424754 0.435653 0.021805 0.029667
0 0.452750 0.445465 0.020188 0.028236
0 0.448852 0.396646 0.011844 0.019625
0 0.545754 0.445215 0.021539 0.032542
0 0.427355 0.390625 0.008820 0.026944
0 0.473344 0.394500 0.012375 0.019139
0 0.463922 0.414597 0.016156 0.022972
0 0.466211 0.368410 0.009953 0.015792
0 0.478457 0.376792 0.012383 0.014361
0 0.461500 0.373681 0.009156 0.011972
0 0.384891 0.651243 0.066437 0.085764
0 0.333008 0.585701 0.050063 0.074431
0 0.279766 0.560625 0.050969 0.069583
0 0.378520 0.510465 0.033680 0.050153
0 0.453426 0.379903 0.011305 0.019611
0 0.417203 0.579229 0.038234 0.074431
0 0.610164 0.646382 0.052797 0.098708
0 0.831797 0.894771 0.122875 0.200653
0 0.702547 0.557389 0.046422 0.069583
0 0.632918 0.548486 0.047336 0.064722
