0 0.388637 0.493292 0.029633 0.043278
0 0.530820 0.400569 0.014938 0.021333
0 0.524336 0.380118 0.012266 0.016153
0 0.562547 0.384236 0.012734 0.017417
0 0.576633 0.396868 0.013469 0.017431
0 0.571977 0.414729 0.017391 0.023514
0 0.615832 0.444347 0.021805 0.033972
0 0.557156 0.491819 0.028422 0.040944
0 0.461223 0.423438 0.016945 0.021403
0 0.430801 0.422889 0.016945 0.022500
0 0.401711 0.421625 0.018781 0.026500
0 0.453363 0.455743 0.019602 0.029403
0 0.637816 0.536889 0.054164 0.115417
0 0.756230 0.616556 0.062227 0.086667
0 0.355477 0.825229 0.087891 0.134569
0 0.052160 0.815833 0.104320 0.190556
0 0.261707 0.698187 0.076555 0.094069
0 0.294871 0.559562 0.027164 0.061431
0 0.422152 0.544715 0.041633 0.073375
0 0.354418 0.557264 0.042336 0.057083
