0 0.451457 0.449729 0.019430 0.028819
0 0.581219 0.457632 0.020219 0.040347
0 0.563645 0.419778 0.019273 0.025417
0 0.600809 0.430833 0.015883 0.026528
0 0.541262 0.429174 0.016789 0.027625
1 0.287684 0.504687 0.112289 0.171042
1 0.385273 0.406542 0.044453 0.080194
4 0.418426 0.433611 0.025039 0.046472
0 0.172957 0.865097 0.117570 0.158139
0 0.345684 0.832660 0.086633 0.130597
0 0.107055 0.772826 0.121438 0.115514
0 0.712293 0.882160 0.119195 0.204875
0 0.817102 0.715764 0.090578 0.125139
0 0.315582 0.627347 0.058195 0.084889
0 0.426523 0.517465 0.031734 0.047625
0 0.398996 0.481007 0.028492 0.039181
0 0.358844 0.470833 0.025906 0.033417
0 0.655523 0.493368 0.031156 0.051569
