0 0.429367 0.533722 0.030047 0.048556
3 0.343426 0.472153 0.028711 0.050972
1 0.386730 0.428312 0.023383 0.048569
4 0.295789 0.632590 0.082672 0.137319
4 0.557613 0.444896 0.033383 0.069875
0 0.577602 0.403444 0.013391 0.022500
1 0.268465 0.518917 0.133336 0.196611
0 0.114258 0.946493 0.147266 0.104236
0 0.145203 0.729715 0.093375 0.104181
0 0.384063 0.503521 0.031375 0.045014
0 0.371738 0.729146 0.061367 0.103042
0 0.414359 0.444306 0.022687 0.035528
0 0.435027 0.425944 0.021383 0.027250
0 0.441023 0.409951 0.018719 0.021319
0 0.462344 0.412917 0.018719 0.027250
0 0.453684 0.450813 0.020055 0.034347
0 0.533332 0.413507 0.015320 0.028431
0 0.607914 0.439563 0.020719 0.030792
0 0.642555 0.482201 0.030047 0.037903
0 0.764477 0.636174 0.068687 0.092375
