1 0.442602 0.389389 0.018172 0.035333
3 0.046074 0.879576 0.092148 0.222903
3 0.332965 0.576410 0.048430 0.068681
3 0.453098 0.434167 0.018633 0.028222
0 0.470352 0.401188 0.013938 0.016986
0 0.463871 0.415875 0.015227 0.019306
0 0.430340 0.424368 0.019117 0.020736
0 0.612934 0.505153 0.031914 0.041306
0 0.895566 0.921458 0.148602 0.157083
0 0.304250 0.926785 0.124688 0.146431
0 0.279359 0.561236 0.049828 0.058222
0 0.405273 0.464667 0.025109 0.029667
0 0.429965 0.523667 0.033039 0.047778
0 0.525285 0.392694 0.015070 0.016417
0 0.367207 0.460917 0.024789 0.028500
0 0.214395 0.799083 0.101008 0.123833
1 0.553727 0.384917 0.023797 0.060222
1 0.587316 0.394368 0.030508 0.064208
3 0.409602 0.404208 0.016844 0.025917
