1 0.320656 0.472160 0.086781 0.137347
1 0.400285 0.400653 0.045570 0.082056
0 0.571754 0.394000 0.011430 0.018500
0 0.533984 0.407069 0.016734 0.022139
4 0.429301 0.420514 0.021461 0.039722
0 0.550727 0.394361 0.013062 0.017056
0 0.628277 0.467514 0.024258 0.033972
0 0.580992 0.452924 0.023766 0.030042
0 0.555516 0.478181 0.025719 0.037889
0 0.621535 0.530681 0.034102 0.053833
0 0.730609 0.584250 0.055859 0.078389
0 0.414012 0.455528 0.023227 0.031361
0 0.439004 0.479826 0.026758 0.039208
0 0.458113 0.431743 0.016758 0.026653
0 0.375797 0.450042 0.024984 0.030833
0 0.349629 0.560840 0.043805 0.058014
0 0.388852 0.672472 0.058563 0.089056
0 0.303559 0.887722 0.107195 0.162556
0 0.271047 0.694451 0.069594 0.090319
0 0.207797 0.644326 0.074172 0.074958
