0 0.605914 0.623736 0.052703 0.086472
0 0.021660 0.929931 0.043320 0.113750
0 0.305160 0.935236 0.106570 0.124361
0 0.424703 0.436604 0.019391 0.020125
0 0.431063 0.418833 0.018656 0.020139
0 0.411047 0.610111 0.046703 0.068694
0 0.355746 0.550306 0.044039 0.055667
0 0.581922 0.407681 0.014391 0.022583
1 0.196840 0.581660 0.201961 0.279458
0 0.603918 0.434826 0.018055 0.023681
0 0.448020 0.472132 0.028711 0.036708
0 0.402719 0.465035 0.024719 0.034347
0 0.460016 0.427125 0.020719 0.031972
3 0.317441 0.498194 0.040711 0.058056
1 0.375437 0.441931 0.031313 0.054472
4 0.190512 0.804375 0.143992 0.244028
0 0.655219 0.500556 0.035375 0.048556
0 0.744824 0.601229 0.062695 0.084097
4 0.539586 0.404674 0.022016 0.046653
