0 0.427215 0.421243 0.018523 0.024042
0 0.418980 0.443188 0.023227 0.030319
0 0.384437 0.439799 0.022344 0.026653
0 0.568184 0.389306 0.012055 0.017778
0 0.589199 0.416486 0.016461 0.023000
0 0.536406 0.428924 0.023281 0.031347
0 0.550371 0.461590 0.024742 0.034847
0 0.574551 0.550611 0.040664 0.063583
0 0.444852 0.478576 0.022047 0.036153
0 0.387754 0.665764 0.056445 0.085917
0 0.295531 0.965431 0.110437 0.069139
1 0.426824 0.380208 0.020414 0.039917
1 0.132617 0.830618 0.208484 0.338764
0 0.371000 0.520889 0.033516 0.043278
0 0.288449 0.545347 0.045508 0.050806
0 0.410457 0.409479 0.014398 0.021431
0 0.443531 0.399549 0.012937 0.018292
1 0.671605 0.484632 0.087133 0.143625
0 0.461609 0.427250 0.019109 0.022472
