3 0.591543 0.411674 0.018195 0.038347
0 0.393145 0.429236 0.020086 0.027361
0 0.448059 0.465236 0.026570 0.040611
0 0.401395 0.617826 0.044555 0.067181
0 0.338453 0.583160 0.049687 0.060958
0 0.288441 0.550660 0.050711 0.061625
0 0.430645 0.529028 0.031586 0.046083
0 0.629449 0.549271 0.038492 0.061375
0 0.576727 0.581833 0.037563 0.051833
0 0.575562 0.399889 0.013297 0.018250
0 0.558062 0.406528 0.013766 0.019917
0 0.538117 0.439917 0.020062 0.029444
0 0.403754 0.464660 0.026398 0.034847
3 0.345352 0.478056 0.039203 0.050111
3 0.428215 0.423625 0.019273 0.025917
