0 0.471687 0.400708 0.013922 0.024139
0 0.556727 0.369931 0.010859 0.015694
0 0.307918 0.629451 0.058258 0.084153
0 0.250574 0.598701 0.063711 0.074431
0 0.369359 0.531556 0.042781 0.059861
0 0.447074 0.459854 0.024445 0.036208
0 0.420766 0.445972 0.022063 0.037417
1 0.403461 0.394667 0.040422 0.075500
0 0.423328 0.394507 0.008984 0.031069
3 0.482891 0.367812 0.011203 0.018708
3 0.434855 0.415493 0.025117 0.042847
3 0.063074 0.819576 0.120148 0.228153
3 0.141355 0.885924 0.185680 0.215208
0 0.383934 0.439931 0.023086 0.037417
0 0.462691 0.421826 0.018336 0.030181
0 0.539074 0.422729 0.019695 0.034403
0 0.555367 0.406736 0.014938 0.024139
0 0.579980 0.403722 0.015961 0.026556
0 0.446566 0.401910 0.011883 0.019319
0 0.452676 0.384104 0.010523 0.018708
0 0.460824 0.378375 0.007133 0.019306
0 0.477289 0.378979 0.011547 0.015681
0 0.465918 0.370535 0.010523 0.014486
0 0.525496 0.388937 0.014258 0.018708
0 0.542297 0.379583 0.011203 0.018111
0 0.521863 0.375542 0.011539 0.019306
0 0.537887 0.366306 0.009852 0.013278
0 0.407586 0.611653 0.053703 0.084139
1 0.338809 0.454917 0.077070 0.128000
1 0.438797 0.376667 0.014906 0.030500
0 0.354977 0.728965 0.079188 0.113264
0 0.844934 0.722486 0.107398 0.153722
0 0.682918 0.642396 0.063711 0.097097
0 0.575063 0.538028 0.042781 0.056639
0 0.601004 0.489479 0.030945 0.046931
0 0.659254 0.506472 0.038227 0.058250
