3 0.417070 0.398938 0.014469 0.025708
3 0.361629 0.529299 0.036758 0.055903
3 0.456492 0.421542 0.016797 0.025306
3 0.132402 0.720375 0.120430 0.145333
1 0.562191 0.397694 0.028695 0.070083
0 0.416020 0.448500 0.020289 0.027778
0 0.291488 0.665604 0.065789 0.094597
0 0.373965 0.730958 0.075945 0.134167
0 0.313500 0.523278 0.038219 0.049028
0 0.440238 0.492750 0.028539 0.039556
0 0.693496 0.643153 0.054758 0.086000
0 0.379305 0.445181 0.023094 0.027361
0 0.435617 0.413660 0.013297 0.021986
0 0.467109 0.408438 0.012641 0.017625
1 0.447527 0.383472 0.016852 0.035417
0 0.472883 0.394847 0.014094 0.015556
0 0.544320 0.387361 0.006969 0.016694
0 0.524559 0.387507 0.012961 0.015264
0 0.529121 0.409653 0.014773 0.024194
1 0.603855 0.412042 0.041523 0.077972
