4 0.414910 0.442049 0.028930 0.051458
0 0.572016 0.439368 0.018422 0.027681
0 0.626199 0.666528 0.060883 0.108639
0 0.735629 0.611201 0.061586 0.081625
0 0.635523 0.472181 0.030312 0.041917
0 0.313812 0.932479 0.112156 0.135042
0 0.108059 0.948979 0.144648 0.102042
0 0.059250 0.851215 0.118500 0.151264
0 0.294766 0.663306 0.066609 0.084139
0 0.419805 0.535438 0.032453 0.048403
0 0.449227 0.459396 0.020484 0.030903
0 0.393414 0.490944 0.029531 0.040583
0 0.350543 0.477590 0.026680 0.035958
0 0.433363 0.417292 0.014461 0.019611
0 0.465531 0.417104 0.017922 0.019986
0 0.537090 0.417486 0.013383 0.022306
0 0.559648 0.406549 0.014031 0.018069
0 0.592570 0.420174 0.015109 0.020764
1 0.268332 0.525646 0.125305 0.195403
1 0.380832 0.413729 0.048180 0.088486
3 0.407324 0.405062 0.012773 0.031014
